{"type": "list", "data": [{"type": "dict", "image_number": {"type": "int", "data": 5}, "Hcamera2end": {"type": "ndarray", "data": [[0.9999890393456248, 0.0031087127724639917, 0.0035010132123150174, -0.018053562223833697], [-0.003503421247527602, 0.0007695010283057524, 0.9999935669331727, 0.02636553247908464], [0.003105998740639992, -0.9999948718733839, 0.0007803837244504397, 0.03277159159925403], [0.0, 0.0, 0.0, 1.0]]}, "Hobj2base": {"type": "ndarray", "data": [[0.9999961295754818, 0.0025993357748202443, -0.000992112688178975, -0.7346069183543869], [0.0026022092175129754, -0.999992391606485, 0.002906068879250959, 0.08755483534548779], [-0.000984551290993303, -0.002908639316312708, -0.9999952852269272, -0.002986730856894726], [0.0, 0.0, 0.0, 1.0]]}, "mean_rme": {"type": "float", "data": 0.0017804990368163562}, "max_rme": {"type": "float", "data": 0.004469422127899136}, "simu": {"type": "float", "data": 0.002}}, {"type": "dict", "image_number": {"type": "int", "data": 6}, "Hcamera2end": {"type": "ndarray", "data": [[0.9999842786464935, 0.004127300696060439, 0.003795767223661807, -0.01816424860071331], [-0.0037959913975218057, 4.648258044159803e-05, 0.9999927941183776, 0.02620717062879811], [0.004127094518164892, -0.9999914815778853, 6.21490476097053e-05, 0.032275860326233925], [0.0, 0.0, 0.0, 1.0]]}, "Hobj2base": {"type": "ndarray", "data": [[0.9999923441106664, 0.003910310956867465, 0.00014556192922644072, -0.7344436457086897], [0.003909823143450813, -0.9999871951982706, 0.0032128993888345266, 0.0869658089816634], [0.00015812350101827006, -0.003212305669832671, -0.9999948280312465, -0.0031416624161735296], [0.0, 0.0, 0.0, 1.0]]}, "mean_rme": {"type": "float", "data": 0.001885566031635965}, "max_rme": {"type": "float", "data": 0.005181779530380126}, "simu": {"type": "float", "data": 0.002}}, {"type": "dict", "image_number": {"type": "int", "data": 7}, "Hcamera2end": {"type": "ndarray", "data": [[0.999987754257691, 0.0045735644435324005, 0.0018904610391636534, -0.0168699326161938], [-0.0018882169455684914, -0.0004949344442195525, 0.9999980948365164, 0.02614394645246567], [0.00457449138442817, -0.9999894187181066, -0.00048629250149589964, 0.03485455591369007], [0.0, 0.0, 0.0, 1.0]]}, "Hobj2base": {"type": "ndarray", "data": [[0.9999885123038601, 0.004762177178343093, 0.0005449117677270775, -0.7369519604545809], [0.004761436384151647, -0.9999877492644551, 0.0013527913989842756, 0.0870069080426475], [0.0005513473244844175, -0.0013501812958107355, -0.9999989365127329, -0.003412790257956338], [0.0, 0.0, 0.0, 1.0]]}, "mean_rme": {"type": "float", "data": 0.0018099981612946623}, "max_rme": {"type": "float", "data": 0.005418042311546578}, "simu": {"type": "float", "data": 0.002}}, {"type": "dict", "image_number": {"type": "int", "data": 8}, "Hcamera2end": {"type": "ndarray", "data": [[0.9999902893326321, 0.00395487032217563, 0.0019442842316348531, -0.016945090313952936], [-0.0019418694979020273, -0.000614320494492393, 0.9999979258744405, 0.026250223161858356], [0.003956056532928623, -0.9999919907734585, -0.0006066346869835204, 0.03479170324181416], [0.0, 0.0, 0.0, 1.0]]}, "Hobj2base": {"type": "ndarray", "data": [[0.9999906082963832, 0.004238420831337578, 0.0009050457922070818, -0.7369276483681684], [0.0042373745157679495, -0.999990355389645, 0.0011548960580274146, 0.0868345747614095], [0.0009099319989034353, -0.001151050193610428, -0.9999989235530253, -0.0035672377005379896], [0.0, 0.0, 0.0, 1.0]]}, "mean_rme": {"type": "float", "data": 0.0016536453604380416}, "max_rme": {"type": "float", "data": 0.005418755192397595}, "simu": {"type": "float", "data": 0.002}}, {"type": "dict", "image_number": {"type": "int", "data": 9}, "Hcamera2end": {"type": "ndarray", "data": [[0.9999894807583873, 0.004212639806070093, 0.001814397540571784, -0.016623395277946505], [-0.0018111927862925036, -0.0007644376616917636, 0.9999980676060088, 0.025605863303598993], [0.00421401865940354, -0.9999908346084604, -0.0007567997175592645, 0.03498519028812762], [0.0, 0.0, 0.0, 1.0]]}, "Hobj2base": {"type": "ndarray", "data": [[0.9999896732422827, 0.004479473208758412, 0.0007666345704927963, -0.737025144077941], [0.004478744786238705, -0.9999895198299644, 0.0009492499022394351, 0.0873975543207859], [0.0007708786755376405, -0.0009458065389801364, -0.9999992555977522, -0.0033350917860962125], [0.0, 0.0, 0.0, 1.0]]}, "mean_rme": {"type": "float", "data": 0.0016186438329263404}, "max_rme": {"type": "float", "data": 0.005424361292746149}, "simu": {"type": "float", "data": 0.002}}, {"type": "dict", "image_number": {"type": "int", "data": 10}, "Hcamera2end": {"type": "ndarray", "data": [[0.999991467722759, 0.003961187499083017, 0.0011719536165237137, -0.01753984273487535], [-0.0011764527658597345, 0.0011336690407994787, 0.9999986653758068, 0.024776477105583304], [0.003959853604854043, -0.9999915118580269, 0.0011383195180103556, 0.03292889758257601], [0.0, 0.0, 0.0, 1.0]]}, "Hobj2base": {"type": "ndarray", "data": [[0.9999929388423919, 0.0035973028259946665, -0.001087050014621998, -0.7361669142420499], [0.003598161152849766, -0.9999932155938713, 0.0007886713802538974, 0.08642515325916376], [-0.001084205549848249, -0.0007925771924547981, -0.9999990981594526, -0.0018364163095056618], [0.0, 0.0, 0.0, 1.0]]}, "mean_rme": {"type": "float", "data": 0.0016164933205111752}, "max_rme": {"type": "float", "data": 0.005839041582446969}, "simu": {"type": "float", "data": 0.002}}, {"type": "dict", "image_number": {"type": "int", "data": 11}, "Hcamera2end": {"type": "ndarray", "data": [[0.9999932223309392, 0.003502956485000506, 0.0011333966864491998, -0.017477207563616894], [-0.0011374187175650558, 0.0011464030494545696, 0.9999986960185043, 0.024493886042156774], [0.003501652587792483, -0.9999932075048872, 0.0011503796077869666, 0.03290847162428462], [0.0, 0.0, 0.0, 1.0]]}, "Hobj2base": {"type": "ndarray", "data": [[0.9999945458671992, 0.003190411134928373, -0.0008541151234742847, -0.7361545144488314], [0.003191345047774347, -0.9999943088887386, 0.001094306593246023, 0.08687487129654518], [-0.0008506189746699693, -0.0010970264008220677, -0.9999990364897537, -0.0017377029219899818], [0.0, 0.0, 0.0, 1.0]]}, "mean_rme": {"type": "float", "data": 0.0015804457605706403}, "max_rme": {"type": "float", "data": 0.005768257354882511}, "simu": {"type": "float", "data": 0.002}}, {"type": "dict", "image_number": {"type": "int", "data": 12}, "Hcamera2end": {"type": "ndarray", "data": [[0.9999905939632414, 0.004082767948510914, 0.0014638958030649069, -0.017100342634866435], [-0.0014686544543924425, 0.0011627909295932604, 0.9999982454841349, 0.023819192280788576], [0.0040810585804681, -0.9999909894209712, 0.001168776167672858, 0.03295614914825821], [0.0, 0.0, 0.0, 1.0]]}, "Hobj2base": {"type": "ndarray", "data": [[0.9999924187692328, 0.0037217732951646087, -0.001144905060949441, -0.7361792026194297], [0.00372343842206628, -0.9999920084359781, 0.0014557027496468413, 0.08758176217039974], [-0.0011394781157480144, -0.0014599546971219251, -0.9999982850594822, -0.00159413496949809], [0.0, 0.0, 0.0, 1.0]]}, "mean_rme": {"type": "float", "data": 0.0016983110497962894}, "max_rme": {"type": "float", "data": 0.0058268639605355554}, "simu": {"type": "float", "data": 0.002}}, {"type": "dict", "image_number": {"type": "int", "data": 13}, "Hcamera2end": {"type": "ndarray", "data": [[0.9999928589373731, 0.0036433206165349652, 0.0010041360187831021, -0.016625921887147087], [-0.001010017137405559, 0.001612738670461411, 0.9999981894680426, 0.0237913858174716], [0.003641694611198663, -0.999992062612932, 0.0016164069700533856, 0.03294416657737922], [0.0, 0.0, 0.0, 1.0]]}, "Hobj2base": {"type": "ndarray", "data": [[0.999993871412839, 0.0031473030146590125, -0.0015334994282336844, -0.7362706428105595], [0.003149018166266826, -0.999994417615651, 0.0011173281183253353, 0.08798240701753529], [-0.0015299742974953083, -0.0011221502882400424, -0.99999819997707, -0.0015937894466282422], [0.0, 0.0, 0.0, 1.0]]}, "mean_rme": {"type": "float", "data": 0.0016021852547613567}, "max_rme": {"type": "float", "data": 0.005732026767079346}, "simu": {"type": "float", "data": 0.002}}, {"type": "dict", "image_number": {"type": "int", "data": 14}, "Hcamera2end": {"type": "ndarray", "data": [[0.999993764454824, 0.003287230108364244, 0.0012904145398572775, -0.016123436221440187], [-0.0012956545929200894, 0.0015924328529473009, 0.999997892716172, 0.02357846532368659], [0.0032851682827302084, -0.9999933291156614, 0.0015966820380481916, 0.03285392085680824], [0.0, 0.0, 0.0, 1.0]]}, "Hobj2base": {"type": "ndarray", "data": [[0.9999950444799534, 0.0028501784180882984, -0.0013369736426546777, -0.7362882414018707], [0.0028521671726309678, -0.9999948255393252, 0.0014879640433748359, 0.08855503631584216], [-0.001332725761533822, -0.0014917699420734427, -0.9999979992302408, -0.0020266310224212247], [0.0, 0.0, 0.0, 1.0]]}, "mean_rme": {"type": "float", "data": 0.001712681476847435}, "max_rme": {"type": "float", "data": 0.006730273573120615}, "simu": {"type": "float", "data": 0.002}}, {"type": "dict", "image_number": {"type": "int", "data": 15}, "Hcamera2end": {"type": "ndarray", "data": [[0.9999947049403889, 0.0029662548103931816, 0.0013384407287652714, -0.015806914323418738], [-0.0013442465772798627, 0.0019561707090929303, 0.9999971831946808, 0.023282830716874377], [0.0029636282364813864, -0.9999936873443533, 0.0019601477289287184, 0.03235135541618312], [0.0, 0.0, 0.0, 1.0]]}, "Hobj2base": {"type": "ndarray", "data": [[0.9999957259917792, 0.0024723079002874648, -0.0015606703112923887, -0.7357862965233549], [0.0024747784374305666, -0.9999956846931937, 0.001583056119508422, 0.08887223597484312], [-0.0015567497743703119, -0.0015869116667478777, -0.9999975291176988, -0.0019184646558869534], [0.0, 0.0, 0.0, 1.0]]}, "mean_rme": {"type": "float", "data": 0.001768774407864098}, "max_rme": {"type": "float", "data": 0.006456689205074917}, "simu": {"type": "float", "data": 0.002}}, {"type": "dict", "image_number": {"type": "int", "data": 16}, "Hcamera2end": {"type": "ndarray", "data": [[0.999993462423293, 0.003436642466320631, 0.0011245440110237814, -0.01570830578518409], [-0.0011309428363200486, 0.001860565164634398, 0.999997629629975, 0.023258275731024555], [0.0034345420327933337, -0.9999923638637579, 0.001864439647225269, 0.03220080423792726], [0.0, 0.0, 0.0, 1.0]]}, "Hobj2base": {"type": "ndarray", "data": [[0.9999943292478878, 0.0029261990762553805, -0.0016669826133031422, -0.7358981453441689], [0.002928994799689488, -0.999994304061048, 0.0016771508350773303, 0.08888907623802828], [-0.0016620654410475985, -0.0016820239077762274, -0.9999972041631133, -0.0019709509836625116], [0.0, 0.0, 0.0, 1.0]]}, "mean_rme": {"type": "float", "data": 0.0017720219104857692}, "max_rme": {"type": "float", "data": 0.006374323663401071}, "simu": {"type": "float", "data": 0.002}}, {"type": "dict", "image_number": {"type": "int", "data": 17}, "Hcamera2end": {"type": "ndarray", "data": [[0.9999952855839457, 0.002973338746918802, 0.0007668549921684615, -0.01587118237162869], [-0.0007723106579461793, 0.0018341480195458448, 0.9999980197166841, 0.02311327392842301], [0.002971926333300525, -0.9999938975602493, 0.0018364357138128673, 0.032333303689479266], [0.0, 0.0, 0.0, 1.0]]}, "Hobj2base": {"type": "ndarray", "data": [[0.9999956787351896, 0.002542786486543117, -0.001475380571721479, -0.7357296001069625], [0.0025451860649593713, -0.9999954377294014, 0.0016268215261241456, 0.08870764354940833], [-0.0014712371808434288, -0.001630569614269189, -0.9999975883490375, -0.002042656620425184], [0.0, 0.0, 0.0, 1.0]]}, "mean_rme": {"type": "float", "data": 0.001804452388875794}, "max_rme": {"type": "float", "data": 0.006156528320068522}, "simu": {"type": "float", "data": 0.002}}, {"type": "dict", "image_number": {"type": "int", "data": 18}, "Hcamera2end": {"type": "ndarray", "data": [[0.9999952313415403, 0.00304096561583976, 0.0005383514675122735, -0.01600045680052952], [-0.0005420191238289134, 0.0012053874514966756, 0.999999126627799, 0.023186339546720933], [0.003040314037841493, -0.999994649770295, 0.0012070299649342697, 0.03224512145076293], [0.0, 0.0, 0.0, 1.0]]}, "Hobj2base": {"type": "ndarray", "data": [[0.9999954993294616, 0.0028777518095064476, -0.0008484487866561878, -0.7352181087417359], [0.002879142790848925, -0.9999945058527451, 0.0016428028225957047, 0.08858831100127487], [-0.0008437165463582286, -0.0016452382340889464, -0.9999982906653102, -0.002145462156173345], [0.0, 0.0, 0.0, 1.0]]}, "mean_rme": {"type": "float", "data": 0.001819746125138523}, "max_rme": {"type": "float", "data": 0.006230905184474889}, "simu": {"type": "float", "data": 0.002}}, {"type": "dict", "image_number": {"type": "int", "data": 19}, "Hcamera2end": {"type": "ndarray", "data": [[0.9999962897937752, 0.0026717987772624545, 0.0005309331199820279, -0.016046707907279134], [-0.0005344751257830163, 0.0013251614702181058, 0.9999989791411876, 0.022687792408269382], [0.0026710924776192652, -0.9999955527092965, 0.0013265845635833662, 0.03225546143871299], [0.0, 0.0, 0.0, 1.0]]}, "Hobj2base": {"type": "ndarray", "data": [[0.9999966880102248, 0.002490221611319254, -0.0006502037432575367, -0.7351630106936288], [0.002491215821474679, -0.9999957222229119, 0.0015327686088938554, 0.0888805552567254], [-0.0006463840283158417, -0.0015343833302322802, -0.9999986139267816, -0.001752673414135194], [0.0, 0.0, 0.0, 1.0]]}, "mean_rme": {"type": "float", "data": 0.0017688897827792564}, "max_rme": {"type": "float", "data": 0.006118470226947892}, "simu": {"type": "float", "data": 0.002}}, {"type": "dict", "image_number": {"type": "int", "data": 20}, "Hcamera2end": {"type": "ndarray", "data": [[0.9999956874187776, 0.002887392130935693, 0.0005367592835289188, -0.016032563634924564], [-0.000540779452965651, 0.0013917179946479896, 0.9999988853386821, 0.022417763267294194], [0.0028866418949176935, -0.9999948630306585, 0.0013932734350882159, 0.032280217214368793], [0.0, 0.0, 0.0, 1.0]]}, "Hobj2base": {"type": "ndarray", "data": [[0.999996225027711, 0.0026775118986014142, -0.0006171388501264188, -0.7351103118959582], [0.0026784860290693397, -0.9999951597764074, 0.001583078124882812, 0.08879813764224137], [-0.0006128971525206073, -0.0015847251465948187, -0.9999985565006031, -0.0015613321030665927], [0.0, 0.0, 0.0, 1.0]]}, "mean_rme": {"type": "float", "data": 0.0018007212006839817}, "max_rme": {"type": "float", "data": 0.0060163951792107095}, "simu": {"type": "float", "data": 0.002}}, {"type": "dict", "image_number": {"type": "int", "data": 21}, "Hcamera2end": {"type": "ndarray", "data": [[0.9999948995168108, 0.003152172048080097, 0.0005145403218095601, -0.015971436642463817], [-0.0005191642314128536, 0.0014662537425869093, 0.9999987902835001, 0.02224697829772239], [0.0031514137881729944, -0.9999939569374119, 0.001467882758962924, 0.0322575218103592], [0.0, 0.0, 0.0, 1.0]]}, "Hobj2base": {"type": "ndarray", "data": [[0.9999955735851909, 0.002918819562945199, -0.0005773234657973976, -0.7350887258940112], [0.002919726179946868, -0.999994495978769, 0.0015758208027364343, 0.08875770935357397], [-0.0005727207516100616, -0.001577499453937283, -0.9999985917422154, -0.0014042253877002313], [0.0, 0.0, 0.0, 1.0]]}, "mean_rme": {"type": "float", "data": 0.001784385738283691}, "max_rme": {"type": "float", "data": 0.005987939614256477}, "simu": {"type": "float", "data": 0.002}}, {"type": "dict", "image_number": {"type": "int", "data": 22}, "Hcamera2end": {"type": "ndarray", "data": [[0.9999947673784245, 0.0031932385055294522, 0.0005181154479200728, -0.016042618982259543], [-0.0005231104294747694, 0.001563600261464737, 0.9999986407539267, 0.022226498954442595], [0.0031924240396827156, -0.9999936791710582, 0.0015652624961023376, 0.032117670930396025], [0.0, 0.0, 0.0, 1.0]]}, "Hobj2base": {"type": "ndarray", "data": [[0.999995497592117, 0.002910930962531363, -0.0007288871144137174, -0.7351378934203573], [0.0029121291009130755, -0.9999944015184348, 0.0016481613658260916, 0.08875489191874529], [-0.0007240853498016129, -0.0016502765585085307, -0.9999983761425251, -0.0012086929392410546], [0.0, 0.0, 0.0, 1.0]]}, "mean_rme": {"type": "float", "data": 0.001787619922394926}, "max_rme": {"type": "float", "data": 0.006132794899276095}, "simu": {"type": "float", "data": 0.002}}, {"type": "dict", "image_number": {"type": "int", "data": 23}, "Hcamera2end": {"type": "ndarray", "data": [[0.9999949090809492, 0.0031413752912914546, 0.0005599763060016661, -0.01616355559443531], [-0.0005648860119979577, 0.0015622466082813036, 0.9999986201437121, 0.02214795987859946], [0.0031404961355602375, -0.9999938455544684, 0.001564013173970813, 0.03204330556396524], [0.0, 0.0, 0.0, 1.0]]}, "Hobj2base": {"type": "ndarray", "data": [[0.9999956325112641, 0.0028674753375316146, -0.0007159214939114185, -0.7351260697623717], [0.0028686837502486513, -0.9999944528132358, 0.0016926299945110058, 0.0886536183664893], [-0.0007110639477963566, -0.0016946763543246083, -0.9999983112286321, -0.0011288886993159476], [0.0, 0.0, 0.0, 1.0]]}, "mean_rme": {"type": "float", "data": 0.0017527046666158238}, "max_rme": {"type": "float", "data": 0.006127732395094676}, "simu": {"type": "float", "data": 0.002}}, {"type": "dict", "image_number": {"type": "int", "data": 24}, "Hcamera2end": {"type": "ndarray", "data": [[0.9999932804850256, 0.0036236557674319625, 0.0005550708749937239, -0.016249236786289912], [-0.0005604627791690805, 0.001487127764296159, 0.9999987371654456, 0.021850311222341746], [0.0036228257300448905, -0.999992328755522, 0.001489148695701048, 0.03208112224614675], [0.0, 0.0, 0.0, 1.0]]}, "Hobj2base": {"type": "ndarray", "data": [[0.9999940327810508, 0.003341350851448241, -0.0008773692370781918, -0.7350594619373846], [0.003342817365191796, -0.9999930093165843, 0.0016753775768437878, 0.08865803022574975], [-0.0008717650793747324, -0.0016783004646203543, -0.9999982116649995, -0.0008013696444240196], [0.0, 0.0, 0.0, 1.0]]}, "mean_rme": {"type": "float", "data": 0.0017495610227433783}, "max_rme": {"type": "float", "data": 0.006179152074942573}, "simu": {"type": "float", "data": 0.002}}, {"type": "dict", "image_number": {"type": "int", "data": 25}, "Hcamera2end": {"type": "ndarray", "data": [[0.9999932923920524, 0.003615091959369618, 0.0005884564796632017, -0.016249609106029947], [-0.0005934709546611921, 0.0013861786285505051, 0.9999988631498715, 0.02174307744207607], [0.0036142721437559186, -0.9999925047813782, 0.0013883147826839748, 0.03218509615705698], [0.0, 0.0, 0.0, 1.0]]}, "Hobj2base": {"type": "ndarray", "data": [[0.9999940655376732, 0.003359642209601017, -0.000762688441779679, -0.7350685631569936], [0.0033609125662051706, -0.9999929568170203, 0.0016705038390287638, 0.08861705528061066], [-0.0007570707748165252, -0.0016730572546547412, -0.9999983138602111, -0.0008753864368373931], [0.0, 0.0, 0.0, 1.0]]}, "mean_rme": {"type": "float", "data": 0.0017745431007420152}, "max_rme": {"type": "float", "data": 0.00601797298123552}, "simu": {"type": "float", "data": 0.002}}, {"type": "dict", "image_number": {"type": "int", "data": 26}, "Hcamera2end": {"type": "ndarray", "data": [[0.9999959363627139, 0.002773854633476335, 0.0006580186406168608, -0.016079459664314545], [-0.000662144168680927, 0.0014866347674441505, 0.9999986757402073, 0.021821746194188855], [0.002772872726783406, -0.9999950478115083, 0.0014884654179700973, 0.032320754206413546], [0.0, 0.0, 0.0, 1.0]]}, "Hobj2base": {"type": "ndarray", "data": [[0.9999967379505632, 0.002522580413245036, -0.00040084447277207336, -0.7349698235417839], [0.0025232835347495743, -0.9999952617458754, 0.0017633848137265126, 0.08890964047804903], [-0.00039639429347697666, -0.0017643905057362153, -0.9999983648975168, -0.0011342827875548945], [0.0, 0.0, 0.0, 1.0]]}, "mean_rme": {"type": "float", "data": 0.0017961889201068173}, "max_rme": {"type": "float", "data": 0.005793195789807304}, "simu": {"type": "float", "data": 0.002}}, {"type": "dict", "image_number": {"type": "int", "data": 27}, "Hcamera2end": {"type": "ndarray", "data": [[0.999995125441208, 0.003042868456491222, 0.000700032412929979, -0.01603671206687551], [-0.0007042217521073522, 0.0013759196906691917, 0.9999988054576509, 0.02229198610988354], [0.003041901633274931, -0.9999944238827342, 0.0013780558378236885, 0.03239597080116022], [0.0, 0.0, 0.0, 1.0]]}, "Hobj2base": {"type": "ndarray", "data": [[0.9999959464829578, 0.0027897962684863154, -0.0005692577920250931, -0.7350232603117511], [0.002790877454338837, -0.9999942863624469, 0.0019074185424163297, 0.08863643755607996], [-0.0005639332303603203, -0.001908999539400231, -0.999998018848073, -0.0015134082840235702], [0.0, 0.0, 0.0, 1.0]]}, "mean_rme": {"type": "float", "data": 0.0018094698128968056}, "max_rme": {"type": "float", "data": 0.005882814062590613}, "simu": {"type": "float", "data": 0.002}}, {"type": "dict", "image_number": {"type": "int", "data": 28}, "Hcamera2end": {"type": "ndarray", "data": [[0.9999952903280916, 0.0029817106051210126, 0.0007271337586092625, -0.015923326524343813], [-0.0007312062103493162, 0.0013649479372843665, 0.9999988011265845, 0.022038338406007135], [0.002980714530703492, -0.9999946231450424, 0.0013671217541393332, 0.03250168283053399], [0.0, 0.0, 0.0, 1.0]]}, "Hobj2base": {"type": "ndarray", "data": [[0.9999960756963039, 0.002751778530911125, -0.0005256490359007422, -0.7350771790821696], [0.0027528234571510043, -0.9999942157474857, 0.0019976072146643906, 0.08873482853297074], [-0.0005201490227674781, -0.0019990463944432714, -0.9999978666269775, -0.0012345211860028246], [0.0, 0.0, 0.0, 1.0]]}, "mean_rme": {"type": "float", "data": 0.0018034584524895167}, "max_rme": {"type": "float", "data": 0.00589158467537243}, "simu": {"type": "float", "data": 0.002}}, {"type": "dict", "image_number": {"type": "int", "data": 29}, "Hcamera2end": {"type": "ndarray", "data": [[0.999995588518795, 0.00285201378240127, 0.0008300363449344037, -0.015968597832474195], [-0.0008332138977503009, 0.0011131360901059928, 0.9999990333408555, 0.021940344894084966], [0.002851087082064421, -0.999995313461733, 0.001115507517047143, 0.0326694667528305], [0.0, 0.0, 0.0, 1.0]]}, "Hobj2base": {"type": "ndarray", "data": [[0.9999963928000433, 0.0026665576429782106, -0.0003222688912132542, -0.73509329146271], [0.002667268853024149, -0.999993963099971, 0.0022269801253751364, 0.08879405640136354], [-0.0003163285748340959, -0.002227831669988356, -0.9999974683479365, -0.001170983742657735], [0.0, 0.0, 0.0, 1.0]]}, "mean_rme": {"type": "float", "data": 0.0017428708264190615}, "max_rme": {"type": "float", "data": 0.005861471391480411}, "simu": {"type": "float", "data": 0.002}}, {"type": "dict", "image_number": {"type": "int", "data": 30}, "Hcamera2end": {"type": "ndarray", "data": [[0.9999958060918452, 0.002789487546954758, 0.0007788183011072315, -0.016089225796272817], [-0.0007815850676196707, 0.0009909020227842902, 0.9999992036186647, 0.021876520370376056], [0.0027887135928289916, -0.9999956184266043, 0.0009930780888451896, 0.032712884161370984], [0.0, 0.0, 0.0, 1.0]]}, "Hobj2base": {"type": "ndarray", "data": [[0.9999964448029377, 0.0026588282595761217, -0.0002025185700318724, -0.7350154075653375], [0.0026592769831765965, -0.9999939358981651, 0.0022486468871065193, 0.08866396564477987], [-0.00019653857604939363, -0.002249177445695664, -0.9999974512834549, -0.0011733183587015843], [0.0, 0.0, 0.0, 1.0]]}, "mean_rme": {"type": "float", "data": 0.0017321269708422925}, "max_rme": {"type": "float", "data": 0.005811868962408706}, "simu": {"type": "float", "data": 0.002}}]}