{"type": "list", "data": [{"type": "dict", "image_number": {"type": "int", "data": 5}, "Hcamera2end": {"type": "ndarray", "data": [[0.9999955489016085, 0.0023251106628119533, -0.001869769337764768, -0.02269928140039032], [0.0018677312788651789, 0.0008784053851353946, 0.9999978699896563, 0.019732981129276767], [0.0023267481257574453, -0.9999969111274221, 0.0008740587933547816, 0.02995640096034107], [0.0, 0.0, 0.0, 1.0]]}, "Hobj2base": {"type": "ndarray", "data": [[0.9999983748877387, 0.0017875350216203833, -0.00023439374589966186, -0.731349562136446], [0.0017881041335385496, -0.9999953983353165, 0.0024507125085156184, 0.08435706376698525], [-0.0002300119328613445, -0.002451127646258591, -0.9999969695292943, 0.00965034967838172], [0.0, 0.0, 0.0, 1.0]]}, "mean_rme": {"type": "float", "data": 0.0009659556874670105}, "max_rme": {"type": "float", "data": 0.003374933253277146}, "simu": {"type": "float", "data": 0.002}}, {"type": "dict", "image_number": {"type": "int", "data": 6}, "Hcamera2end": {"type": "ndarray", "data": [[0.9999963792460251, 0.0023320928698449418, -0.001342697913265239, -0.022674203791322484], [0.0013401387175087359, 0.0010985977935870084, 0.9999984985544258, 0.020109808207060757], [0.002333564453299391, -0.9999966772073469, 0.0010954684878868859, 0.03005427690559194], [0.0, 0.0, 0.0, 1.0]]}, "Hobj2base": {"type": "ndarray", "data": [[0.9999982912386681, 0.0018049187287009774, -0.00039973507052140026, -0.7316694675663693], [0.0018060412689267426, -0.9999943762847063, 0.0028258828525258677, 0.08496878903967926], [-0.0003946323336395318, -0.0028265999618005203, -0.9999959272906951, 0.009234865800390263], [0.0, 0.0, 0.0, 1.0]]}, "mean_rme": {"type": "float", "data": 0.0009906105354869255}, "max_rme": {"type": "float", "data": 0.003313422573414937}, "simu": {"type": "float", "data": 0.002}}, {"type": "dict", "image_number": {"type": "int", "data": 7}, "Hcamera2end": {"type": "ndarray", "data": [[0.9999930472117116, 0.0026312904830287456, -0.002642316905588315, -0.017137081645348412], [0.0026375395389090276, 0.0018174163398898546, 0.9999948701783564, 0.01995874755641325], [0.0026360791748972585, -0.9999948866410474, 0.0018104635710913808, 0.03299716541968142], [0.0, 0.0, 0.0, 1.0]]}, "Hobj2base": {"type": "ndarray", "data": [[0.9999975989634436, 0.001913003927127923, -0.0010688701149019957, -0.7355083217109145], [0.0019145657593538537, -0.999997098358681, 0.0014620917106784985, 0.08877161693742097], [-0.0010660700262399572, -0.0014641346222660403, -0.9999983599009079, 0.007111010416551457], [0.0, 0.0, 0.0, 1.0]]}, "mean_rme": {"type": "float", "data": 0.0013493937288538572}, "max_rme": {"type": "float", "data": 0.004254694510381463}, "simu": {"type": "float", "data": 0.002}}, {"type": "dict", "image_number": {"type": "int", "data": 8}, "Hcamera2end": {"type": "ndarray", "data": [[0.9999941974172428, 0.002477139848678313, -0.0023385700790106326, -0.01644892965758335], [0.0023345975058107872, 0.0016053729721071663, 0.999995986207998, 0.022891391331305758], [0.0024808841831524225, -0.9999956432684048, 0.0015995805322853718, 0.03285523378710958], [0.0, 0.0, 0.0, 1.0]]}, "Hobj2base": {"type": "ndarray", "data": [[0.9999979315682558, 0.0019208238933699146, -0.0006688010022852214, -0.7351281318164369], [0.0019219838600992233, -0.9999966424943574, 0.001738096100288517, 0.08767957606339298], [-0.0006654601802636752, -0.001739377929887379, -0.9999982658620792, 0.004151145876789171], [0.0, 0.0, 0.0, 1.0]]}, "mean_rme": {"type": "float", "data": 0.001540322230589784}, "max_rme": {"type": "float", "data": 0.00418153699528423}, "simu": {"type": "float", "data": 0.002}}, {"type": "dict", "image_number": {"type": "int", "data": 9}, "Hcamera2end": {"type": "ndarray", "data": [[0.9999940738943408, 0.0030243353304906084, -0.0016448623068129808, -0.01629332877639543], [0.0016421427766681283, 0.000901479234354019, 0.999998245349606, 0.021544962224613832], [0.003025812833052393, -0.9999950203531008, 0.0008965075016756918, 0.03343140013401105], [0.0, 0.0, 0.0, 1.0]]}, "Hobj2base": {"type": "ndarray", "data": [[0.9999963566870504, 0.002657628220495279, -0.0004728899099571925, -0.7349168364695757], [0.0026581900927933537, -0.9999957571289739, 0.0011915324087023254, 0.08857639733704599], [-0.00046972125339129296, -0.0011927850988505012, -0.9999991783124886, 0.004690667712932552], [0.0, 0.0, 0.0, 1.0]]}, "mean_rme": {"type": "float", "data": 0.001642686057674182}, "max_rme": {"type": "float", "data": 0.005099222383430607}, "simu": {"type": "float", "data": 0.002}}, {"type": "dict", "image_number": {"type": "int", "data": 10}, "Hcamera2end": {"type": "ndarray", "data": [[0.9999946823129224, 0.0027941520177994115, -0.0016816837927582256, -0.016220537177490505], [0.001678475510281287, 0.0011501617832514466, 0.999997929921774, 0.02175422200755978], [0.002796080442116104, -0.9999954349107667, 0.0011454657513171318, 0.03384263286358504], [0.0, 0.0, 0.0, 1.0]]}, "Hobj2base": {"type": "ndarray", "data": [[0.9999968183355761, 0.002424308353139764, -0.0006971712369761258, -0.7354320201762234], [0.0024251909563091627, -0.9999962553927371, 0.001267931121357897, 0.08885310790051533], [-0.0006940947703349348, -0.0012696178606054697, -0.9999989531509206, 0.00458812679135821], [0.0, 0.0, 0.0, 1.0]]}, "mean_rme": {"type": "float", "data": 0.0015439144426443979}, "max_rme": {"type": "float", "data": 0.005170118565065662}, "simu": {"type": "float", "data": 0.002}}, {"type": "dict", "image_number": {"type": "int", "data": 11}, "Hcamera2end": {"type": "ndarray", "data": [[0.9999953135891781, 0.002561929655070343, -0.0016761014658093092, -0.01612560690032679], [0.0016721909859215005, 0.0015277613168650506, 0.9999974348580428, 0.02231836730881704], [0.002564483766339698, -0.9999955512210049, 0.0015234701214720259, 0.03261990779888297], [0.0, 0.0, 0.0, 1.0]]}, "Hobj2base": {"type": "ndarray", "data": [[0.9999973244747222, 0.002100217580097461, -0.0009696027605884699, -0.7344785757149771], [0.0021012981943279397, -0.9999971708554944, 0.001114821468139431, 0.08929599748601351], [-0.0009672586497960907, -0.001116855909936453, -0.9999989085211949, 0.0040420328792442764], [0.0, 0.0, 0.0, 1.0]]}, "mean_rme": {"type": "float", "data": 0.0015522962598667255}, "max_rme": {"type": "float", "data": 0.005208440059213337}, "simu": {"type": "float", "data": 0.002}}, {"type": "dict", "image_number": {"type": "int", "data": 12}, "Hcamera2end": {"type": "ndarray", "data": [[0.9999943348085907, 0.0028779158238217174, -0.0017458382614558366, -0.01570998921342189], [0.0017416718308004436, 0.001449596023073707, 0.9999974326220062, 0.02227354883761958], [0.0028804391953246994, -0.9999948081224628, 0.0014445754259130306, 0.03293315133216562], [0.0, 0.0, 0.0, 1.0]]}, "Hobj2base": {"type": "ndarray", "data": [[0.9999965336118156, 0.0024520964121758156, -0.0009591598085341168, -0.7349160309420312], [0.0024531582468066576, -0.9999963777877929, 0.0011074411544227016, 0.08951473929596719], [-0.0009564407817722938, -0.00110979028639608, -0.9999989267927001, 0.004073814552627873], [0.0, 0.0, 0.0, 1.0]]}, "mean_rme": {"type": "float", "data": 0.0015438096716669425}, "max_rme": {"type": "float", "data": 0.005303482275006174}, "simu": {"type": "float", "data": 0.002}}, {"type": "dict", "image_number": {"type": "int", "data": 13}, "Hcamera2end": {"type": "ndarray", "data": [[0.9999941804358262, 0.002884552260511464, -0.0018216620807708255, -0.015819618054828], [0.0018175474852401836, 0.0014284038465569582, 0.9999973280882252, 0.022320980448685097], [0.002887146622365614, -0.9999948194969347, 0.0014231527231619578, 0.03263100499641609], [0.0, 0.0, 0.0, 1.0]]}, "Hobj2base": {"type": "ndarray", "data": [[0.9999964318077356, 0.0024987237879481516, -0.0009448551361780737, -0.7345617715727423], [0.0024997287926246947, -0.9999963096451578, 0.0010639793366620468, 0.08946033027910506], [-0.000942193058848944, -0.0010663374217679718, -0.9999989875978588, 0.003991851708174663], [0.0, 0.0, 0.0, 1.0]]}, "mean_rme": {"type": "float", "data": 0.0015192944159619331}, "max_rme": {"type": "float", "data": 0.005204742197634976}, "simu": {"type": "float", "data": 0.002}}, {"type": "dict", "image_number": {"type": "int", "data": 14}, "Hcamera2end": {"type": "ndarray", "data": [[0.9999936428466771, 0.0031586221927136157, -0.0016545005518350088, -0.01588488808706527], [0.0016496652216411356, 0.0015328273275544424, 0.9999974645193058, 0.022222236508157422], [0.003161150247747333, -0.9999938367541209, 0.0015276069139564807, 0.03238028278952347], [0.0, 0.0, 0.0, 1.0]]}, "Hobj2base": {"type": "ndarray", "data": [[0.9999956640999438, 0.00278681139701255, -0.0009515584847729607, -0.7345321038820263], [0.002787984537895039, -0.9999953524661689, 0.0012337699460525425, 0.08930185232646572], [-0.0009481157782257594, -0.0012364175268918139, -0.9999987861733488, 0.004150523364325337], [0.0, 0.0, 0.0, 1.0]]}, "mean_rme": {"type": "float", "data": 0.0015022202318536793}, "max_rme": {"type": "float", "data": 0.005213798315219646}, "simu": {"type": "float", "data": 0.002}}, {"type": "dict", "image_number": {"type": "int", "data": 15}, "Hcamera2end": {"type": "ndarray", "data": [[0.9999937370906465, 0.0030604998211721125, -0.001777391438999112, -0.01621316512187569], [0.0017733303203733702, 0.001329148956255688, 0.9999975443282983, 0.02200220526239266], [0.003062854723565312, -0.9999944333364544, 0.0013237133547878699, 0.032959347690532326], [0.0, 0.0, 0.0, 1.0]]}, "Hobj2base": {"type": "ndarray", "data": [[0.9999957596452056, 0.0028095849185165124, -0.0007661097791905483, -0.7349900064638292], [0.002810473084090561, -0.9999953769774033, 0.001160717392928941, 0.08891439966765513], [-0.000762845103365894, -0.0011628656019892526, -0.999999032905003, 0.004308842948533257], [0.0, 0.0, 0.0, 1.0]]}, "mean_rme": {"type": "float", "data": 0.0015081244877497941}, "max_rme": {"type": "float", "data": 0.005612219177539273}, "simu": {"type": "float", "data": 0.002}}, {"type": "dict", "image_number": {"type": "int", "data": 16}, "Hcamera2end": {"type": "ndarray", "data": [[0.9999935121649038, 0.0031175071309493593, -0.001804654368227263, -0.01578161506230993], [0.0018001315949578815, 0.0014529632674696868, 0.9999973242084121, 0.02204317595303627], [0.0031201208856575157, -0.9999940850060223, 0.001447341917799605, 0.03257958480941006], [0.0, 0.0, 0.0, 1.0]]}, "Hobj2base": {"type": "ndarray", "data": [[0.9999955755983363, 0.002830561001891277, -0.0009147175337951488, -0.7347364040339878], [0.0028316130331706396, -0.9999953287164012, 0.0011508748878618009, 0.08928973937152428], [-0.000911455639314498, -0.0011534599220193963, -0.9999989193888295, 0.00410790733059602], [0.0, 0.0, 0.0, 1.0]]}, "mean_rme": {"type": "float", "data": 0.0015119986704160563}, "max_rme": {"type": "float", "data": 0.005397516712203933}, "simu": {"type": "float", "data": 0.002}}, {"type": "dict", "image_number": {"type": "int", "data": 17}, "Hcamera2end": {"type": "ndarray", "data": [[0.999993719740593, 0.0029811546513660516, -0.0019165584564464402, -0.01577299794364896], [0.001911954778290839, 0.0015463442127539029, 0.9999969766196806, 0.02218424054358735], [0.0029841092972792797, -0.9999943607523598, 0.0015406346684305738, 0.033175879131604], [0.0, 0.0, 0.0, 1.0]]}, "Hobj2base": {"type": "ndarray", "data": [[0.9999959372541297, 0.002670992365861403, -0.0009956279506831368, -0.735269019249643], [0.0026721032331460683, -0.9999958070948918, 0.0011160900264626798, 0.08947517791299897], [-0.0009926427081693209, -0.0011187459127385648, -0.9999988815333927, 0.0037438040871238744], [0.0, 0.0, 0.0, 1.0]]}, "mean_rme": {"type": "float", "data": 0.0015465746213911683}, "max_rme": {"type": "float", "data": 0.0053976404457090395}, "simu": {"type": "float", "data": 0.002}}, {"type": "dict", "image_number": {"type": "int", "data": 18}, "Hcamera2end": {"type": "ndarray", "data": [[0.999993702630509, 0.002948035859958345, -0.0019757995580219736, -0.015717965540077143], [0.0019711142510238124, 0.001591357768485735, 0.9999967911393826, 0.021963771324732227], [0.0029511706040978043, -0.999994388316765, 0.001585536831621881, 0.032693865971163354], [0.0, 0.0, 0.0, 1.0]]}, "Hobj2base": {"type": "ndarray", "data": [[0.9999960283622514, 0.0026182331486491995, -0.001043127462309103, -0.7348659992520378], [0.002619373024510672, -0.9999959722356293, 0.001092884933119517, 0.08934025026805349], [-0.0010402618332779234, -0.0010956129325123602, -0.999998858743159, 0.004005124342940595], [0.0, 0.0, 0.0, 1.0]]}, "mean_rme": {"type": "float", "data": 0.0015272956867875814}, "max_rme": {"type": "float", "data": 0.005464351349082729}, "simu": {"type": "float", "data": 0.002}}, {"type": "dict", "image_number": {"type": "int", "data": 19}, "Hcamera2end": {"type": "ndarray", "data": [[0.9999933292822332, 0.0031352513682862612, -0.0018739236624666976, -0.015759551147783407], [0.0018689143755403327, 0.0015998981750581232, 0.9999969737378639, 0.021857969342329735], [0.003138239967241537, -0.999993805243156, 0.0015940279862357576, 0.032509518834718934], [0.0, 0.0, 0.0, 1.0]]}, "Hobj2base": {"type": "ndarray", "data": [[0.9999956261551547, 0.0027859583661660327, -0.0009930289734591464, -0.7348358967212982], [0.002787103393953773, -0.9999954506745983, 0.0011535531104395434, 0.08917618896145336], [-0.000989810704908367, -0.00115631573939944, -0.9999988416036687, 0.0040991076099378835], [0.0, 0.0, 0.0, 1.0]]}, "mean_rme": {"type": "float", "data": 0.0015363496514606563}, "max_rme": {"type": "float", "data": 0.005600321221497678}, "simu": {"type": "float", "data": 0.002}}, {"type": "dict", "image_number": {"type": "int", "data": 20}, "Hcamera2end": {"type": "ndarray", "data": [[0.9999929652894151, 0.0032873469829244337, -0.0018063005000578114, -0.015600305135008985], [0.0018012066007234628, 0.001551848707199932, 0.9999971737061918, 0.021911277123817248], [0.0032901407970118398, -0.9999933925358727, 0.0015459165993089163, 0.032614123369529416], [0.0, 0.0, 0.0, 1.0]]}, "Hobj2base": {"type": "ndarray", "data": [[0.9999951505262944, 0.0029614373308683856, -0.0009637493601490158, -0.7349584516540261], [0.002962645592472694, -0.9999948242085663, 0.001254706010066938, 0.08934402571315989], [-0.0009600286387658562, -0.0012575551731972277, -0.9999987484492163, 0.004163058664291094], [0.0, 0.0, 0.0, 1.0]]}, "mean_rme": {"type": "float", "data": 0.0015544693913584408}, "max_rme": {"type": "float", "data": 0.005575475467613687}, "simu": {"type": "float", "data": 0.002}}, {"type": "dict", "image_number": {"type": "int", "data": 21}, "Hcamera2end": {"type": "ndarray", "data": [[0.9999926850958751, 0.003357597038344945, -0.0018320198880189763, -0.01578150217694874], [0.0018268041323921589, 0.0015558282429318782, 0.9999971210884262, 0.021957677710031945], [0.0033604376804033643, -0.9999931529468624, 0.0015496831900528862, 0.03256947367045047], [0.0, 0.0, 0.0, 1.0]]}, "Hobj2base": {"type": "ndarray", "data": [[0.9999949196142627, 0.0030358293076921125, -0.000971846736335011, -0.7348611937028922], [0.003037017040224523, -0.9999946403777709, 0.0012230058178511083, 0.0892192970241139], [-0.0009681286906983291, -0.0012259511196085306, -0.9999987798846011, 0.004340540849714507], [0.0, 0.0, 0.0, 1.0]]}, "mean_rme": {"type": "float", "data": 0.001579251102312221}, "max_rme": {"type": "float", "data": 0.005507675752878411}, "simu": {"type": "float", "data": 0.002}}, {"type": "dict", "image_number": {"type": "int", "data": 22}, "Hcamera2end": {"type": "ndarray", "data": [[0.9999924976048251, 0.0033738891432589613, -0.0019030517893202207, -0.015441494043590196], [0.0018976516423548852, 0.0016030497551414724, 0.9999969145701033, 0.021901229472152416], [0.0033769294200654224, -0.9999930235274301, 0.0015966352621549218, 0.03253415312506], [0.0, 0.0, 0.0, 1.0]]}, "Hobj2base": {"type": "ndarray", "data": [[0.9999948598333261, 0.003034479074526511, -0.0010354919954988545, -0.7349327358830088], [0.003035668745303305, -0.9999947319409133, 0.0011492631075004896, 0.08943390289006534], [-0.0010319991256150026, -0.0011524006107833124, -0.9999988034746028, 0.004143310632886719], [0.0, 0.0, 0.0, 1.0]]}, "mean_rme": {"type": "float", "data": 0.0016150460761080834}, "max_rme": {"type": "float", "data": 0.005544648710890675}, "simu": {"type": "float", "data": 0.002}}, {"type": "dict", "image_number": {"type": "int", "data": 23}, "Hcamera2end": {"type": "ndarray", "data": [[0.9999911421974219, 0.0037775719375619217, -0.0018561995991867968, -0.015477925793426668], [0.0018510510860447072, 0.0013659561622482164, 0.9999973538833189, 0.02142155611681354], [0.0037800974289466755, -0.9999919320244637, 0.0013589515842405975, 0.03259116520399323], [0.0, 0.0, 0.0, 1.0]]}, "Hobj2base": {"type": "ndarray", "data": [[0.9999933335267235, 0.00346585041322356, -0.0011492532463420937, -0.7350102983620961], [0.0034669405891689705, -0.9999935408231428, 0.0009479635779756151, 0.08952146289887328], [-0.0011459603231536736, -0.000951941651128733, -0.9999988902904, 0.004552114332835984], [0.0, 0.0, 0.0, 1.0]]}, "mean_rme": {"type": "float", "data": 0.001575539438235572}, "max_rme": {"type": "float", "data": 0.005613648793028919}, "simu": {"type": "float", "data": 0.002}}, {"type": "dict", "image_number": {"type": "int", "data": 24}, "Hcamera2end": {"type": "ndarray", "data": [[0.9999918768604956, 0.003506770775121526, -0.0019871516686302965, -0.01518517529075052], [0.001982264807143819, 0.0013964762047316004, 0.9999970602359008, 0.02149218693792817], [0.0035095354760631328, -0.9999928761810958, 0.0013895135126662517, 0.0329158603207527], [0.0, 0.0, 0.0, 1.0]]}, "Hobj2base": {"type": "ndarray", "data": [[0.999994223188521, 0.003212457845252325, -0.0011107223679943836, -0.7351050332037609], [0.0032133984540153445, -0.9999944790780284, 0.0008460991892522778, 0.08986925079371959], [-0.001107998177804483, -0.0008496634950369225, -0.9999990252055162, 0.004314273411921673], [0.0, 0.0, 0.0, 1.0]]}, "mean_rme": {"type": "float", "data": 0.0016119779774134621}, "max_rme": {"type": "float", "data": 0.005681690133605893}, "simu": {"type": "float", "data": 0.002}}, {"type": "dict", "image_number": {"type": "int", "data": 25}, "Hcamera2end": {"type": "ndarray", "data": [[0.9999913508075092, 0.0036412257950739157, -0.002009921611005468, -0.01505260537573859], [0.0020052306823263697, 0.0012914758601829668, 0.999997155565961, 0.021480384369719864], [0.0036438112030887943, -0.9999925367545557, 0.0012841631922740904, 0.03290662824142678], [0.0, 0.0, 0.0, 1.0]]}, "Hobj2base": {"type": "ndarray", "data": [[0.9999936897509946, 0.0033861887832830227, -0.0010743294260260443, -0.7350848055697599], [0.0033871026054322845, -0.9999939025660445, 0.0008499215685260114, 0.08995982666661813], [-0.0010714448804913094, -0.0008535550693072643, -0.9999990617243657, 0.004267266195472435], [0.0, 0.0, 0.0, 1.0]]}, "mean_rme": {"type": "float", "data": 0.0015780390810118529}, "max_rme": {"type": "float", "data": 0.005714842392344849}, "simu": {"type": "float", "data": 0.002}}, {"type": "dict", "image_number": {"type": "int", "data": 26}, "Hcamera2end": {"type": "ndarray", "data": [[0.9999913486238298, 0.0036554446649859885, -0.0019850445323329083, -0.015109634480038846], [0.00198061973406378, 0.001213690318210503, 0.9999973020470009, 0.021453185686679966], [0.0036578440320982008, -0.9999925823125454, 0.0012064397722787445, 0.03276156082987875], [0.0, 0.0, 0.0, 1.0]]}, "Hobj2base": {"type": "ndarray", "data": [[0.9999935409261141, 0.003442847716697976, -0.0010319426591486268, -0.7349045536635944], [0.0034437738928712247, -0.999993667815934, 0.0008970782634828777, 0.0899313200182271], [-0.0010288476208466318, -0.0009006262463766085, -0.9999990651720321, 0.004264237355721566], [0.0, 0.0, 0.0, 1.0]]}, "mean_rme": {"type": "float", "data": 0.0015551410341131853}, "max_rme": {"type": "float", "data": 0.0057578103838279715}, "simu": {"type": "float", "data": 0.002}}, {"type": "dict", "image_number": {"type": "int", "data": 27}, "Hcamera2end": {"type": "ndarray", "data": [[0.9999901920271655, 0.003986942272127727, -0.0019287666503064451, -0.015279387632825263], [0.0019248798699863566, 0.0009784849363008163, 0.9999976686996402, 0.02087681111747846], [0.003988820246480737, -0.9999915733937702, 0.0009708009544248108, 0.03284443186579015], [0.0, 0.0, 0.0, 1.0]]}, "Hobj2base": {"type": "ndarray", "data": [[0.9999921097530764, 0.0038290820880945973, -0.0010576208932979061, -0.7349232039188185], [0.003829769827186498, -0.999992455794795, 0.0006490119925519717, 0.09001874349880147], [-0.0010551277941932185, -0.0006530573162728485, -0.9999992301104437, 0.0048875289134169934], [0.0, 0.0, 0.0, 1.0]]}, "mean_rme": {"type": "float", "data": 0.0015490725535783965}, "max_rme": {"type": "float", "data": 0.006340164099880946}, "simu": {"type": "float", "data": 0.002}}, {"type": "dict", "image_number": {"type": "int", "data": 28}, "Hcamera2end": {"type": "ndarray", "data": [[0.999990212616684, 0.00399154048822599, -0.0019084746186585327, -0.015373192920873073], [0.0019044571776689464, 0.001010047664943059, 0.9999976764205872, 0.02109524232771347], [0.003993458863896865, -0.9999915236681988, 0.0010024360612865824, 0.032942500585632174], [0.0, 0.0, 0.0, 1.0]]}, "Hobj2base": {"type": "ndarray", "data": [[0.9999922290180282, 0.003808661291315885, -0.0010178421898561988, -0.7350426648778079], [0.0038093611591456834, -0.999992508681826, 0.000686547731486425, 0.09005608310349235], [-0.0010152197371069503, -0.0006904197248405588, -0.9999992463244605, 0.0047204706102137355], [0.0, 0.0, 0.0, 1.0]]}, "mean_rme": {"type": "float", "data": 0.001545492507708279}, "max_rme": {"type": "float", "data": 0.00632777138806262}, "simu": {"type": "float", "data": 0.002}}, {"type": "dict", "image_number": {"type": "int", "data": 29}, "Hcamera2end": {"type": "ndarray", "data": [[0.9999901000339475, 0.00404209717876928, -0.0018604527656132395, -0.015496435672620261], [0.0018562270627316012, 0.001048923524848977, 0.9999977270876823, 0.021146695063837078], [0.004044039464109536, -0.999991280566904, 0.0010414100903681778, 0.03288694695517983], [0.0, 0.0, 0.0, 1.0]]}, "Hobj2base": {"type": "ndarray", "data": [[0.9999920436528162, 0.003857514280535031, -0.0010159796452710525, -0.735139324733847], [0.0038582681588823476, -0.9999922822320824, 0.0007411093615681814, 0.08995055415438552], [-0.0010131129642302534, -0.0007450233869602215, -0.999999209270825, 0.004662548945221569], [0.0, 0.0, 0.0, 1.0]]}, "mean_rme": {"type": "float", "data": 0.0015365310682198831}, "max_rme": {"type": "float", "data": 0.006281955739351391}, "simu": {"type": "float", "data": 0.002}}, {"type": "dict", "image_number": {"type": "int", "data": 30}, "Hcamera2end": {"type": "ndarray", "data": [[0.9999916670977425, 0.0035374848712316953, -0.0020376299624049157, -0.015004347603668063], [0.0020336953219817606, 0.0011155116222405503, 0.9999973098549606, 0.021017694816066287], [0.003539748354789205, -0.9999931208936421, 0.0011083081603570077, 0.03264879694113659], [0.0, 0.0, 0.0, 1.0]]}, "Hobj2base": {"type": "ndarray", "data": [[0.9999938966746832, 0.0033623232608964225, -0.0009494185969750713, -0.7347304459357318], [0.00336291072701058, -0.9999941545311131, 0.0006178471054350152, 0.0903695933417815], [-0.0009473356454839206, -0.0006210361444973255, -0.9999993584344349, 0.004706055540719275], [0.0, 0.0, 0.0, 1.0]]}, "mean_rme": {"type": "float", "data": 0.0015495665488348327}, "max_rme": {"type": "float", "data": 0.006356123229818572}, "simu": {"type": "float", "data": 0.002}}]}