{"type": "list", "data": [{"type": "dict", "image_number": {"type": "int", "data": 5}, "Hcamera2end": {"type": "ndarray", "data": [[0.9999732032989147, -0.007239811741100758, 0.0010852695797802865, -0.01151790378975999], [-0.0010753588896238058, 0.0013726677762667672, 0.9999984796920617, 0.03241356068701099], [-0.007241290448938223, -0.9999728500860058, 0.0013648455973835905, 0.0321639393435611], [0.0, 0.0, 0.0, 1.0]]}, "Hobj2base": {"type": "ndarray", "data": [[0.99997704709575, -0.006625559942106881, -0.0014167699593653734, -0.7340429768137562], [-0.00662950535489916, -0.999974108772999, -0.0027984714391388753, 0.09566110032267508], [-0.0013981918371864584, 0.0028077996901241594, -0.9999950806481432, 0.005589046675531795], [0.0, 0.0, 0.0, 1.0]]}, "mean_rme": {"type": "float", "data": 0.00173344914946878}, "max_rme": {"type": "float", "data": 0.005308816119628079}, "simu": {"type": "float", "data": 0.002}}, {"type": "dict", "image_number": {"type": "int", "data": 6}, "Hcamera2end": {"type": "ndarray", "data": [[0.9999729957593406, -0.007195893088307403, 0.0014922716748205543, -0.013734771272256384], [-0.0015033441433206832, -0.0015335570945065324, 0.9999976940768537, 0.03272573741601952], [-0.007193588011317121, -0.9999729332963466, -0.0015443335856919482, 0.03277432829228379], [0.0, 0.0, 0.0, 1.0]]}, "Hobj2base": {"type": "ndarray", "data": [[0.9999750625342257, -0.006921733353461601, 0.0014013982499414147, -0.7327647309500919], [-0.006918730451341972, -0.9999737831015545, -0.0021364172127311797, 0.0938342027871326], [0.0014161492199040852, 0.0021266680391537306, -0.999996735896892, 0.00470416957658933], [0.0, 0.0, 0.0, 1.0]]}, "mean_rme": {"type": "float", "data": 0.0014722782133894169}, "max_rme": {"type": "float", "data": 0.004662157628406272}, "simu": {"type": "float", "data": 0.002}}, {"type": "dict", "image_number": {"type": "int", "data": 7}, "Hcamera2end": {"type": "ndarray", "data": [[0.9999699824269245, -0.007388967013923362, 0.0023318258004113466, -0.015061477445661657], [-0.002352490172826597, -0.002789196262978244, 0.9999933430649393, 0.03287777620485274], [-0.0073824139062413615, -0.9999688112889691, -0.0028064950103632302, 0.03335091988739789], [0.0, 0.0, 0.0, 1.0]]}, "Hobj2base": {"type": "ndarray", "data": [[0.9999707812385057, -0.007237271207869047, 0.002461417217022317, -0.7325702804247063], [-0.007234412340524811, -0.999973148700265, -0.0011683991460737647, 0.0931028456044395], [0.0024698071462700287, 0.001150558099807779, -0.9999962881274704, 0.004202258120050658], [0.0, 0.0, 0.0, 1.0]]}, "mean_rme": {"type": "float", "data": 0.0013554571905968437}, "max_rme": {"type": "float", "data": 0.004773382300629347}, "simu": {"type": "float", "data": 0.002}}, {"type": "dict", "image_number": {"type": "int", "data": 8}, "Hcamera2end": {"type": "ndarray", "data": [[0.9999712346173941, -0.007244052272308319, 0.0022480312365461335, -0.015911066866825516], [-0.002270036336255894, -0.0030308890847110526, 0.9999928302974919, 0.03305180849274744], [-0.007237186801271636, -0.9999691682337173, -0.003047246161906658, 0.03378901806625744], [0.0, 0.0, 0.0, 1.0]]}, "Hobj2base": {"type": "ndarray", "data": [[0.9999707372992426, -0.007148533038250948, 0.002724522088426436, -0.7328063913278126], [-0.0071452164332108815, -0.999973722145842, -0.0012251122044312378, 0.09218632910546606], [0.0027332082489012863, 0.0012056090543405347, -0.9999955380297838, 0.0039183949555972875], [0.0, 0.0, 0.0, 1.0]]}, "mean_rme": {"type": "float", "data": 0.0013650733015088232}, "max_rme": {"type": "float", "data": 0.004715163114416776}, "simu": {"type": "float", "data": 0.002}}, {"type": "dict", "image_number": {"type": "int", "data": 9}, "Hcamera2end": {"type": "ndarray", "data": [[0.9999715145997595, -0.0071965812734494025, 0.0022757871248447244, -0.016148100356732115], [-0.0022984362519765894, -0.0031405035961815653, 0.9999924271853052, 0.03318075473086133], [-0.007189379657423264, -0.9999691727524088, -0.00315695502096891, 0.03384252844284306], [0.0, 0.0, 0.0, 1.0]]}, "Hobj2base": {"type": "ndarray", "data": [[0.9999705319662312, -0.007135871341500686, 0.002830996179825068, -0.7327808621817592], [-0.007132561566581977, -0.9999738696894973, -0.001177498922007182, 0.09198945808581359], [0.002839324685828056, 0.001157271968881825, -0.999995299467412, 0.003738488715718074], [0.0, 0.0, 0.0, 1.0]]}, "mean_rme": {"type": "float", "data": 0.001250467685009202}, "max_rme": {"type": "float", "data": 0.004726242588192625}, "simu": {"type": "float", "data": 0.002}}, {"type": "dict", "image_number": {"type": "int", "data": 10}, "Hcamera2end": {"type": "ndarray", "data": [[0.9999746323481611, -0.006838593994949826, 0.0019920573114742034, -0.016404276838983003], [-0.0020078732950302267, -0.002306667670078033, 0.9999953238536125, 0.03311501342077298], [-0.006833967002485899, -0.9999739561190742, -0.0023203401855935724, 0.034686749074459754], [0.0, 0.0, 0.0, 1.0]]}, "Hobj2base": {"type": "ndarray", "data": [[0.9999750344738358, -0.006779017462602081, 0.001993828300680944, -0.7341406967148565], [-0.0067772445859228215, -0.9999766340516101, -0.0008945985888130272, 0.09240766819872501], [0.0019998462124473544, 0.0008810635926325021, -0.9999976121681855, 0.003982916430187888], [0.0, 0.0, 0.0, 1.0]]}, "mean_rme": {"type": "float", "data": 0.001281855091533954}, "max_rme": {"type": "float", "data": 0.005497771090199277}, "simu": {"type": "float", "data": 0.002}}, {"type": "dict", "image_number": {"type": "int", "data": 11}, "Hcamera2end": {"type": "ndarray", "data": [[0.9999763612223306, -0.006688200320997766, 0.001595297155160782, -0.016274650973514063], [-0.001604503791956838, -0.0013714095769645773, 0.9999977723991959, 0.032766177517669436], [-0.006685997616560659, -0.999976693334519, -0.0013821084012948237, 0.03441752137822527], [0.0, 0.0, 0.0, 1.0]]}, "Hobj2base": {"type": "ndarray", "data": [[0.9999775351743104, -0.006625416805876844, 0.0010163655145483804, -0.7344154246127856], [-0.006624763870968724, -0.9999778483495916, -0.000644448426720947, 0.09244274054374318], [0.0010206127398117329, 0.0006377007677588962, -0.9999992758434206, 0.004410646518490082], [0.0, 0.0, 0.0, 1.0]]}, "mean_rme": {"type": "float", "data": 0.0012381498223987962}, "max_rme": {"type": "float", "data": 0.0055797601053849954}, "simu": {"type": "float", "data": 0.002}}, {"type": "dict", "image_number": {"type": "int", "data": 12}, "Hcamera2end": {"type": "ndarray", "data": [[0.9999732817874154, -0.00714083912621344, 0.0015633706789947893, -0.01613052632107566], [-0.0015738905407337816, -0.0014678149835440912, 0.9999976841911884, 0.032794026948740805], [-0.007138527850487809, -0.9999734266148013, -0.0014790146653049785, 0.0346678444493153], [0.0, 0.0, 0.0, 1.0]]}, "Hobj2base": {"type": "ndarray", "data": [[0.999974123068724, -0.007092849429096674, 0.0012019483817963296, -0.7343850274934828], [-0.007092243937883681, -0.9999747210550756, -0.0005072738406444096, 0.09244603242711918], [0.0012055160147803944, 0.000498736202829653, -0.9999991489963072, 0.004528559800413658], [0.0, 0.0, 0.0, 1.0]]}, "mean_rme": {"type": "float", "data": 0.001333759783915678}, "max_rme": {"type": "float", "data": 0.005499387869937755}, "simu": {"type": "float", "data": 0.002}}, {"type": "dict", "image_number": {"type": "int", "data": 13}, "Hcamera2end": {"type": "ndarray", "data": [[0.999975697632781, -0.006853443825789524, 0.001278456710122848, -0.015910628717941078], [-0.0012845760844515386, -0.0008885628535273415, 0.9999987801594252, 0.032531472624242656], [-0.006852299476538211, -0.9999761200967661, -0.0008973450293814356, 0.034118749610635206], [0.0, 0.0, 0.0, 1.0]]}, "Hobj2base": {"type": "ndarray", "data": [[0.9999771440225619, -0.00673429483227393, 0.0006005877058905864, -0.7341849907021388], [-0.006734068369629937, -0.9999772543486614, -0.00037829684860526285, 0.09225864875798097], [0.0006031216076446579, 0.0003742438035875998, -0.999999748092919, 0.004909711741756435], [0.0, 0.0, 0.0, 1.0]]}, "mean_rme": {"type": "float", "data": 0.0013180164964130827}, "max_rme": {"type": "float", "data": 0.005221629455730625}, "simu": {"type": "float", "data": 0.002}}, {"type": "dict", "image_number": {"type": "int", "data": 14}, "Hcamera2end": {"type": "ndarray", "data": [[0.9999767455688884, -0.006702233576203387, 0.0012603120822789484, -0.015885250851744172], [-0.001265856518512751, -0.0008230742865296126, 0.9999988600773471, 0.03252957098144212], [-0.006701188605707582, -0.9999772010470085, -0.0008315392124664811, 0.034029478855218155], [0.0, 0.0, 0.0, 1.0]]}, "Hobj2base": {"type": "ndarray", "data": [[0.9999778745177142, -0.006623025241443966, 0.0006212983870533666, -0.7342416869915704], [-0.006622798359482019, -0.9999780018593245, -0.0003665232898084475, 0.09215700884893552], [0.0006237122126440253, 0.00036240044636536565, -0.999999739824462, 0.004936610450000632], [0.0, 0.0, 0.0, 1.0]]}, "mean_rme": {"type": "float", "data": 0.0012828555643916988}, "max_rme": {"type": "float", "data": 0.005075708184351241}, "simu": {"type": "float", "data": 0.002}}, {"type": "dict", "image_number": {"type": "int", "data": 15}, "Hcamera2end": {"type": "ndarray", "data": [[0.9999772220103849, -0.006630009155403361, 0.0012642938711894054, -0.015897216313386267], [-0.0012689310608001627, -0.0006952644037423461, 0.9999989532101379, 0.03246888111476314], [-0.006629123196652485, -0.9999777795461295, -0.0007036615915676503, 0.03406477547802207], [0.0, 0.0, 0.0, 1.0]]}, "Hobj2base": {"type": "ndarray", "data": [[0.9999781156285832, -0.006575930768812719, 0.0007248437291577547, -0.7341589910266643], [-0.0065757161875049045, -0.999978335334252, -0.0002980247637034854, 0.09221363609789462], [0.0007267878158741487, 0.0002932518749756311, -0.999999692891357, 0.004947590765011989], [0.0, 0.0, 0.0, 1.0]]}, "mean_rme": {"type": "float", "data": 0.0012949909963230941}, "max_rme": {"type": "float", "data": 0.005129503762712234}, "simu": {"type": "float", "data": 0.002}}, {"type": "dict", "image_number": {"type": "int", "data": 16}, "Hcamera2end": {"type": "ndarray", "data": [[0.9999797658567244, -0.006258023356980852, 0.001142375067193717, -0.016154636209671273], [-0.0011451510953606253, -0.00044002978168600215, 0.9999992475010969, 0.03239087914659962], [-0.006257515968773719, -0.999980321565107, -0.00044718726036241385, 0.03397521165859676], [0.0, 0.0, 0.0, 1.0]]}, "Hobj2base": {"type": "ndarray", "data": [[0.9999806198297049, -0.006208760551296847, 0.0004596274751846714, -0.7344141989016499], [-0.00620863794640418, -0.999980690390319, -0.0002676963784040904, 0.0918878350487513], [0.0004612806626714874, 0.000264837529819048, -0.9999998585406062, 0.00503798096877376], [0.0, 0.0, 0.0, 1.0]]}, "mean_rme": {"type": "float", "data": 0.001247274128967877}, "max_rme": {"type": "float", "data": 0.005078686408967331}, "simu": {"type": "float", "data": 0.002}}, {"type": "dict", "image_number": {"type": "int", "data": 17}, "Hcamera2end": {"type": "ndarray", "data": [[0.9999810985368033, -0.0060588587569320555, 0.0010453706001783106, -0.01599623889209527], [-0.0010475811265980512, -0.000361679925872771, 0.9999993858805186, 0.03254722590232713], [-0.006058476946507676, -0.9999815795394408, -0.00036802023567550357, 0.034222667667277724], [0.0, 0.0, 0.0, 1.0]]}, "Hobj2base": {"type": "ndarray", "data": [[0.999981857999436, -0.006003583905734183, 0.000490563230029327, -0.7347189242142067], [-0.006003393128695313, -0.9999819036378892, -0.000389445356643405, 0.09179310471164516], [0.0004928924204947855, 0.0003864932474011765, -0.9999998038399966, 0.0050210195091081305], [0.0, 0.0, 0.0, 1.0]]}, "mean_rme": {"type": "float", "data": 0.0013036388544379815}, "max_rme": {"type": "float", "data": 0.004853853366050265}, "simu": {"type": "float", "data": 0.002}}, {"type": "dict", "image_number": {"type": "int", "data": 18}, "Hcamera2end": {"type": "ndarray", "data": [[0.9999800613788219, -0.006225884905813298, 0.0010560312245369284, -0.015992678981787835], [-0.0010582463380603424, -0.0003525073966015313, 0.9999993779264178, 0.03262979644999088], [-0.006225508774037082, -0.9999805568588191, -0.00035908888799296435, 0.03439466104913415], [0.0, 0.0, 0.0, 1.0]]}, "Hobj2base": {"type": "ndarray", "data": [[0.9999808922535026, -0.0061633967525939965, 0.0004771460562501126, -0.7348521065730272], [-0.006163210040250665, -0.9999809304867082, -0.0003917970601392229, 0.09174848218024753], [0.00047955175803518897, 0.0003888488224157726, -0.9999998094133338, 0.004999252833454284], [0.0, 0.0, 0.0, 1.0]]}, "mean_rme": {"type": "float", "data": 0.0012940381098655467}, "max_rme": {"type": "float", "data": 0.004819823261014877}, "simu": {"type": "float", "data": 0.002}}, {"type": "dict", "image_number": {"type": "int", "data": 19}, "Hcamera2end": {"type": "ndarray", "data": [[0.9999858183653397, -0.005244430115147567, 0.0009268338411663464, -0.015991522276954252], [-0.0009273583562256979, -9.758287157901613e-05, 0.9999995652419368, 0.03261758774462153], [-0.0052443373919815895, -0.9999862431205496, -0.0001024449537851968, 0.03419423622604934], [0.0, 0.0, 0.0, 1.0]]}, "Hobj2base": {"type": "ndarray", "data": [[0.9999861799629299, -0.005227261729917092, 0.0005617988550566725, -0.7350324379291965], [-0.005227262270390136, -0.999986337771122, -5.063006873075809e-07, 0.09159986412015486], [0.0005617938261983377, -2.4303762683728075e-06, -0.9999998421908829, 0.005130823991939157], [0.0, 0.0, 0.0, 1.0]]}, "mean_rme": {"type": "float", "data": 0.001299819529612775}, "max_rme": {"type": "float", "data": 0.004617835160806688}, "simu": {"type": "float", "data": 0.002}}, {"type": "dict", "image_number": {"type": "int", "data": 20}, "Hcamera2end": {"type": "ndarray", "data": [[0.9999920108126068, -0.0038870429265294437, 0.0009323133843583428, -0.015891416550351294], [-0.0009321366236781023, 4.728571870071807e-05, 0.9999995644425934, 0.03121363510059619], [-0.00388708531860754, -0.9999924443021302, 4.3662085856599475e-05, 0.03411547109231707], [0.0, 0.0, 0.0, 1.0]]}, "Hobj2base": {"type": "ndarray", "data": [[0.9999924502076052, -0.0038375576821040457, 0.0006104742638648259, -0.7351379405684174], [-0.0038376386181313373, -0.9999926275965041, 0.00013146283285035915, 0.09123828163712017], [0.0006099652669981126, -0.00013380461994364645, -0.9999998050193295, 0.006583976619672974], [0.0, 0.0, 0.0, 1.0]]}, "mean_rme": {"type": "float", "data": 0.001337266548611058}, "max_rme": {"type": "float", "data": 0.004768566615908187}, "simu": {"type": "float", "data": 0.002}}, {"type": "dict", "image_number": {"type": "int", "data": 21}, "Hcamera2end": {"type": "ndarray", "data": [[0.9999922733354493, -0.0038348641021173535, 0.0008643417832779189, -0.015888621224386095], [-0.0008639362904104254, 0.00010739380893165507, 0.9999996210402562, 0.03113563420446576], [-0.003834955473814561, -0.9999926411148674, 0.00010407990086913621, 0.03379655252945557], [0.0, 0.0, 0.0, 1.0]]}, "Hobj2base": {"type": "ndarray", "data": [[0.999992719856467, -0.0037813741655322044, 0.000511315446511991, -0.7349337809729123], [-0.0037814310432875476, -0.999992844279096, 0.00011031713032752035, 0.09103851656359466], [0.0005108946373347256, -0.00011224983130533028, -0.9999998631933134, 0.006650785167703875], [0.0, 0.0, 0.0, 1.0]]}, "mean_rme": {"type": "float", "data": 0.0013249865535405812}, "max_rme": {"type": "float", "data": 0.004759948734906039}, "simu": {"type": "float", "data": 0.002}}, {"type": "dict", "image_number": {"type": "int", "data": 22}, "Hcamera2end": {"type": "ndarray", "data": [[0.9999921706630005, -0.0038895089251301017, 0.0007282396734003594, -0.015773483356389832], [-0.0007281326202306611, 2.893954341021132e-05, 0.99999973449266, 0.031086565145164162], [-0.003889528967360574, -0.9999924354128008, 2.6107238507711017e-05, 0.03380128167223275], [0.0, 0.0, 0.0, 1.0]]}, "Hobj2base": {"type": "ndarray", "data": [[0.9999925078194013, -0.0038465365967963205, 0.00043412126656465066, -0.7349040662437848], [-0.0038465810840690256, -0.9999925967093299, 0.000101688225007464, 0.09095335933150786], [0.0004337269051597738, -0.00010335734579307716, -0.9999999005991105, 0.006586389797362876], [0.0, 0.0, 0.0, 1.0]]}, "mean_rme": {"type": "float", "data": 0.0013492563953906446}, "max_rme": {"type": "float", "data": 0.004586879231509133}, "simu": {"type": "float", "data": 0.002}}, {"type": "dict", "image_number": {"type": "int", "data": 23}, "Hcamera2end": {"type": "ndarray", "data": [[0.9999929491168009, -0.003697357258909817, 0.0006567084461345139, -0.01589191848000531], [-0.0006570883502938648, -0.0001015363777354672, 0.9999997789626075, 0.031056090508948576], [-0.0036972897618587604, -0.9999931595964363, -0.00010396515219612823, 0.03399249536797159], [0.0, 0.0, 0.0, 1.0]]}, "Hobj2base": {"type": "ndarray", "data": [[0.9999932545624581, -0.003638847174388604, 0.0004996206804683393, -0.7350884820011648], [-0.003638823819616303, -0.9999933783236081, -4.764607151448119e-05, 0.09091736553714917], [0.0004997907489145755, 4.582771848802057e-05, -0.9999998740545064, 0.006672678308620771], [0.0, 0.0, 0.0, 1.0]]}, "mean_rme": {"type": "float", "data": 0.001371019418254374}, "max_rme": {"type": "float", "data": 0.004740104287769498}, "simu": {"type": "float", "data": 0.002}}, {"type": "dict", "image_number": {"type": "int", "data": 24}, "Hcamera2end": {"type": "ndarray", "data": [[0.999993124136033, -0.0036581086056574515, 0.0006082122044532442, -0.015864497860868975], [-0.0006084312124429421, -5.875662783716429e-05, 0.9999998131795418, 0.03101245175986297], [-0.0036580721857497824, -0.9999933073721483, -6.09819312886728e-05, 0.03394866315740578], [0.0, 0.0, 0.0, 1.0]]}, "Hobj2base": {"type": "ndarray", "data": [[0.9999934111275143, -0.0036034651302240765, 0.00043902233823978304, -0.7350749922565926], [-0.0036034375023472967, -0.9999935055688178, -6.370521098896449e-05, 0.09090332090682579], [0.00043924904654583214, 6.212280168547118e-05, -0.9999999016005117, 0.006764345494781339], [0.0, 0.0, 0.0, 1.0]]}, "mean_rme": {"type": "float", "data": 0.0013311213316617382}, "max_rme": {"type": "float", "data": 0.004774077796541598}, "simu": {"type": "float", "data": 0.002}}, {"type": "dict", "image_number": {"type": "int", "data": 25}, "Hcamera2end": {"type": "ndarray", "data": [[0.9999928975933434, -0.0037185513171187163, 0.0006141164148309266, -0.016048434237339308], [-0.0006144676843347404, -9.332234119674432e-05, 0.9999998068601842, 0.031082350513950533], [-0.0037184932881368002, -0.9999930818095907, -9.560660800045362e-05, 0.03387649674737586], [0.0, 0.0, 0.0, 1.0]]}, "Hobj2base": {"type": "ndarray", "data": [[0.9999931892960232, -0.0036602721012854796, 0.00047304303449267616, -0.7348899436992596], [-0.003660251797882099, -0.9999933002976251, -4.3779444272986566e-05, 0.0908089618777957], [0.0004732001099236168, 4.204768948667393e-05, -0.9999998871568174, 0.006742034865327482], [0.0, 0.0, 0.0, 1.0]]}, "mean_rme": {"type": "float", "data": 0.001340739661424657}, "max_rme": {"type": "float", "data": 0.004934988202066171}, "simu": {"type": "float", "data": 0.002}}, {"type": "dict", "image_number": {"type": "int", "data": 26}, "Hcamera2end": {"type": "ndarray", "data": [[0.9999949112436111, -0.0031508257565193874, 0.0004997838877783881, -0.01623150622280618], [-0.0004999353499718206, -4.728321121438839e-05, 0.999999873914464, 0.03251307034052962], [-0.0031508017278587055, -0.9999950350183495, -4.885817977906548e-05, 0.03384183038546632], [0.0, 0.0, 0.0, 1.0]]}, "Hobj2base": {"type": "ndarray", "data": [[0.9999951868708794, -0.0030651467238304833, 0.0004807396764016178, -0.7350014255272386], [-0.0030651233429710638, -0.9999953012799851, -4.936440394835995e-05, 0.0906874443021764], [0.00048088872668151445, 4.7890639947078826e-05, -0.9999998832262529, 0.005223615802935195], [0.0, 0.0, 0.0, 1.0]]}, "mean_rme": {"type": "float", "data": 0.0013576115360197044}, "max_rme": {"type": "float", "data": 0.00461209068932944}, "simu": {"type": "float", "data": 0.002}}, {"type": "dict", "image_number": {"type": "int", "data": 27}, "Hcamera2end": {"type": "ndarray", "data": [[0.9999951882537608, -0.003068334635721145, 0.0004569375108999488, -0.016133275207408607], [-0.00045704804838078163, -3.532414324447508e-05, 0.9999998949296374, 0.03251692728917257], [-0.0030683181724040238, -0.9999952920263013, -3.6726349630589183e-05, 0.03388726346455444], [0.0, 0.0, 0.0, 1.0]]}, "Hobj2base": {"type": "ndarray", "data": [[0.9999954400377478, -0.002985289622070107, 0.00045601489408149854, -0.7349533875547521], [-0.002985263185641953, -0.9999955423724554, -5.864239675887231e-05, 0.0907478143696432], [0.0004561879258754036, 5.72808048763508e-05, -0.9999998943057371, 0.005316540767730101], [0.0, 0.0, 0.0, 1.0]]}, "mean_rme": {"type": "float", "data": 0.0013794095957925993}, "max_rme": {"type": "float", "data": 0.004709265028518983}, "simu": {"type": "float", "data": 0.002}}, {"type": "dict", "image_number": {"type": "int", "data": 28}, "Hcamera2end": {"type": "ndarray", "data": [[0.9999950348068657, -0.0031146408237245635, 0.00047893021894389537, -0.016145156312025583], [-0.0004790621621705148, -4.1616343556372115e-05, 0.999999884383756, 0.03259891809633588], [-0.003114620532296958, -0.999995148628542, -4.310824349063047e-05, 0.033973083026819825], [0.0, 0.0, 0.0, 1.0]]}, "Hobj2base": {"type": "ndarray", "data": [[0.9999951986539292, -0.003066411406437735, 0.0004469789427295607, -0.734980766456637], [-0.003066390780839052, -0.9999952975165616, -4.682245885780319e-05, 0.09069037069034526], [0.00044712041774040424, 4.545162193775921e-05, -0.999999899008736, 0.0052981180909131105], [0.0, 0.0, 0.0, 1.0]]}, "mean_rme": {"type": "float", "data": 0.0013877204190863436}, "max_rme": {"type": "float", "data": 0.004757037730166891}, "simu": {"type": "float", "data": 0.002}}, {"type": "dict", "image_number": {"type": "int", "data": 29}, "Hcamera2end": {"type": "ndarray", "data": [[0.9999949331307343, -0.003143320790185565, 0.0005032367914493655, -0.016138002653943738], [-0.0005034510964800583, -6.738702235775662e-05, 0.9999998709979829, 0.03259867986902607], [-0.0031432864730619268, -0.9999950574844854, -6.896918921506234e-05, 0.03383899676811443], [0.0, 0.0, 0.0, 1.0]]}, "Hobj2base": {"type": "ndarray", "data": [[0.9999950889180996, -0.0031016482926718714, 0.0004493523679864555, -0.7349165591037974], [-0.0031016512890776537, -0.9999951898502422, 5.971560965121903e-06, 0.09084772746298987], [0.00044933168485239926, -7.3652659897122164e-06, -0.99999989902339, 0.005309104372401371], [0.0, 0.0, 0.0, 1.0]]}, "mean_rme": {"type": "float", "data": 0.0013958085646268194}, "max_rme": {"type": "float", "data": 0.004764763934566485}, "simu": {"type": "float", "data": 0.002}}, {"type": "dict", "image_number": {"type": "int", "data": 30}, "Hcamera2end": {"type": "ndarray", "data": [[0.9999952509314254, -0.0030466842015391122, 0.0004645750441946994, -0.01604996054444626], [-0.0004648651701067638, -9.451931638726485e-05, 0.99999988748323, 0.03265853542324047], [-0.0030466399474204583, -0.9999953543799466, -9.593516487815812e-05, 0.033763696696911746], [0.0, 0.0, 0.0, 1.0]]}, "Hobj2base": {"type": "ndarray", "data": [[0.9999953730221087, -0.0030126339024667825, 0.00042186649934439235, -0.7349782087531858], [-0.003012654002052361, -0.9999954608423278, 4.701705975496844e-05, 0.09074234078964621], [0.00042172293923762314, -4.828778000565414e-05, -0.9999999099090222, 0.005218911266591812], [0.0, 0.0, 0.0, 1.0]]}, "mean_rme": {"type": "float", "data": 0.0014409417515995034}, "max_rme": {"type": "float", "data": 0.004753298881431056}, "simu": {"type": "float", "data": 0.002}}]}