{"type": "list", "data": [{"type": "dict", "image_number": {"type": "int", "data": 5}, "Hcamera2end": {"type": "ndarray", "data": [[0.9999916475018343, 0.0010236892069018007, -0.0039568910744149696, -0.01661344694413556], [0.003956818874981453, 7.254433920855785e-05, 0.9999921691301934, 0.03342861303520383], [0.0010239682405732125, -0.9999994733987245, 6.849318050616837e-05, 0.03266687261719474], [0.0, 0.0, 0.0, 1.0]]}, "Hobj2base": {"type": "ndarray", "data": [[0.9999980844625019, 0.0012949556549105253, 0.0014677060940968022, -0.7340077393922514], [0.0012993337523889857, -0.999994697948988, -0.0029859346462497867, 0.08450076587180419], [0.0014638316592888668, 0.0029878359666466524, -0.9999944650012365, 0.0006220693364488383], [0.0, 0.0, 0.0, 1.0]]}, "mean_rme": {"type": "float", "data": 0.0013718714252626337}, "max_rme": {"type": "float", "data": 0.0029902523038027318}, "simu": {"type": "float", "data": 0.002}}, {"type": "dict", "image_number": {"type": "int", "data": 6}, "Hcamera2end": {"type": "ndarray", "data": [[0.9999939941197444, 0.0007594067532606858, -0.003381571502073609, -0.01687534924637215], [0.003381461305070542, 0.00014634643178490503, 0.9999942721346783, 0.03384071765481411], [0.0007598972844042337, -0.9999997009420082, 0.0001437776482947628, 0.032725159829224124], [0.0, 0.0, 0.0, 1.0]]}, "Hobj2base": {"type": "ndarray", "data": [[0.999998539372092, 0.0010707534061364964, 0.0013321939895415895, -0.734107228616769], [0.001074339431048028, -0.9999957940125725, -0.002694021520075071, 0.08509823381122605], [0.0013293037536315938, 0.002695448813644824, -0.9999954837434131, 0.00017689022612776828], [0.0, 0.0, 0.0, 1.0]]}, "mean_rme": {"type": "float", "data": 0.001318087306492863}, "max_rme": {"type": "float", "data": 0.003242164867708397}, "simu": {"type": "float", "data": 0.002}}, {"type": "dict", "image_number": {"type": "int", "data": 7}, "Hcamera2end": {"type": "ndarray", "data": [[0.9999976939095073, 0.0005030669934962477, -0.002087845604285709, -0.016380436326122336], [0.002087109446674635, 0.0014594473036997346, 0.9999967569886041, 0.03397523558349519], [0.0005061124626819709, -0.9999988084678741, 0.0014583939822078174, 0.032630847627907154], [0.0, 0.0, 0.0, 1.0]]}, "Hobj2base": {"type": "ndarray", "data": [[0.9999999737134688, 0.0002289781035991765, -1.1920141550189094e-05, -0.7348509175458611], [0.00022895908173759042, -0.9999987381330728, -0.0015720400761368779, 0.0862587519859913], [-1.228008926397243e-05, 0.0015720373055887337, -0.9999987642731911, 5.1660162197129734e-05], [0.0, 0.0, 0.0, 1.0]]}, "mean_rme": {"type": "float", "data": 0.0012321434764444987}, "max_rme": {"type": "float", "data": 0.0032766299476855165}, "simu": {"type": "float", "data": 0.002}}, {"type": "dict", "image_number": {"type": "int", "data": 8}, "Hcamera2end": {"type": "ndarray", "data": [[0.9999979672884032, 0.00032553347507162335, -0.0019898359274681515, -0.01489895233159274], [0.001989351300344125, 0.0014823279120920185, 0.999996922587947, 0.0338996619765054], [0.00032848206260675263, -0.9999988483652955, 0.001481677298504902, 0.03129830230200643], [0.0, 0.0, 0.0, 1.0]]}, "Hobj2base": {"type": "ndarray", "data": [[0.9999999902266697, 0.0001315450241677973, 4.735574945482637e-05, -0.7332485087852124], [0.00013161464106642616, -0.9999989063349766, -0.0014730941714703927, 0.0874287659453235], [4.7161919455111994e-05, 0.0014731003897833236, -0.9999989138749081, -0.00046060193703927055], [0.0, 0.0, 0.0, 1.0]]}, "mean_rme": {"type": "float", "data": 0.0012323962505789707}, "max_rme": {"type": "float", "data": 0.0033282896641007864}, "simu": {"type": "float", "data": 0.002}}, {"type": "dict", "image_number": {"type": "int", "data": 9}, "Hcamera2end": {"type": "ndarray", "data": [[0.9999971911841593, 0.0005307997164254823, -0.00230995139622331, -0.01439807415449658], [0.0023092754137350327, 0.0012706203529283533, 0.9999965263794582, 0.03404531211927267], [0.0005337329438870009, -0.9999990518873406, 0.0012693910212550064, 0.03163866264030696], [0.0, 0.0, 0.0, 1.0]]}, "Hobj2base": {"type": "ndarray", "data": [[0.9999999277729276, 0.0003798564097566274, -1.2776842693463695e-05, -0.7333909810326269], [0.0003798328193533549, -0.9999983109695889, -0.0017982727821208588, 0.08779900708238937], [-1.3459906555767317e-05, 0.0017982677991726975, -0.9999983830245693, -0.0006697967979426197], [0.0, 0.0, 0.0, 1.0]]}, "mean_rme": {"type": "float", "data": 0.001205487249014066}, "max_rme": {"type": "float", "data": 0.003155659412824585}, "simu": {"type": "float", "data": 0.002}}, {"type": "dict", "image_number": {"type": "int", "data": 10}, "Hcamera2end": {"type": "ndarray", "data": [[0.9999984646287658, 0.00019461071322854774, -0.0017415127852338005, -0.014915588660304624], [0.001741267926720988, 0.0012513613932513268, 0.999997701037693, 0.03427615575175286], [0.00019678952769114897, -0.9999991981103455, 0.0012510206025538873, 0.03188304295927171], [0.0, 0.0, 0.0, 1.0]]}, "Hobj2base": {"type": "ndarray", "data": [[0.9999999975316667, 3.6767035895949776e-06, -7.01651520721458e-05, -0.7334159671041744], [3.586566891741642e-06, -0.9999991749034596, -0.0012845931407386786, 0.08773245833433489], [-7.016981724733325e-05, 0.001284592885915863, -0.9999991724483148, -0.0002628674770833783], [0.0, 0.0, 0.0, 1.0]]}, "mean_rme": {"type": "float", "data": 0.0012919766427645493}, "max_rme": {"type": "float", "data": 0.004103747265475466}, "simu": {"type": "float", "data": 0.002}}, {"type": "dict", "image_number": {"type": "int", "data": 11}, "Hcamera2end": {"type": "ndarray", "data": [[0.9999977773287966, 0.00039881499029545495, -0.002070334289441044, -0.014868964465953276], [0.002069857393930531, 0.0011925054727035533, 0.9999971468064627, 0.03430646951094011], [0.00040128273736958606, -0.999999209438338, 0.00119167733199943, 0.03229549418403744], [0.0, 0.0, 0.0, 1.0]]}, "Hobj2base": {"type": "ndarray", "data": [[0.9999999628221402, 0.0002128183474667044, -0.0001704818737277716, -0.7338539442497439], [0.00021254131102931952, -0.9999986597095867, -0.0016233931195939234, 0.08762414349874942], [-0.00017082713307355144, 0.0016233568247986925, -0.9999986677644672, -0.0003004631940086206], [0.0, 0.0, 0.0, 1.0]]}, "mean_rme": {"type": "float", "data": 0.0012313982288401637}, "max_rme": {"type": "float", "data": 0.004075136139365498}, "simu": {"type": "float", "data": 0.002}}, {"type": "dict", "image_number": {"type": "int", "data": 12}, "Hcamera2end": {"type": "ndarray", "data": [[0.999998228851836, 0.0010386108635758256, -0.0015695797734074346, -0.015041213846052288], [0.0015683587567608187, 0.001175396737730594, 0.9999980793448149, 0.03227868002026192], [0.0010404537477077562, -0.9999987698642347, 0.001173765741485977, 0.03216191417757117], [0.0, 0.0, 0.0, 1.0]]}, "Hobj2base": {"type": "ndarray", "data": [[0.9999995072354007, 0.0007772268320552371, -0.0006176142868587853, -0.7338108107946146], [0.0007762250634057868, -0.9999983855883279, -0.0016205848907803744, 0.08871435637379223], [-0.0006188728518358097, 0.0016201046845245328, -0.999998496127471, 0.0014019442927083968], [0.0, 0.0, 0.0, 1.0]]}, "mean_rme": {"type": "float", "data": 0.0012955599328959852}, "max_rme": {"type": "float", "data": 0.0042059249481130045}, "simu": {"type": "float", "data": 0.002}}, {"type": "dict", "image_number": {"type": "int", "data": 13}, "Hcamera2end": {"type": "ndarray", "data": [[0.9999982603650595, 0.0012665420651888912, -0.0013693568022186294, -0.013861339627108709], [0.0013676931872459617, 0.00131344421237245, 0.9999982021382071, 0.032328814341024685], [0.0012683383618878501, -0.9999983353663636, 0.0013117096865050693, 0.032338228925480016], [0.0, 0.0, 0.0, 1.0]]}, "Hobj2base": {"type": "ndarray", "data": [[0.9999991912895831, 0.000894574544162709, -0.000903967125837476, -0.7345216531232794], [0.0008932454971917584, -0.9999985212314488, -0.0014695738829613291, 0.08970382869130736], [-0.0009052804324657824, 0.001468765229936858, -0.9999985115969112, 0.0009726227144913463], [0.0, 0.0, 0.0, 1.0]]}, "mean_rme": {"type": "float", "data": 0.001332390148626308}, "max_rme": {"type": "float", "data": 0.004073540016172189}, "simu": {"type": "float", "data": 0.002}}, {"type": "dict", "image_number": {"type": "int", "data": 14}, "Hcamera2end": {"type": "ndarray", "data": [[0.9999986221597942, 0.0011503487374229762, -0.0011968192409277257, -0.01389561458492634], [0.001195187199782947, 0.0014183779033661859, 0.9999982798643611, 0.03245358592394602], [0.0011520443006327714, -0.9999983324495626, 0.0014170010669818378, 0.03235897205515322], [0.0, 0.0, 0.0, 1.0]]}, "Hobj2base": {"type": "ndarray", "data": [[0.999999237751546, 0.0007187942452892931, -0.001003907943969763, -0.7345903012136726], [0.0007174491985720944, -0.9999988454638016, -0.0013395289138247158, 0.08975690098754005], [-0.001004869630596358, 0.0013388076398210306, -0.9999985989145828, 0.0009660560852545781], [0.0, 0.0, 0.0, 1.0]]}, "mean_rme": {"type": "float", "data": 0.0012828631196379913}, "max_rme": {"type": "float", "data": 0.003968553332571623}, "simu": {"type": "float", "data": 0.002}}, {"type": "dict", "image_number": {"type": "int", "data": 15}, "Hcamera2end": {"type": "ndarray", "data": [[0.9999986985429073, 0.001033574371062577, -0.0012388044684320803, -0.013921274368422018], [0.0012373180953764121, 0.0014374922706863469, 0.9999982013283334, 0.03257237673914687], [0.0010353532838499031, -0.9999984326687671, 0.0014362115395795128, 0.0321396730611586], [0.0, 0.0, 0.0, 1.0]]}, "Hobj2base": {"type": "ndarray", "data": [[0.9999993929802128, 0.0006184260001387225, -0.0009119147374456883, -0.7343921582619476], [0.0006171529292444978, -0.9999988356231861, -0.0013956627578296942, 0.08978306735082997], [-0.0009127767897701791, 0.001395099119783348, -0.9999986102675231, 0.000720244932804918], [0.0, 0.0, 0.0, 1.0]]}, "mean_rme": {"type": "float", "data": 0.0012633778140693501}, "max_rme": {"type": "float", "data": 0.004116369408522613}, "simu": {"type": "float", "data": 0.002}}, {"type": "dict", "image_number": {"type": "int", "data": 16}, "Hcamera2end": {"type": "ndarray", "data": [[0.9999984699885086, 0.001063670334849516, -0.001388749819334028, -0.013986449462848237], [0.0013865557942004888, 0.0020606601516803824, 0.9999969155666278, 0.032437248930956696], [0.0010665287954425935, -0.9999973111389643, 0.0020591821605807636, 0.03196550220764309], [0.0, 0.0, 0.0, 1.0]]}, "Hobj2base": {"type": "ndarray", "data": [[0.9999987340248775, 0.0004318683431996687, -0.0015314824113979413, -0.7345863183635284], [0.00042989491578010697, -0.9999990772614933, -0.0012886685081016924, 0.08980080189893436], [-0.0015320375333736753, 0.0012880085001771534, -0.9999979969455441, 0.000973882837306414], [0.0, 0.0, 0.0, 1.0]]}, "mean_rme": {"type": "float", "data": 0.001249685438957138}, "max_rme": {"type": "float", "data": 0.004133436215819186}, "simu": {"type": "float", "data": 0.002}}, {"type": "dict", "image_number": {"type": "int", "data": 17}, "Hcamera2end": {"type": "ndarray", "data": [[0.9999986345509252, 0.0010819744882882554, -0.001249090665982436, -0.013818877493163986], [0.001246890124924064, 0.0020321122097922695, 0.9999971578884526, 0.032589870319719175], [0.0010845097055895488, -0.9999973499220751, 0.0020307603317417655, 0.03182804161295142], [0.0, 0.0, 0.0, 1.0]]}, "Hobj2base": {"type": "ndarray", "data": [[0.9999987025528667, 0.0004383908020072063, -0.001550066478522404, -0.7345300437136033], [0.0004366093433446459, -0.9999992440905672, -0.0011494305444608836, 0.09003789615532826], [-0.0015505692065907685, 0.0011487522796281905, -0.9999981380499348, 0.0008243135073054115], [0.0, 0.0, 0.0, 1.0]]}, "mean_rme": {"type": "float", "data": 0.0012406463064851263}, "max_rme": {"type": "float", "data": 0.0040825281842138406}, "simu": {"type": "float", "data": 0.002}}, {"type": "dict", "image_number": {"type": "int", "data": 18}, "Hcamera2end": {"type": "ndarray", "data": [[0.9999990447562411, 0.0008817305292110423, -0.00106444252031889, -0.014261709523398287], [0.0010626942501400893, 0.0019808726613403937, 0.9999974734090236, 0.03271288407548541], [0.0008838368265267116, -0.9999976493446241, 0.0019799337591605015, 0.031789997529024124], [0.0, 0.0, 0.0, 1.0]]}, "Hobj2base": {"type": "ndarray", "data": [[0.9999988858302614, 0.00025136179359945034, -0.0014714467318010173, -0.734291497229501], [0.0002499554842842961, -0.9999995119475888, -0.0009558382915703544, 0.08982463127278545], [-0.0014716862748852524, 0.0009554694304238091, -0.9999984606076529, 0.0009575436446737948], [0.0, 0.0, 0.0, 1.0]]}, "mean_rme": {"type": "float", "data": 0.001269676931181142}, "max_rme": {"type": "float", "data": 0.0043429623567416975}, "simu": {"type": "float", "data": 0.002}}, {"type": "dict", "image_number": {"type": "int", "data": 19}, "Hcamera2end": {"type": "ndarray", "data": [[0.9999985642643627, 0.001195225920770985, -0.0012012094786330318, -0.014308619087402667], [0.0011989148642086193, 0.001918684461043707, 0.9999974406232681, 0.03292942825676074], [0.0011975276036986858, -0.9999974450392044, 0.0019172487321975629, 0.03240860405216209], [0.0, 0.0, 0.0, 1.0]]}, "Hobj2base": {"type": "ndarray", "data": [[0.9999985715539599, 0.0005250651462405573, -0.0016066102924855623, -0.7348946279955395], [0.0005232966293286481, -0.9999992569820455, -0.00110099772692201, 0.08988655833169917], [-0.0016071871942777661, 0.0011001554204554643, -0.9999981033018879, 0.0007332975630283532], [0.0, 0.0, 0.0, 1.0]]}, "mean_rme": {"type": "float", "data": 0.0013417244822421502}, "max_rme": {"type": "float", "data": 0.00430414523043629}, "simu": {"type": "float", "data": 0.002}}, {"type": "dict", "image_number": {"type": "int", "data": 20}, "Hcamera2end": {"type": "ndarray", "data": [[0.9999992287130812, 0.00012396123280213989, -0.0012358021101054766, -0.014406165076669], [0.001235566225689336, 0.0018852503775081964, 0.9999974596003309, 0.032661041499284664], [0.00012629071428566668, -0.9999982152307205, 0.0018850957611267205, 0.03238784337244437], [0.0, 0.0, 0.0, 1.0]]}, "Hobj2base": {"type": "ndarray", "data": [[0.999999335300219, -0.0003776967648427639, -0.0010893779298267456, -0.7348342516161517], [-0.0003791580305228792, -0.9999990283324329, -0.0013414817847324763, 0.09005386582561971], [-0.0010888701979833535, 0.001341893939440196, -0.9999985068400592, 0.0009880661857799094], [0.0, 0.0, 0.0, 1.0]]}, "mean_rme": {"type": "float", "data": 0.0013485757281458098}, "max_rme": {"type": "float", "data": 0.004521759919362739}, "simu": {"type": "float", "data": 0.002}}, {"type": "dict", "image_number": {"type": "int", "data": 21}, "Hcamera2end": {"type": "ndarray", "data": [[0.9999992713964352, 0.00011976814950641682, -0.001201191986775845, -0.014399696872617593], [0.001200965936904226, 0.0018699342797842133, 0.9999975305102548, 0.032755967760901415], [0.0001220140038128741, -0.999998244499149, 0.0018697890798755612, 0.03242554938769041], [0.0, 0.0, 0.0, 1.0]]}, "Hobj2base": {"type": "ndarray", "data": [[0.9999993577360814, -0.000380253958659436, -0.0010676770821385366, -0.7347914391566873], [-0.0003817240688889497, -0.9999989789984345, -0.001377058032246664, 0.09011496318010132], [-0.0010671523602704986, 0.0013774647058520295, -0.9999984818872598, 0.0010245841643794415], [0.0, 0.0, 0.0, 1.0]]}, "mean_rme": {"type": "float", "data": 0.0013709414492760355}, "max_rme": {"type": "float", "data": 0.004410061486111033}, "simu": {"type": "float", "data": 0.002}}, {"type": "dict", "image_number": {"type": "int", "data": 22}, "Hcamera2end": {"type": "ndarray", "data": [[0.9999993014157001, 0.00013891264822578613, -0.0011738276652707206, -0.014440539991530263], [0.001173571237205101, 0.0018318708126539018, 0.9999976334871383, 0.0328033511781157], [0.00014106262012631267, -0.999998312474877, 0.0018317065090492912, 0.032261110523914185], [0.0, 0.0, 0.0, 1.0]]}, "Hobj2base": {"type": "ndarray", "data": [[0.9999993610422067, -0.0003705155310897835, -0.0010680044099355159, -0.7346318444027413], [-0.00037193485560081105, -0.9999990476342919, -0.0013290579265723503, 0.09011707131968522], [-0.0010675109562012267, 0.0013294543054264206, -0.9999985464847478, 0.0009186332492377284], [0.0, 0.0, 0.0, 1.0]]}, "mean_rme": {"type": "float", "data": 0.0013533656204927286}, "max_rme": {"type": "float", "data": 0.004512282682313906}, "simu": {"type": "float", "data": 0.002}}, {"type": "dict", "image_number": {"type": "int", "data": 23}, "Hcamera2end": {"type": "ndarray", "data": [[0.9999993097102208, 1.864582957105559e-05, -0.001174832505092835, -0.014350589883831859], [0.0011747976814556562, 0.0017690556211233943, 0.9999977451437662, 0.032703454917953075], [2.072413157440335e-05, -0.9999984350460466, 0.0017690324948850256, 0.032166263816031646], [0.0, 0.0, 0.0, 1.0]]}, "Hobj2base": {"type": "ndarray", "data": [[0.99999940401854, -0.00046498132206408916, -0.0009878030851135323, -0.7344815157850659], [-0.0004663326139366007, -0.999998955298049, -0.0013681873788219364, 0.09016747641690973], [-0.0009871658715774863, 0.0013686472082023605, -0.9999985761531671, 0.0010550960843212932], [0.0, 0.0, 0.0, 1.0]]}, "mean_rme": {"type": "float", "data": 0.0013586250064235683}, "max_rme": {"type": "float", "data": 0.00467806202897561}, "simu": {"type": "float", "data": 0.002}}, {"type": "dict", "image_number": {"type": "int", "data": 24}, "Hcamera2end": {"type": "ndarray", "data": [[0.9999992192637118, -0.00019202159146538774, -0.0012347468061509798, -0.014460597630608973], [0.0012350787446577384, 0.0017382492785943393, 0.9999977265323857, 0.032627953033001963], [-0.00018987485716547958, -0.9999984708074078, 0.001738485083266239, 0.03222237405277105], [0.0, 0.0, 0.0, 1.0]]}, "Hobj2base": {"type": "ndarray", "data": [[0.9999994035649864, -0.0006420724565671644, -0.0008835228531380714, -0.7343920602804695], [-0.0006433260727175962, -0.9999987858137265, -0.0014193317573466075, 0.09002867676311505], [-0.0008826104665486273, 0.001419899304094717, -0.9999986024413889, 0.001004260416861848], [0.0, 0.0, 0.0, 1.0]]}, "mean_rme": {"type": "float", "data": 0.0014124501448124441}, "max_rme": {"type": "float", "data": 0.0048062582211667315}, "simu": {"type": "float", "data": 0.002}}, {"type": "dict", "image_number": {"type": "int", "data": 25}, "Hcamera2end": {"type": "ndarray", "data": [[0.9999991241584788, -0.0002470629385235498, -0.0013002469687273875, -0.014565622266786395], [0.0013006595175416326, 0.0016770542420565526, 0.9999977478844084, 0.03262852953795156], [-0.0002448817974146283, -0.9999985632234547, 0.0016773741179852975, 0.03214318978890303], [0.0, 0.0, 0.0, 1.0]]}, "Hobj2base": {"type": "ndarray", "data": [[0.9999994207443997, -0.0006868873124691339, -0.0008286716387424737, -0.7342583835324025], [-0.0006880660654881973, -0.999998750795329, -0.0014230154148515894, 0.08993906751579592], [-0.0008276931523280823, 0.0014235847713959925, -0.999998644164303, 0.0008198948409532281], [0.0, 0.0, 0.0, 1.0]]}, "mean_rme": {"type": "float", "data": 0.0014466262650835635}, "max_rme": {"type": "float", "data": 0.005397720214765533}, "simu": {"type": "float", "data": 0.002}}, {"type": "dict", "image_number": {"type": "int", "data": 26}, "Hcamera2end": {"type": "ndarray", "data": [[0.9999991654326666, -7.193288731377056e-05, -0.0012899455918382722, -0.014626837473906038], [0.0012900642672584277, 0.0016749161501782295, 0.9999977651925408, 0.032563096008122454], [-6.97721758529964e-05, -0.9999985947397872, 0.001675007550395513, 0.032038421870409076], [0.0, 0.0, 0.0, 1.0]]}, "Hobj2base": {"type": "ndarray", "data": [[0.9999994640958216, -0.0005262109916221851, -0.0008915772887951501, -0.7342464780030128], [-0.000527487894733271, -0.9999988347705364, -0.0014325550916586167, 0.0898220714194685], [-0.0008908224236676889, 0.0014330246201734159, -0.9999985764369108, 0.0009359216208088636], [0.0, 0.0, 0.0, 1.0]]}, "mean_rme": {"type": "float", "data": 0.0014352260022822397}, "max_rme": {"type": "float", "data": 0.005398776794707627}, "simu": {"type": "float", "data": 0.002}}, {"type": "dict", "image_number": {"type": "int", "data": 27}, "Hcamera2end": {"type": "ndarray", "data": [[0.9999991845685055, 3.652451960112224e-05, -0.0012765297817600193, -0.0146982535339605], [0.0012764672934694517, 0.0016625794915527958, 0.9999978032279285, 0.03267728954786068], [3.864677160058804e-05, -0.9999986172467409, 0.0016625315134783936, 0.032020878905414454], [0.0, 0.0, 0.0, 1.0]]}, "Hobj2base": {"type": "ndarray", "data": [[0.9999995051517744, -0.00043469372346575995, -0.0008948394119579236, -0.734285484255731], [-0.00043600990408902804, -0.9999988227505763, -0.0014711875559834924, 0.08979973080679861], [-0.0008941988425121147, 0.0014715769868151236, -0.9999985174337018, 0.0008614489087874725], [0.0, 0.0, 0.0, 1.0]]}, "mean_rme": {"type": "float", "data": 0.0014227305139304048}, "max_rme": {"type": "float", "data": 0.005400969614941353}, "simu": {"type": "float", "data": 0.002}}, {"type": "dict", "image_number": {"type": "int", "data": 28}, "Hcamera2end": {"type": "ndarray", "data": [[0.9999991751574184, -8.792717399857381e-06, -0.0012843703402411481, -0.014606240061358114], [0.0012843828357788855, 0.001610570154793045, 0.9999978782100026, 0.03272093899525709], [-6.724130205864264e-06, -0.999998702992391, 0.001610580119541405, 0.03195957019338444], [0.0, 0.0, 0.0, 1.0]]}, "Hobj2base": {"type": "ndarray", "data": [[0.9999995370549314, -0.00045810431309778953, -0.0008461857722559607, -0.7342947027228762], [-0.0004593252831182127, -0.9999988529811938, -0.0014432798001967157, 0.08991693923547425], [-0.0008455236289634891, 0.0014436678065568617, -0.9999986004555494, 0.000798276203603579], [0.0, 0.0, 0.0, 1.0]]}, "mean_rme": {"type": "float", "data": 0.0014270330608763767}, "max_rme": {"type": "float", "data": 0.005391197527759739}, "simu": {"type": "float", "data": 0.002}}, {"type": "dict", "image_number": {"type": "int", "data": 29}, "Hcamera2end": {"type": "ndarray", "data": [[0.999998942020178, -0.0008471680969799743, -0.0011824824481048613, -0.014572727618522645], [0.0011838246232958032, 0.0015855621922274965, 0.9999980422739817, 0.03228466790519198], [-0.0008452915389942613, -0.9999983841480696, 0.0015865634131879691, 0.03194521724233419], [0.0, 0.0, 0.0, 1.0]]}, "Hobj2base": {"type": "ndarray", "data": [[0.9999992748736323, -0.0011470481245024347, -0.00036678714508230645, -0.7342057761092811], [-0.0011475996492475936, -0.9999982059723795, -0.001507005994682395, 0.09026293335689203], [-0.0003650578786562229, 0.0015074258267116568, -0.999998797199338, 0.0010290357378027614], [0.0, 0.0, 0.0, 1.0]]}, "mean_rme": {"type": "float", "data": 0.0014256229994100262}, "max_rme": {"type": "float", "data": 0.00539077714814945}, "simu": {"type": "float", "data": 0.002}}, {"type": "dict", "image_number": {"type": "int", "data": 30}, "Hcamera2end": {"type": "ndarray", "data": [[0.9999988843548108, -0.0008915763232951487, -0.0011984910485506478, -0.014469119745713934], [0.0011999266154768384, 0.001611356121639762, 0.999997981851747, 0.03224099620842591], [-0.0008896433280741367, -0.999998304310117, 0.0016124241500981018, 0.03191172882776017], [0.0, 0.0, 0.0, 1.0]]}, "Hobj2base": {"type": "ndarray", "data": [[0.9999992179258749, -0.001195084738739629, -0.0003686734407821248, -0.7341181995692538], [-0.0011956346993023108, -0.9999981675173009, -0.0014951320026143561, 0.09035216616390258], [-0.0003668859557556974, 0.0014955716320688135, -0.9999988143293912, 0.0010679039599277998], [0.0, 0.0, 0.0, 1.0]]}, "mean_rme": {"type": "float", "data": 0.001408191315076934}, "max_rme": {"type": "float", "data": 0.005424919235449244}, "simu": {"type": "float", "data": 0.002}}]}