{"type": "list", "data": [{"type": "dict", "image_number": {"type": "int", "data": 5}, "Hcamera2end": {"type": "ndarray", "data": [[0.9999954261882894, 0.0026291287418487865, 0.0014950868069037366, -0.01348546624460505], [-0.0014959325531605223, 0.00031974601350737153, 0.9999988299734571, 0.024933255728228063], [0.002628647617652019, -0.9999964927161223, 0.0003236775503207001, 0.03621487610032219], [0.0, 0.0, 0.0, 1.0]]}, "Hobj2base": {"type": "ndarray", "data": [[0.999994326502706, 0.003045873259576516, 0.001438616865628481, -0.7395733512491308], [0.0030442395032739744, -0.9999947205052138, 0.00113647153331412, 0.09155083812476425], [0.0014420708187118311, -0.0011320855912535287, -0.9999983194055717, 0.0004302027357723226], [0.0, 0.0, 0.0, 1.0]]}, "mean_rme": {"type": "float", "data": 0.0011200072789071408}, "max_rme": {"type": "float", "data": 0.0022644058352636054}, "simu": {"type": "float", "data": 0.002}}, {"type": "dict", "image_number": {"type": "int", "data": 6}, "Hcamera2end": {"type": "ndarray", "data": [[0.9999980741620392, 0.0019625088044173105, -1.5212013682720012e-05, -0.013900572804177209], [1.0535829379741202e-05, 0.0023827467162856886, 0.9999971611995118, 0.02434242524241207], [0.0019625394796220093, -0.9999952355272892, 0.0023827214508437278, 0.03412183752163721], [0.0, 0.0, 0.0, 1.0]]}, "Hobj2base": {"type": "ndarray", "data": [[0.9999984457740431, 0.0017297816695762234, -0.0003410350038789334, -0.7382983396702212], [0.0017297024819761134, -0.9999984770687917, -0.0002323562367968419, 0.09040966964252171], [-0.00034143641006530585, 0.00023176598657009728, -0.9999999148528489, 0.0008114648976186208], [0.0, 0.0, 0.0, 1.0]]}, "mean_rme": {"type": "float", "data": 0.0013001137344975035}, "max_rme": {"type": "float", "data": 0.0029807540985184455}, "simu": {"type": "float", "data": 0.002}}, {"type": "dict", "image_number": {"type": "int", "data": 7}, "Hcamera2end": {"type": "ndarray", "data": [[0.9999961505937168, 0.0027732327190457696, 8.93198440116605e-05, -0.013811196399480754], [-9.582635059010277e-05, 0.0023461370168754714, 0.9999972432254044, 0.025150704176248866], [0.0027730155172758847, -0.9999934023889278, 0.0023463937344117003, 0.0346497827595707], [0.0, 0.0, 0.0, 1.0]]}, "Hobj2base": {"type": "ndarray", "data": [[0.9999966639527839, 0.002495740173783792, -0.0006658560565135476, -0.7384908874784298], [0.002495708829091079, -0.9999968845666138, -4.790101799143317e-05, 0.08952001946098927], [-0.0006659735305783248, 4.623907535223082e-05, -0.9999997771705778, 0.0002653491157883571], [0.0, 0.0, 0.0, 1.0]]}, "mean_rme": {"type": "float", "data": 0.00145511771218087}, "max_rme": {"type": "float", "data": 0.0032240246655221294}, "simu": {"type": "float", "data": 0.002}}, {"type": "dict", "image_number": {"type": "int", "data": 8}, "Hcamera2end": {"type": "ndarray", "data": [[0.9999946249069355, 0.0032718844614113775, -0.00021196534785830785, -0.014384152214530195], [0.00020800704038282476, 0.001210087276049987, 0.9999992462106437, 0.02505824057579266], [0.003272138491670102, -0.9999939152119155, 0.0012094001967150048, 0.03423765977821854], [0.0, 0.0, 0.0, 1.0]]}, "Hobj2base": {"type": "ndarray", "data": [[0.9999941852408185, 0.0033995897622417196, 0.0002688382412754612, -0.7374082211140935], [0.0033995805247177594, -0.9999942208035459, 3.481040824584246e-05, 0.08901797469528341], [0.00026895502871394255, -3.389626858236207e-05, -0.999999963257117, 0.0002993181477632667], [0.0, 0.0, 0.0, 1.0]]}, "mean_rme": {"type": "float", "data": 0.001377322580860636}, "max_rme": {"type": "float", "data": 0.0035536552526601872}, "simu": {"type": "float", "data": 0.002}}, {"type": "dict", "image_number": {"type": "int", "data": 9}, "Hcamera2end": {"type": "ndarray", "data": [[0.9999946082004725, 0.003268009770034714, -0.0003219970908335697, -0.014113896610006539], [0.00031819612882802396, 0.0011635348912241161, 0.9999992724686256, 0.024383874638843697], [0.0032683820473051323, -0.9999939831312487, 0.0011624887496194392, 0.0344251145399555], [0.0, 0.0, 0.0, 1.0]]}, "Hobj2base": {"type": "ndarray", "data": [[0.9999943144181159, 0.003371586682337048, -5.9453222685559095e-05, -0.7373252354876471], [0.003371609233507479, -0.9999942426192783, 0.0003833790195072178, 0.08915608920943795], [-5.816028479426299e-05, -0.00038357729280897825, -0.9999999247429181, 0.001001398405710711], [0.0, 0.0, 0.0, 1.0]]}, "mean_rme": {"type": "float", "data": 0.0014624801914155355}, "max_rme": {"type": "float", "data": 0.003489615428611176}, "simu": {"type": "float", "data": 0.002}}, {"type": "dict", "image_number": {"type": "int", "data": 10}, "Hcamera2end": {"type": "ndarray", "data": [[0.9999955260984226, 0.0029907428910339023, 5.692186489969606e-05, -0.014061550366446508], [-6.106875627901885e-05, 0.001386502663040523, 0.9999990369400225, 0.0246268287500278], [0.002990661088451852, -0.9999945665189012, 0.0013866791009128354, 0.03374917292490185], [0.0, 0.0, 0.0, 1.0]]}, "Hobj2base": {"type": "ndarray", "data": [[0.9999954996714434, 0.0029861272100135403, -0.00028927693641744905, -0.7369333680597843], [0.00298628884371237, -0.9999953842626701, 0.000559939546887548, 0.08951019296016183], [-0.0002876035504741715, -0.000560800891463582, -0.999999801393259, 0.0005331121274356032], [0.0, 0.0, 0.0, 1.0]]}, "mean_rme": {"type": "float", "data": 0.001486649689109482}, "max_rme": {"type": "float", "data": 0.003518446379675272}, "simu": {"type": "float", "data": 0.002}}, {"type": "dict", "image_number": {"type": "int", "data": 11}, "Hcamera2end": {"type": "ndarray", "data": [[0.999995199489497, 0.0030955666150878883, -0.0001358870584478491, -0.01438141038644012], [0.00013164301837496764, 0.0013711683953284703, 0.9999990512832234, 0.02444060124500232], [0.0030957500023117857, -0.9999942686658573, 0.0013707543032874803, 0.03372976334093884], [0.0, 0.0, 0.0, 1.0]]}, "Hobj2base": {"type": "ndarray", "data": [[0.9999951074021651, 0.0031154873984947603, -0.00028090924180350417, -0.736827573582773], [0.003115597128057651, -0.9999950700609068, 0.0003910350600890833, 0.08914341543947035], [-0.0002796895921359741, -0.00039190834693880283, -0.9999998840907833, 0.0007585979656886929], [0.0, 0.0, 0.0, 1.0]]}, "mean_rme": {"type": "float", "data": 0.0014173558552837949}, "max_rme": {"type": "float", "data": 0.003605391006915565}, "simu": {"type": "float", "data": 0.002}}, {"type": "dict", "image_number": {"type": "int", "data": 12}, "Hcamera2end": {"type": "ndarray", "data": [[0.9999906815090809, 0.004306259445474863, -0.0003049993313427564, -0.014310991459483485], [0.00029974778055011364, 0.0012201083871765661, 0.9999992107430843, 0.024073474824658374], [0.0043066281789720705, -0.9999899836823926, 0.0012188062258964294, 0.03382975146264118], [0.0, 0.0, 0.0, 1.0]]}, "Hobj2base": {"type": "ndarray", "data": [[0.999990575436852, 0.004217488917772053, -0.0010304487867416948, -0.7371377552319035], [0.004218021829272641, -0.9999909712145574, 0.0005155397307252322, 0.08925070378491955], [-0.0010282651999396848, -0.0005198813274649087, -0.9999993361968216, 0.0010824297009346766], [0.0, 0.0, 0.0, 1.0]]}, "mean_rme": {"type": "float", "data": 0.001427906121495959}, "max_rme": {"type": "float", "data": 0.0039545718294664856}, "simu": {"type": "float", "data": 0.002}}, {"type": "dict", "image_number": {"type": "int", "data": 13}, "Hcamera2end": {"type": "ndarray", "data": [[0.9999905567129479, 0.004325197667354964, -0.0004232612276772656, -0.014460492802504669], [0.000417162983532021, 0.0014107391132207603, 0.9999989178945143, 0.023774041282906295], [0.004325790098203836, -0.9999896511865973, 0.0014089214788430837, 0.033991576391591394], [0.0, 0.0, 0.0, 1.0]]}, "Hobj2base": {"type": "ndarray", "data": [[0.9999904661765524, 0.004217503530761611, -0.0011314680593642885, -0.7372472303909162], [0.0042178925828939215, -0.999991046277829, 0.00034168162395230555, 0.08892347572196067], [-0.0011300168850582242, -0.00034645077715540155, -0.9999993015166053, 0.0012889068138509352], [0.0, 0.0, 0.0, 1.0]]}, "mean_rme": {"type": "float", "data": 0.0014903766631073772}, "max_rme": {"type": "float", "data": 0.003852137861795335}, "simu": {"type": "float", "data": 0.002}}, {"type": "dict", "image_number": {"type": "int", "data": 14}, "Hcamera2end": {"type": "ndarray", "data": [[0.9999915072185064, 0.00411689598483698, -0.0001914635996521155, -0.014620882947925287], [0.00018522279361367312, 0.0015162286710999062, 0.9999988333708865, 0.023810084845287398], [0.0041171814845455314, -0.9999903760627236, 0.0015154532511257868, 0.03338293367380992], [0.0, 0.0, 0.0, 1.0]]}, "Hobj2base": {"type": "ndarray", "data": [[0.9999913842001678, 0.0039780097429614565, -0.0011861550983644617, -0.7366441966100767], [0.003978646832976779, -0.9999919419165866, 0.0005352301109770894, 0.08898165879895772], [-0.001184016389631545, -0.0005399447917671161, -0.9999991532820465, 0.0012422347501113548], [0.0, 0.0, 0.0, 1.0]]}, "mean_rme": {"type": "float", "data": 0.0014621392330834487}, "max_rme": {"type": "float", "data": 0.003938343460279076}, "simu": {"type": "float", "data": 0.002}}, {"type": "dict", "image_number": {"type": "int", "data": 15}, "Hcamera2end": {"type": "ndarray", "data": [[0.9999926126739914, 0.0038437402054051807, -1.608346432220662e-05, -0.014539046884759332], [9.042080470522077e-06, 0.0018319197666918363, 0.9999983219926967, 0.02396406629028645], [0.003843763219197253, -0.9999909348245122, 0.0018318714782951107, 0.03280750129672937], [0.0, 0.0, 0.0, 1.0]]}, "Hobj2base": {"type": "ndarray", "data": [[0.9999925202107345, 0.003612609031149776, -0.0013815131457572379, -0.7361759211941489], [0.0036135134121451193, -0.9999932582316755, 0.0006526959605234103, 0.08927194479307099], [-0.0013791458965940907, -0.0006576831947764198, -0.9999988327040239, 0.0011439512547851804], [0.0, 0.0, 0.0, 1.0]]}, "mean_rme": {"type": "float", "data": 0.0014396971697039167}, "max_rme": {"type": "float", "data": 0.004227726430251294}, "simu": {"type": "float", "data": 0.002}}, {"type": "dict", "image_number": {"type": "int", "data": 16}, "Hcamera2end": {"type": "ndarray", "data": [[0.9999915957023775, 0.004099577641218587, -4.45844853492975e-05, -0.014642566313130968], [3.682308207875835e-05, 0.0018932762067767062, 0.9999982070730257, 0.023880282440316272], [0.0040996547017205535, -0.9999898044322096, 0.0018931093360360363, 0.03265831243187929], [0.0, 0.0, 0.0, 1.0]]}, "Hobj2base": {"type": "ndarray", "data": [[0.9999917337686012, 0.0037926132765986748, -0.0014657690818343518, -0.736233199715507], [0.003793687129705998, -0.999992537099498, 0.0007305362900959822, 0.08908134314012385], [-0.00146298750131268, -0.000736090920614839, -0.9999986589179646, 0.0011636765531937501], [0.0, 0.0, 0.0, 1.0]]}, "mean_rme": {"type": "float", "data": 0.0014347951595290297}, "max_rme": {"type": "float", "data": 0.0041806345742048945}, "simu": {"type": "float", "data": 0.002}}, {"type": "dict", "image_number": {"type": "int", "data": 17}, "Hcamera2end": {"type": "ndarray", "data": [[0.9999919145510007, 0.004015257005369073, -0.00022032658739616845, -0.014603092648319192], [0.00021260499897878286, 0.0019233874429112063, 0.9999981276881766, 0.02375868243688236], [0.004015673260947445, -0.9999900890968496, 0.001922518227748582, 0.032448201935845106], [0.0, 0.0, 0.0, 1.0]]}, "Hobj2base": {"type": "ndarray", "data": [[0.9999920643230754, 0.003672791644798058, -0.001543338073188251, -0.7360970953970056], [0.003673746054373921, -0.9999930620263746, 0.0006160268201452608, 0.08898589846153598], [-0.0015410648273914032, -0.0006216917637123796, -0.999998619308321, 0.0013109173877590631], [0.0, 0.0, 0.0, 1.0]]}, "mean_rme": {"type": "float", "data": 0.001389987722674583}, "max_rme": {"type": "float", "data": 0.004137746106525814}, "simu": {"type": "float", "data": 0.002}}, {"type": "dict", "image_number": {"type": "int", "data": 18}, "Hcamera2end": {"type": "ndarray", "data": [[0.9999927091846782, 0.0038112971607608473, -0.00023577837060288352, -0.014431427415428917], [0.00022823165708394147, 0.0019804042279216727, 0.999998012952728, 0.02357342463206595], [0.003811756524015217, -0.9999907759639816, 0.0019795199304936117, 0.03225152923906663], [0.0, 0.0, 0.0, 1.0]]}, "Hobj2base": {"type": "ndarray", "data": [[0.999992772328419, 0.003488886557012089, -0.001510947224480186, -0.73582759666091], [0.003489843750566163, -0.9999937111847497, 0.0006313331512224447, 0.08908340679802204], [-0.0015087350726679426, -0.0006366015578825569, -0.9999986592275694, 0.001412558229985727], [0.0, 0.0, 0.0, 1.0]]}, "mean_rme": {"type": "float", "data": 0.0013881263079530033}, "max_rme": {"type": "float", "data": 0.004040511205773506}, "simu": {"type": "float", "data": 0.002}}, {"type": "dict", "image_number": {"type": "int", "data": 19}, "Hcamera2end": {"type": "ndarray", "data": [[0.9999929666207076, 0.003741924557733767, -0.00025438105417798494, -0.014294196061594234], [0.0002469557887654558, 0.0019846721868382877, 0.9999980000425749, 0.023804122035618526], [0.0037424219370470486, -0.9999910294982227, 0.001983734137955384, 0.032628964527449913], [0.0, 0.0, 0.0, 1.0]]}, "Hobj2base": {"type": "ndarray", "data": [[0.9999931061860214, 0.0034103286597914305, -0.0014687541879691288, -0.7361062149050782], [0.0034112487940774396, -0.9999939867202285, 0.0006244237730480356, 0.08933925550090631], [-0.0014666158656502003, -0.0006294297543392063, -0.9999987264272325, 0.0012202659462650996], [0.0, 0.0, 0.0, 1.0]]}, "mean_rme": {"type": "float", "data": 0.0014215176322366445}, "max_rme": {"type": "float", "data": 0.004136309163903534}, "simu": {"type": "float", "data": 0.002}}, {"type": "dict", "image_number": {"type": "int", "data": 20}, "Hcamera2end": {"type": "ndarray", "data": [[0.9999930593757529, 0.0037209888448035593, -0.00018826135796360787, -0.01428040897984267], [0.00018113248397040463, 0.0019160988596783612, 0.9999981478763765, 0.0241732389375184], [0.0037213426804455323, -0.9999912413652318, 0.0019154115688039264, 0.03260296883891913], [0.0, 0.0, 0.0, 1.0]]}, "Hobj2base": {"type": "ndarray", "data": [[0.9999930880924504, 0.003425627014751519, -0.0014452843597528853, -0.7361100296160851], [0.0034264011650287952, -0.9999939875566706, 0.0005335031077356626, 0.0890725680841307], [-0.001443448087404264, -0.0005384515442255596, -0.9999988132630728, 0.0008872664985528939], [0.0, 0.0, 0.0, 1.0]]}, "mean_rme": {"type": "float", "data": 0.0014234223839260326}, "max_rme": {"type": "float", "data": 0.004046733718697765}, "simu": {"type": "float", "data": 0.002}}, {"type": "dict", "image_number": {"type": "int", "data": 21}, "Hcamera2end": {"type": "ndarray", "data": [[0.9999931418568164, 0.003703527656165855, -1.1055908947889227e-05, -0.014329876283417559], [3.9421167659751954e-06, 0.0019208169837670042, 0.9999981552215854, 0.024326995550000525], [0.003703542060355656, -0.9999912971346373, 0.001920789210790641, 0.032535760872307105], [0.0, 0.0, 0.0, 1.0]]}, "Hobj2base": {"type": "ndarray", "data": [[0.9999931590174633, 0.003410837460114244, -0.0014311205732015597, -0.7359918507841641], [0.003411849767015747, -0.9999939307510493, 0.0007055084927238942, 0.08921257666936169], [-0.0014287055125791108, -0.0007103864347468653, -0.9999987270750257, 0.0009693583256785789], [0.0, 0.0, 0.0, 1.0]]}, "mean_rme": {"type": "float", "data": 0.0014891055122448207}, "max_rme": {"type": "float", "data": 0.004242350503705}, "simu": {"type": "float", "data": 0.002}}, {"type": "dict", "image_number": {"type": "int", "data": 22}, "Hcamera2end": {"type": "ndarray", "data": [[0.9999945775084874, 0.003293006119656586, -3.2623880147567745e-05, -0.014472028319201139], [2.6354516928186805e-05, 0.0019038673969199449, 0.9999981872955443, 0.024344313074652672], [0.0032930622619514946, -0.9999927656736478, 0.0019037702876296692, 0.03258636476208969], [0.0, 0.0, 0.0, 1.0]]}, "Hobj2base": {"type": "ndarray", "data": [[0.99999447626832, 0.0030785268948748117, -0.00125303830979934, -0.7358033704476199], [0.00307943695922288, -0.9999949957046763, 0.0007250059437284009, 0.08920890187014524], [-0.001250800088928874, -0.0007288605914726196, -0.9999989521301387, 0.000978480697634381], [0.0, 0.0, 0.0, 1.0]]}, "mean_rme": {"type": "float", "data": 0.001485569421934049}, "max_rme": {"type": "float", "data": 0.00426185574176749}, "simu": {"type": "float", "data": 0.002}}, {"type": "dict", "image_number": {"type": "int", "data": 23}, "Hcamera2end": {"type": "ndarray", "data": [[0.9999959021132284, 0.0028602573762578493, -0.00012117958556210869, -0.01396140995026023], [0.0001158705334965589, 0.0018562376067986497, 0.9999982704764878, 0.02428452015698563], [0.002860477367479362, -0.9999941866379469, 0.0018558985805989803, 0.03261462536900645], [0.0, 0.0, 0.0, 1.0]]}, "Hobj2base": {"type": "ndarray", "data": [[0.9999958003752658, 0.0026958707245125562, -0.0010637259366165564, -0.7355196645165778], [0.0026965585525292593, -0.9999961558027561, 0.0006457179597441669, 0.08967526899607359], [-0.0010619810753002758, -0.0006485836472429825, -0.9999992257674248, 0.0007999284402261024], [0.0, 0.0, 0.0, 1.0]]}, "mean_rme": {"type": "float", "data": 0.0015379108750288176}, "max_rme": {"type": "float", "data": 0.004271846870329249}, "simu": {"type": "float", "data": 0.002}}, {"type": "dict", "image_number": {"type": "int", "data": 24}, "Hcamera2end": {"type": "ndarray", "data": [[0.9999962554686295, 0.00273622566975207, -4.601960222446518e-05, -0.014007303686327913], [4.124520545888111e-05, 0.0017449149624395588, 0.9999984767841436, 0.024162979155184342], [0.002736301802182229, -0.9999947341565646, 0.0017447955723608466, 0.03232316119141099], [0.0, 0.0, 0.0, 1.0]]}, "Hobj2base": {"type": "ndarray", "data": [[0.9999961277095044, 0.002632413801027203, -0.0009027533310810604, -0.7352018696910251], [0.002633014405234232, -0.9999963126573155, 0.0006647607950959727, 0.08958421078802625], [-0.0009010000768287765, -0.0006671351834741737, -0.999999371564557, 0.0009506273832938644], [0.0, 0.0, 0.0, 1.0]]}, "mean_rme": {"type": "float", "data": 0.0015309243100609948}, "max_rme": {"type": "float", "data": 0.0042964652335040765}, "simu": {"type": "float", "data": 0.002}}, {"type": "dict", "image_number": {"type": "int", "data": 25}, "Hcamera2end": {"type": "ndarray", "data": [[0.9999962595175845, 0.0027350889094343296, -1.547570068014155e-05, -0.014001540564451444], [1.0638816577365935e-05, 0.0017684615954212113, 0.999998436213978, 0.0242005135605395], [0.0027351120005228388, -0.9999946959020549, 0.0017684258824124388, 0.03231378693756174], [0.0, 0.0, 0.0, 1.0]]}, "Hobj2base": {"type": "ndarray", "data": [[0.9999961667725346, 0.0026060228885414704, -0.00093545974876211, -0.7352143673633273], [0.0026066480285747017, -0.9999963797919391, 0.0006676743754191501, 0.08961689729499672], [-0.0009337163874987517, -0.0006701102303813181, -0.9999993395627758, 0.0009615427852978487], [0.0, 0.0, 0.0, 1.0]]}, "mean_rme": {"type": "float", "data": 0.0014963397204661724}, "max_rme": {"type": "float", "data": 0.004293830430750906}, "simu": {"type": "float", "data": 0.002}}, {"type": "dict", "image_number": {"type": "int", "data": 26}, "Hcamera2end": {"type": "ndarray", "data": [[0.9999962458360071, 0.0027398801658331333, -3.7021194944216514e-05, -0.01453594152669614], [3.2348989324883486e-05, 0.0017052837831793566, 0.9999985454793232, 0.02444895225859235], [0.0027399393122641523, -0.9999947925183892, 0.0017051887489101247, 0.032460876699504836], [0.0, 0.0, 0.0, 1.0]]}, "Hobj2base": {"type": "ndarray", "data": [[0.9999961705286291, 0.002615187427636278, -0.0009053854402112128, -0.7355913921619369], [0.0026157500093445065, -0.9999963862559333, 0.0006207471001212389, 0.08916825510877881], [-0.0009037587983679717, -0.0006231129849616834, -0.9999993974749393, 0.0009907730032689239], [0.0, 0.0, 0.0, 1.0]]}, "mean_rme": {"type": "float", "data": 0.0015386178991868091}, "max_rme": {"type": "float", "data": 0.0061438128663424685}, "simu": {"type": "float", "data": 0.002}}, {"type": "dict", "image_number": {"type": "int", "data": 27}, "Hcamera2end": {"type": "ndarray", "data": [[0.9999962360125201, 0.002743429505425752, -3.943781198749289e-05, -0.014567395917967772], [3.4703777179693725e-05, 0.0017256163066053931, 0.9999985105208958, 0.02449457935110951], [0.0027434934736762923, -0.9999947479076633, 0.001725514604041023, 0.032458474035057236], [0.0, 0.0, 0.0, 1.0]]}, "Hobj2base": {"type": "ndarray", "data": [[0.9999961705625736, 0.0026079999844898965, -0.000925848945101632, -0.7356284003663627], [0.0026085894200077887, -0.9999963953712927, 0.0006360075935339077, 0.08915077118507171], [-0.0009241868999658741, -0.0006384203177453432, -0.9999993691488369, 0.0009810665971693897], [0.0, 0.0, 0.0, 1.0]]}, "mean_rme": {"type": "float", "data": 0.001501819055634987}, "max_rme": {"type": "float", "data": 0.006082149457916519}, "simu": {"type": "float", "data": 0.002}}, {"type": "dict", "image_number": {"type": "int", "data": 28}, "Hcamera2end": {"type": "ndarray", "data": [[0.9999961726077934, 0.002766249081632391, -5.133987478266413e-05, -0.014685776903778577], [4.660550921237335e-05, 0.0017115120721444832, 0.9999985342761026, 0.02457369903796121], [0.002766332895890479, -0.9999947092822268, 0.0017113765990693919, 0.03231746423491829], [0.0, 0.0, 0.0, 1.0]]}, "Hobj2base": {"type": "ndarray", "data": [[0.9999960963432031, 0.002641520183765115, -0.0009108619401293242, -0.7354346854382576], [0.002642096279504925, -0.9999963100389864, 0.000631850979658404, 0.08909449410171144], [-0.0009091895319683773, -0.0006342550980721909, -0.9999993855472438, 0.0009731958425506425], [0.0, 0.0, 0.0, 1.0]]}, "mean_rme": {"type": "float", "data": 0.001491984992997958}, "max_rme": {"type": "float", "data": 0.006099649488401804}, "simu": {"type": "float", "data": 0.002}}, {"type": "dict", "image_number": {"type": "int", "data": 29}, "Hcamera2end": {"type": "ndarray", "data": [[0.9999988424715227, 0.001521434671587562, 1.7092539465002202e-05, -0.01451894654927768], [-1.978002530910524e-05, 0.0017664180185075207, 0.9999984396868501, 0.02354165981952624], [0.0015214021051033438, -0.9999972824982698, 0.001766446067844707, 0.032375336788640165], [0.0, 0.0, 0.0, 1.0]]}, "Hobj2base": {"type": "ndarray", "data": [[0.9999988174083992, 0.001503818968119901, -0.0003220408579262263, -0.7352465503925797], [0.001504034664607492, -0.9999986440945401, 0.0006705884047431452, 0.08994970012480806], [-0.00032103197770641485, -0.0006710719723246712, -0.9999997233004001, 0.001641758376743683], [0.0, 0.0, 0.0, 1.0]]}, "mean_rme": {"type": "float", "data": 0.001505338362328936}, "max_rme": {"type": "float", "data": 0.006245565589908547}, "simu": {"type": "float", "data": 0.002}}, {"type": "dict", "image_number": {"type": "int", "data": 30}, "Hcamera2end": {"type": "ndarray", "data": [[0.9999988290110693, 0.0015301291797027304, 2.6099493167492977e-05, -0.014445960755198151], [-2.8913050768375058e-05, 0.001838778003089958, 0.9999983090283158, 0.023564683673226006], [0.0015300786011236858, -0.9999971387959812, 0.0018388200906038765, 0.03232644603734175], [0.0, 0.0, 0.0, 1.0]]}, "Hobj2base": {"type": "ndarray", "data": [[0.9999988195473523, 0.001498588208251849, -0.000339318853165117, -0.7351897286765698], [0.0014988464495512522, -0.999998586340388, 0.0007620869673334999, 0.09008277476313382], [-0.00033817631894085044, -0.0007625946545842539, -0.9999996520430243, 0.001745673850987948], [0.0, 0.0, 0.0, 1.0]]}, "mean_rme": {"type": "float", "data": 0.001537218889823542}, "max_rme": {"type": "float", "data": 0.006367622763483599}, "simu": {"type": "float", "data": 0.002}}]}