{"type": "list", "data": [{"type": "dict", "image_number": {"type": "int", "data": 5}, "Hcamera2end": {"type": "ndarray", "data": [[0.9999951224193087, 0.003121978729876222, -9.157730111401872e-05, -0.01473690292394298], [9.543832800405273e-05, -0.0012365977323440802, 0.9999992308584912, 0.023586206109108797], [0.0031218630843498994, -0.9999943620215358, -0.0012368896571688381, 0.031768609384073006], [0.0, 0.0, 0.0, 1.0]]}, "Hobj2base": {"type": "ndarray", "data": [[0.9999904873334343, 0.003519640937585176, 0.002576309436180124, -0.7332338367668422], [0.0035279031235628173, -0.9999886264500775, -0.0032094968513273255, 0.0900810327114003], [0.002564983857889153, 0.003218555290561099, -0.9999915308439622, 0.002071066101084318], [0.0, 0.0, 0.0, 1.0]]}, "mean_rme": {"type": "float", "data": 0.0012605511432399743}, "max_rme": {"type": "float", "data": 0.004175364610948917}, "simu": {"type": "float", "data": 0.002}}, {"type": "dict", "image_number": {"type": "int", "data": 6}, "Hcamera2end": {"type": "ndarray", "data": [[0.9999952992232631, 0.002848321332555466, 0.0011351638484985642, -0.015148134725089312], [-0.001130196932462863, -0.0017448087262557088, 0.9999978391463666, 0.02357021767824379], [0.0028502958215385556, -0.9999944213384868, -0.0017415813602668084, 0.03243921585993612], [0.0, 0.0, 0.0, 1.0]]}, "Hobj2base": {"type": "ndarray", "data": [[0.9999905770550765, 0.0031928064543379157, 0.0029413921874131732, -0.7336796542721852], [0.0031983579580452262, -0.9999931093589975, -0.001884606297390349, 0.09028736548073568], [0.0029353547361853686, 0.001893996163959351, -0.9999938982169361, 0.0019494166762958343], [0.0, 0.0, 0.0, 1.0]]}, "mean_rme": {"type": "float", "data": 0.0011238583281397696}, "max_rme": {"type": "float", "data": 0.004310066737032159}, "simu": {"type": "float", "data": 0.002}}, {"type": "dict", "image_number": {"type": "int", "data": 7}, "Hcamera2end": {"type": "ndarray", "data": [[0.999995879820199, 0.0028205555171839057, 0.0005336751826381342, -0.014990704577716132], [-0.0005328522381077749, -0.0002925102440032301, 0.9999998152531078, 0.02382052727576599], [0.002820711101552931, -0.9999959794440836, -0.0002910060994885111, 0.031960125920855766], [0.0, 0.0, 0.0, 1.0]]}, "Hobj2base": {"type": "ndarray", "data": [[0.999994173557531, 0.0031332534355903463, 0.0013548335318530453, -0.7339963545111303], [0.0031359163670761883, -0.9999931467389878, -0.0019678677789331175, 0.09023616575920224], [0.0013486584183460939, 0.0019721049579119188, -0.9999971459571797, 0.0022234182649894124], [0.0, 0.0, 0.0, 1.0]]}, "mean_rme": {"type": "float", "data": 0.001057153784745552}, "max_rme": {"type": "float", "data": 0.0039266948039722305}, "simu": {"type": "float", "data": 0.002}}, {"type": "dict", "image_number": {"type": "int", "data": 8}, "Hcamera2end": {"type": "ndarray", "data": [[0.9999959271212063, 0.002740462964391779, 0.0007972476025861057, -0.015001789322454856], [-0.0007955461679363122, -0.0006218906737636143, 0.9999994901790121, 0.024040071555680283], [0.002740957368094973, -0.99999605154957, -0.0006197079760685842, 0.03291985799532492], [0.0, 0.0, 0.0, 1.0]]}, "Hobj2base": {"type": "ndarray", "data": [[0.9999941252757022, 0.003026276668244346, 0.0016096781077364493, -0.7347872150352232], [0.0030288556974814034, -0.9999941295017822, -0.0016021844891161256, 0.09005864743140982], [0.0016048200045863511, 0.0016070505594317063, -0.9999974209673008, 0.0023081098624703755], [0.0, 0.0, 0.0, 1.0]]}, "mean_rme": {"type": "float", "data": 0.0012354226166056354}, "max_rme": {"type": "float", "data": 0.004187840913625229}, "simu": {"type": "float", "data": 0.002}}, {"type": "dict", "image_number": {"type": "int", "data": 9}, "Hcamera2end": {"type": "ndarray", "data": [[0.9999959882693354, 0.002764291354409327, 0.0006181735541916549, -0.015031314283560224], [-0.0006164249529668484, -0.0006333748834894681, 0.9999996094281912, 0.024151151860537356], [0.0027646818103579138, -0.9999959787566975, -0.0006316683643918797, 0.03291430986161387], [0.0, 0.0, 0.0, 1.0]]}, "Hobj2base": {"type": "ndarray", "data": [[0.9999942976005305, 0.0030302659993898494, 0.0014907227759355156, -0.7348553290392118], [0.003032666352424238, -0.9999941044700535, -0.0016105775145396517, 0.09006950304630586], [0.001485833509053057, 0.0016150891951866593, -0.999997591889938, 0.002539404471414356], [0.0, 0.0, 0.0, 1.0]]}, "mean_rme": {"type": "float", "data": 0.0012484825433948226}, "max_rme": {"type": "float", "data": 0.004309874100516198}, "simu": {"type": "float", "data": 0.002}}, {"type": "dict", "image_number": {"type": "int", "data": 10}, "Hcamera2end": {"type": "ndarray", "data": [[0.9999953469025873, 0.0030322319686217894, 0.0003342790189421569, -0.01511425654768351], [-0.00033329934141162966, -0.00032358749156546907, 0.9999998921013364, 0.023971269935934264], [0.0030323398099572343, -0.9999953504194028, -0.0003225753449633828, 0.03249744470134843], [0.0, 0.0, 0.0, 1.0]]}, "Hobj2base": {"type": "ndarray", "data": [[0.9999941371583386, 0.0032398256179750253, 0.0011086834151448428, -0.7348177310078061], [0.0032415866218903234, -0.9999934815407183, -0.0015902805557368321, 0.08968376484366009], [0.0011035239565529013, 0.001593865125500182, -0.999998120912654, 0.002398284341179746], [0.0, 0.0, 0.0, 1.0]]}, "mean_rme": {"type": "float", "data": 0.0013324588098410344}, "max_rme": {"type": "float", "data": 0.004365450098659074}, "simu": {"type": "float", "data": 0.002}}, {"type": "dict", "image_number": {"type": "int", "data": 11}, "Hcamera2end": {"type": "ndarray", "data": [[0.9999952347214804, 0.003080783876770899, 0.00019825497680843397, -0.01512108773933828], [-0.00019993360259625156, 0.0005445712763796351, 0.9999998317343257, 0.0239380061399483], [0.0030806753944149527, -0.9999951060944396, 0.0005451846335651211, 0.03231616666747475], [0.0, 0.0, 0.0, 1.0]]}, "Hobj2base": {"type": "ndarray", "data": [[0.9999945597107732, 0.003287977544642281, 0.0002641070289751745, -0.7350931260285914], [0.003288341944316967, -0.9999936254334556, -0.0013913661310440187, 0.08970875906881733], [0.00025953056481209494, 0.0013922270358310133, -0.9999989971733803, 0.0023642608746448383], [0.0, 0.0, 0.0, 1.0]]}, "mean_rme": {"type": "float", "data": 0.0013060206220915774}, "max_rme": {"type": "float", "data": 0.004343568541121168}, "simu": {"type": "float", "data": 0.002}}, {"type": "dict", "image_number": {"type": "int", "data": 12}, "Hcamera2end": {"type": "ndarray", "data": [[0.9999959184327808, 0.002842088420453457, 0.0002926622450077777, -0.015344946482408854], [-0.00029374867748689485, 0.0003818556382992888, 0.9999998839489861, 0.023925845452130407], [0.002841976335897841, -0.999995888351388, 0.0003826889394445976, 0.03247369703133908], [0.0, 0.0, 0.0, 1.0]]}, "Hobj2base": {"type": "ndarray", "data": [[0.9999952938530796, 0.0030458586789978326, 0.00036744605128142903, -0.7350698593640329], [0.003046306216674091, -0.9999946113718317, -0.0012236199298998407, 0.0895643239212738], [0.0003637170978680068, 0.0012247335245549867, -0.9999991838684998, 0.0022837002340548814], [0.0, 0.0, 0.0, 1.0]]}, "mean_rme": {"type": "float", "data": 0.001259703913073346}, "max_rme": {"type": "float", "data": 0.004281886505474175}, "simu": {"type": "float", "data": 0.002}}, {"type": "dict", "image_number": {"type": "int", "data": 13}, "Hcamera2end": {"type": "ndarray", "data": [[0.9999986353236097, 0.001636002553008151, 0.00022988380711062796, -0.01516946170004796], [-0.0002303699431720343, 0.00029696647888199923, 0.9999999293702972, 0.023927630579066085], [0.0016359341696730277, -0.999998617652323, 0.00029734295943406597, 0.03270550198970716], [0.0, 0.0, 0.0, 1.0]]}, "Hobj2base": {"type": "ndarray", "data": [[0.9999981896747947, 0.0018596358483800666, 0.00040299087419753884, -0.7347368079926164], [0.001860062068239306, -0.9999977084300007, -0.0010598602972435433, 0.08998739140339694], [0.0004010189965127126, 0.0010606079665906746, -0.9999993571470462, 0.0023722174083050107], [0.0, 0.0, 0.0, 1.0]]}, "mean_rme": {"type": "float", "data": 0.0013427998695812735}, "max_rme": {"type": "float", "data": 0.0047188359257800405}, "simu": {"type": "float", "data": 0.002}}, {"type": "dict", "image_number": {"type": "int", "data": 14}, "Hcamera2end": {"type": "ndarray", "data": [[0.9999985692531363, 0.0016401725328297535, 0.0004139151395670481, -0.014961814342509969], [-0.0004139669932898696, 3.127543493075535e-05, 0.999999913826584, 0.023947355642567607], [0.0016401594461144696, -0.9999986544270496, 3.195436747538416e-05, 0.03262003285856583], [0.0, 0.0, 0.0, 1.0]]}, "Hobj2base": {"type": "ndarray", "data": [[0.9999981056839681, 0.0018581442594206396, 0.0005795932941045146, -0.734663265946377], [0.0018585952478988768, -0.9999979697426096, -0.0007785463137110643, 0.0903540259773484], [0.0005781454660174308, 0.0007796220682404374, -0.9999995289685142, 0.0024842337829870426], [0.0, 0.0, 0.0, 1.0]]}, "mean_rme": {"type": "float", "data": 0.001372163793140264}, "max_rme": {"type": "float", "data": 0.004829688121958442}, "simu": {"type": "float", "data": 0.002}}, {"type": "dict", "image_number": {"type": "int", "data": 15}, "Hcamera2end": {"type": "ndarray", "data": [[0.9999981930602447, 0.0018637410323128784, 0.0003746272948902808, -0.014979498603251568], [-0.0003745967245770179, -1.675171041060075e-05, 0.9999999296983345, 0.02393178990748714], [0.001863747176936736, -0.9999982630928638, -1.605352885514222e-05, 0.03276046609541426], [0.0, 0.0, 0.0, 1.0]]}, "Hobj2base": {"type": "ndarray", "data": [[0.9999977773859375, 0.0020480465187351945, 0.0005007281119610349, -0.7346112399181404], [0.0020484527514406064, -0.9999975721469265, -0.0008121216521342249, 0.09039560765254998], [0.0004990636333443063, 0.0008131455649798907, -0.9999995448647867, 0.0025431640189127877], [0.0, 0.0, 0.0, 1.0]]}, "mean_rme": {"type": "float", "data": 0.0013837444794733847}, "max_rme": {"type": "float", "data": 0.00462454626037323}, "simu": {"type": "float", "data": 0.002}}, {"type": "dict", "image_number": {"type": "int", "data": 16}, "Hcamera2end": {"type": "ndarray", "data": [[0.9999984721715872, 0.0017075679091950904, 0.000373987067581587, -0.015046932086598797], [-0.0003738947723875099, -5.4369578321944445e-05, 0.9999999286233214, 0.023932719692667484], [0.001707588120833727, -0.9999985406268272, -5.3731044539873096e-05, 0.03289496162007326], [0.0, 0.0, 0.0, 1.0]]}, "Hobj2base": {"type": "ndarray", "data": [[0.9999980618567114, 0.0018967075873703445, 0.0005279991940252299, -0.734603111149436], [0.0018971027367030008, -0.9999979200744096, -0.0007488978976529545, 0.09030897156262749], [0.0005265776555015506, 0.0007498981148974825, -0.9999995801843069, 0.0025206639684702582], [0.0, 0.0, 0.0, 1.0]]}, "mean_rme": {"type": "float", "data": 0.0013639234715132442}, "max_rme": {"type": "float", "data": 0.004516785482727381}, "simu": {"type": "float", "data": 0.002}}, {"type": "dict", "image_number": {"type": "int", "data": 17}, "Hcamera2end": {"type": "ndarray", "data": [[0.9999985677349975, 0.001640472022530105, 0.00041638863688235844, -0.015072444829916244], [-0.00041627339148739403, -7.059217898808257e-05, 0.9999999108666, 0.0240080418348934], [0.0016405012700904393, -0.9999986519332351, -6.990919302896081e-05, 0.03298104851289425], [0.0, 0.0, 0.0, 1.0]]}, "Hobj2base": {"type": "ndarray", "data": [[0.9999981315657146, 0.0018572734769140879, 0.0005360972967773843, -0.7346303410293633], [0.0018576484417675116, -0.9999980297190652, -0.0006997858638031196, 0.09024329803674733], [0.00053479654679074, 0.0007007804366072135, -0.9999996114496414, 0.00257995960344903], [0.0, 0.0, 0.0, 1.0]]}, "mean_rme": {"type": "float", "data": 0.0013626380433130038}, "max_rme": {"type": "float", "data": 0.004473674423357166}, "simu": {"type": "float", "data": 0.002}}, {"type": "dict", "image_number": {"type": "int", "data": 18}, "Hcamera2end": {"type": "ndarray", "data": [[0.999998773823859, 0.001494172911684603, 0.00046882628811874196, -0.014660738523004174], [-0.0004685783954829158, -0.00016625200826747566, 0.999999876397271, 0.023949957846190476], [0.0014942506703126816, -0.9999988699031513, -0.00016555166726761605, 0.03326861830265137], [0.0, 0.0, 0.0, 1.0]]}, "Hobj2base": {"type": "ndarray", "data": [[0.9999983502754003, 0.0017096807225261547, 0.0006135456827352422, -0.734982068230043], [0.0017100534345867724, -0.9999983533517356, -0.0006074628127663915, 0.09061321955067217], [0.0006125061049806702, 0.0006085110065220832, -0.999999627275244, 0.002515792818333735], [0.0, 0.0, 0.0, 1.0]]}, "mean_rme": {"type": "float", "data": 0.0014153145429852188}, "max_rme": {"type": "float", "data": 0.0045937686715832315}, "simu": {"type": "float", "data": 0.002}}, {"type": "dict", "image_number": {"type": "int", "data": 19}, "Hcamera2end": {"type": "ndarray", "data": [[0.9999998356876676, 0.00019671995473359672, 0.0005384476735553935, -0.014515248413598612], [-0.0005384540523480127, 3.23742295240681e-05, 0.999999854509561, 0.025392893829301443], [0.00019670249428415366, -0.9999999801265842, 3.2480148861369074e-05, 0.03316649651144387], [0.0, 0.0, 0.0, 1.0]]}, "Hobj2base": {"type": "ndarray", "data": [[0.9999996935880907, 0.00037061884397419556, 0.0006895399895783507, -0.7347192179056541], [0.0003709420195631648, -0.9999998214014345, -0.00046861403949671483, 0.09075655238497293], [0.0006893661892339091, 0.00046886967526409606, -0.9999996524676824, 0.0010965280479243663], [0.0, 0.0, 0.0, 1.0]]}, "mean_rme": {"type": "float", "data": 0.0014606940965299416}, "max_rme": {"type": "float", "data": 0.004551840494348758}, "simu": {"type": "float", "data": 0.002}}, {"type": "dict", "image_number": {"type": "int", "data": 20}, "Hcamera2end": {"type": "ndarray", "data": [[0.9999994635509681, 0.0008835502598234196, 0.0005405892288702975, -0.014400131196481956], [-0.0005406944733050924, 0.00011888086654709973, 0.9999998467584015, 0.024682420042930052], [0.0008834858587107911, -0.9999996026030602, 0.00011935853351596748, 0.033074074731094846], [0.0, 0.0, 0.0, 1.0]]}, "Hobj2base": {"type": "ndarray", "data": [[0.9999992273211131, 0.001015794843457587, 0.000716601711281023, -0.7347226199862383], [0.0010159704591618686, -0.9999994539515766, -0.0002447459387407472, 0.09072200313658423], [0.0007163527083192584, 0.00024547379580037407, -0.9999997132906653, 0.0018683412797401017], [0.0, 0.0, 0.0, 1.0]]}, "mean_rme": {"type": "float", "data": 0.0014377821114993866}, "max_rme": {"type": "float", "data": 0.004505729961124194}, "simu": {"type": "float", "data": 0.002}}, {"type": "dict", "image_number": {"type": "int", "data": 21}, "Hcamera2end": {"type": "ndarray", "data": [[0.9999995596277783, 0.0008053905478144345, 0.000481757527204158, -0.014381155700751883], [-0.0004818934117303549, 0.00016853325763155347, 0.9999998696876318, 0.02490010454426439], [0.0008053092506966367, -0.9999996614712459, 0.00016892129581302928, 0.03310787419341961], [0.0, 0.0, 0.0, 1.0]]}, "Hobj2base": {"type": "ndarray", "data": [[0.9999993367083725, 0.0009456068727659085, 0.000657579240312334, -0.7347440147264862], [0.0009457094089128906, -0.9999995407054276, -0.00015563626659605097, 0.09084092573796446], [0.0006574317675664132, 0.00015625804223848755, -0.9999997716834215, 0.001678841575567995], [0.0, 0.0, 0.0, 1.0]]}, "mean_rme": {"type": "float", "data": 0.0014117792182081314}, "max_rme": {"type": "float", "data": 0.0044861395592060704}, "simu": {"type": "float", "data": 0.002}}, {"type": "dict", "image_number": {"type": "int", "data": 22}, "Hcamera2end": {"type": "ndarray", "data": [[0.9999994812626707, 0.0008524082295157908, 0.000557561296818536, -0.014549326822605874], [-0.0005576571409727941, 0.00011220572359693648, 0.9999998382141816, 0.024934267436374506], [0.0008523455300394682, -0.9999996304049749, 0.00011268101692785137, 0.03313666297304717], [0.0, 0.0, 0.0, 1.0]]}, "Hobj2base": {"type": "ndarray", "data": [[0.9999992787544337, 0.000984743486069451, 0.0006875833615220166, -0.7347142886081804], [0.000984794358748856, -0.9999995123775334, -7.365300954233306e-05, 0.09070888968145914], [0.0006875104969195458, 7.433008463602294e-05, -0.9999997609021487, 0.0017283745009403092], [0.0, 0.0, 0.0, 1.0]]}, "mean_rme": {"type": "float", "data": 0.0013919017999140647}, "max_rme": {"type": "float", "data": 0.0044419656159010446}, "simu": {"type": "float", "data": 0.002}}, {"type": "dict", "image_number": {"type": "int", "data": 23}, "Hcamera2end": {"type": "ndarray", "data": [[0.9999997032433986, 0.0006305951737994803, 0.00044256394055322947, -0.014446031723368944], [-0.00044265588114913496, 0.00014566760576095739, 0.999999891418354, 0.025010814922752634], [0.0006305306380988017, -0.9999997905653158, 0.00014594669919543168, 0.03313401048809818], [0.0, 0.0, 0.0, 1.0]]}, "Hobj2base": {"type": "ndarray", "data": [[0.999999505373459, 0.0007597786218525028, 0.0006418639132138083, -0.7348260814066327], [0.0007598872771128316, -0.9999996969960019, -0.00016905392816083474, 0.09073436653603162], [0.0006417352751659196, 0.00016954158876356402, -0.999999779715719, 0.0017881856160259092], [0.0, 0.0, 0.0, 1.0]]}, "mean_rme": {"type": "float", "data": 0.001425857672639583}, "max_rme": {"type": "float", "data": 0.0045739032195944995}, "simu": {"type": "float", "data": 0.002}}, {"type": "dict", "image_number": {"type": "int", "data": 24}, "Hcamera2end": {"type": "ndarray", "data": [[0.9999996146406982, 0.000835650365810668, 0.0002690853418092724, -0.014646380188875464], [-0.0002692320037571992, 0.0001753988204648005, 0.9999999483746895, 0.024336498696542086], [0.0008356031254184008, -0.9999996354617935, 0.00017562373669566256, 0.03298520790985349], [0.0, 0.0, 0.0, 1.0]]}, "Hobj2base": {"type": "ndarray", "data": [[0.9999993651315312, 0.0009712468318220102, 0.0005713283872832015, -0.7348859868007577], [0.0009713713729446051, -0.9999995045115875, -0.0002177481004945598, 0.09034624127773928], [0.0005711166170438652, 0.0002183029342931142, -0.9999998130848018, 0.0022924915745145013], [0.0, 0.0, 0.0, 1.0]]}, "mean_rme": {"type": "float", "data": 0.001489793098731411}, "max_rme": {"type": "float", "data": 0.004741400912365523}, "simu": {"type": "float", "data": 0.002}}, {"type": "dict", "image_number": {"type": "int", "data": 25}, "Hcamera2end": {"type": "ndarray", "data": [[0.9999996049490714, 0.0008466669863779251, 0.0002706597778062723, -0.014676761683347864], [-0.0002707885466663674, 0.00015197821094126152, 0.9999999517880919, 0.024275477586964998], [0.0008466258111696896, -0.9999996300287503, 0.0001522074186248723, 0.03294249820142195], [0.0, 0.0, 0.0, 1.0]]}, "Hobj2base": {"type": "ndarray", "data": [[0.999999367657896, 0.0009758288015859185, 0.0005589650776995489, -0.7348425135263739], [0.0009759433215509061, -0.9999995028279245, -0.00020464246216564942, 0.09038335048988616], [0.0005587651037891122, 0.0002051878509961654, -0.9999998228397367, 0.002318406283442185], [0.0, 0.0, 0.0, 1.0]]}, "mean_rme": {"type": "float", "data": 0.001468085438685819}, "max_rme": {"type": "float", "data": 0.004747454880286717}, "simu": {"type": "float", "data": 0.002}}, {"type": "dict", "image_number": {"type": "int", "data": 26}, "Hcamera2end": {"type": "ndarray", "data": [[0.9999996053689776, 0.0008239989265934557, 0.00033209585666206813, -0.014801957369550141], [-0.0003322225987759572, 0.00015368133766824332, 0.9999999330050935, 0.02425485594971683], [0.0008239478344542387, -0.9999996487038461, 0.00015395502808557282, 0.03275465785905745], [0.0, 0.0, 0.0, 1.0]]}, "Hobj2base": {"type": "ndarray", "data": [[0.9999993732355386, 0.0009694091740742043, 0.0005601556777470553, -0.7346268932384495], [0.0009694961772018528, -0.9999995180152843, -0.00015506889558638732, 0.09033016374619772], [0.0005600050825505849, 0.0001556118671829282, -0.9999998310896132, 0.002354222454056487], [0.0, 0.0, 0.0, 1.0]]}, "mean_rme": {"type": "float", "data": 0.0014602130899314164}, "max_rme": {"type": "float", "data": 0.004721948401506415}, "simu": {"type": "float", "data": 0.002}}, {"type": "dict", "image_number": {"type": "int", "data": 27}, "Hcamera2end": {"type": "ndarray", "data": [[0.9999997471147732, 0.0006407490967907808, 0.00030856277228341996, -0.014871993953726821], [-0.0003086825380310235, 0.00018682472218012336, 0.9999999349058051, 0.024209779010235383], [0.0006406914079275269, -0.9999997772685345, 0.0001870224629922923, 0.03274494262119479], [0.0, 0.0, 0.0, 1.0]]}, "Hobj2base": {"type": "ndarray", "data": [[0.9999995437014909, 0.0007731480680009835, 0.0005611050481197595, -0.7346843116086902], [0.0007732221061443241, -0.9999996923852803, -0.00013174566013975623, 0.09037117238149973], [0.0005610030166129828, 0.0001321794588514833, -0.999999833902089, 0.002420808463258527], [0.0, 0.0, 0.0, 1.0]]}, "mean_rme": {"type": "float", "data": 0.0014399170848038224}, "max_rme": {"type": "float", "data": 0.004800411738789978}, "simu": {"type": "float", "data": 0.002}}, {"type": "dict", "image_number": {"type": "int", "data": 28}, "Hcamera2end": {"type": "ndarray", "data": [[0.9999999151601239, 0.000293793903895775, 0.0002887297820648486, -0.014817452393268295], [-0.00028880541223889287, 0.00025741609391072284, 0.9999999251641916, 0.02458660311391398], [0.00029371955821677577, -0.9999999237110455, 0.0002575009213410251, 0.03283459639536919], [0.0, 0.0, 0.0, 1.0]]}, "Hobj2base": {"type": "ndarray", "data": [[0.9999997770551374, 0.00043742142042644844, 0.0005045316405826489, -0.734673323852717], [0.0004374283569926116, -0.9999999042352108, -1.3638259278316968e-05, 0.09061724435515166], [0.0005045256265995368, 1.3858952684327982e-05, -0.9999998726309027, 0.0020706124610944975], [0.0, 0.0, 0.0, 1.0]]}, "mean_rme": {"type": "float", "data": 0.001461545310142595}, "max_rme": {"type": "float", "data": 0.004721403522811085}, "simu": {"type": "float", "data": 0.002}}, {"type": "dict", "image_number": {"type": "int", "data": 29}, "Hcamera2end": {"type": "ndarray", "data": [[0.9999999089499003, 0.00039988788158350956, 0.00014896265736120905, -0.01455343142929303], [-0.00014906622877264308, 0.00025898381620625965, 0.9999999553533201, 0.024698359690742293], [0.0003998492848123677, -0.999999886508526, 0.0002590434024042354, 0.03262721804331151], [0.0, 0.0, 0.0, 1.0]]}, "Hobj2base": {"type": "ndarray", "data": [[0.9999997625823088, 0.0005338698500735624, 0.0004356814309035922, -0.7344042222119765], [0.0005339232619722888, -0.9999998499614522, -0.00012248682906794076, 0.09066490218186604], [0.0004356159735095125, 0.0001227194204381694, -0.9999998975893285, 0.0019049093514543452], [0.0, 0.0, 0.0, 1.0]]}, "mean_rme": {"type": "float", "data": 0.0014719937195524881}, "max_rme": {"type": "float", "data": 0.004645892183029021}, "simu": {"type": "float", "data": 0.002}}, {"type": "dict", "image_number": {"type": "int", "data": 30}, "Hcamera2end": {"type": "ndarray", "data": [[0.9999999975719311, 3.6608187873582935e-05, 5.929568451808054e-05, -0.014967168778785758], [-5.930568905896098e-05, 0.00027334640075926675, 0.9999999608822896, 0.0247241390087989], [3.659197817961085e-05, -0.9999999619707922, 0.00027334857116934064, 0.03259247721727136], [0.0, 0.0, 0.0, 1.0]]}, "Hobj2base": {"type": "ndarray", "data": [[0.9999999036777846, 0.00018385276559404668, 0.0003985506017375538, -0.7345895871519035], [0.0001839292717257838, -0.9999999646659214, -0.0001919327462981639, 0.09031166127244052], [0.00039851530028892047, 0.00019200603293270001, -0.9999999021596147, 0.001957654876827656], [0.0, 0.0, 0.0, 1.0]]}, "mean_rme": {"type": "float", "data": 0.0014927844135888728}, "max_rme": {"type": "float", "data": 0.0049084713889364084}, "simu": {"type": "float", "data": 0.002}}]}