{"type": "list", "data": [{"type": "dict", "image_number": {"type": "int", "data": 5}, "Hcamera2end": {"type": "ndarray", "data": [[0.999989125636901, 0.0045718554342701265, 0.0009201879342163562, -0.014513901913112179], [-0.000924083053947748, 0.0008499385491331779, 0.9999992118371757, 0.02261697711303131], [0.004571069727705896, -0.9999891878127238, 0.000854154080724645, 0.03148386965984022], [0.0, 0.0, 0.0, 1.0]]}, "Hobj2base": {"type": "ndarray", "data": [[0.9999892918030047, 0.004441802122462188, 0.001298719842770929, -0.7336530956491766], [0.004440921937346491, -0.9999899079688104, 0.000679832977065464, 0.08974604345762068], [0.0013017264196102183, -0.0006740581838397931, -0.9999989255763697, 0.0010127729104206563], [0.0, 0.0, 0.0, 1.0]]}, "mean_rme": {"type": "float", "data": 0.0010484128484089816}, "max_rme": {"type": "float", "data": 0.002526275195031902}, "simu": {"type": "float", "data": 0.002}}, {"type": "dict", "image_number": {"type": "int", "data": 6}, "Hcamera2end": {"type": "ndarray", "data": [[0.9999875971715184, 0.004842759892720139, 0.0011632625475631443, -0.01430488503681707], [-0.001165376195070901, 0.00043365619774848874, 0.9999992269200144, 0.02305167061158257], [0.004842251692866032, -0.9999881797396026, 0.00043929445628243524, 0.030707277805590953], [0.0, 0.0, 0.0, 1.0]]}, "Hobj2base": {"type": "ndarray", "data": [[0.9999859492005425, 0.005023875360283919, 0.0016917676715337004, -0.7325286781222955], [0.005022066876291074, -0.9999868152282172, 0.0010715474871631537, 0.09035417981286721], [0.001697128686981175, -0.001063036260678713, -0.9999979948520539, 0.0007032744756775658], [0.0, 0.0, 0.0, 1.0]]}, "mean_rme": {"type": "float", "data": 0.0012047941177494791}, "max_rme": {"type": "float", "data": 0.0029055409351231853}, "simu": {"type": "float", "data": 0.002}}, {"type": "dict", "image_number": {"type": "int", "data": 7}, "Hcamera2end": {"type": "ndarray", "data": [[0.9999911485270979, 0.0042025286314315465, -0.0002040111701925246, -0.013728205005289562], [0.00019556655753577524, 0.0020097252268098664, 0.999997961377039, 0.022840847327027125], [0.004202930070455472, -0.9999891498199439, 0.0020088855637240277, 0.03037846801564892], [0.0, 0.0, 0.0, 1.0]]}, "Hobj2base": {"type": "ndarray", "data": [[0.9999923354894082, 0.003913837050288621, 0.00010412484124638312, -0.7330610219534105], [0.0039138213166141555, -0.999992329589392, 0.00015088101921805695, 0.09047733642449482], [0.00010471456628929723, -0.00015047233676562788, -0.9999999831964674, 0.0010136584687873945], [0.0, 0.0, 0.0, 1.0]]}, "mean_rme": {"type": "float", "data": 0.0011164144576241315}, "max_rme": {"type": "float", "data": 0.0031389251725785217}, "simu": {"type": "float", "data": 0.002}}, {"type": "dict", "image_number": {"type": "int", "data": 8}, "Hcamera2end": {"type": "ndarray", "data": [[0.9999923991126667, 0.003883122337542097, -0.00035082446425886184, -0.013751100820528356], [0.0003382329170466261, 0.0032428165546247723, 0.9999946848555181, 0.022544323499954406], [0.003884239357566298, -0.9999872026689667, 0.0032414785065459917, 0.030168095273476397], [0.0, 0.0, 0.0, 1.0]]}, "Hobj2base": {"type": "ndarray", "data": [[0.9999944401390297, 0.003215248133670869, -0.0008842343961471523, -0.733471011069151], [0.003215390638773995, -0.9999948178520217, 0.0001597878011069536, 0.09057627658965353], [-0.0008837160564843719, -0.00016263007170884826, -0.9999995962986139, 0.0012646026619134443], [0.0, 0.0, 0.0, 1.0]]}, "mean_rme": {"type": "float", "data": 0.0010765392327618964}, "max_rme": {"type": "float", "data": 0.0034737662656628143}, "simu": {"type": "float", "data": 0.002}}, {"type": "dict", "image_number": {"type": "int", "data": 9}, "Hcamera2end": {"type": "ndarray", "data": [[0.9999929449618378, 0.003753603925515819, -0.00014312274881491793, -0.014044933340246035], [0.00013112098306634445, 0.003197449224094928, 0.999994879549764, 0.022640911893433594], [0.003754042333095861, -0.9999878433141223, 0.0031969344897319063, 0.02996047599745081], [0.0, 0.0, 0.0, 1.0]]}, "Hobj2base": {"type": "ndarray", "data": [[0.999994813477899, 0.003121736031515007, -0.0007923266066839591, -0.7332052289431271], [0.0031219849940743575, -0.9999950775534396, 0.00031317501126112176, 0.09064929750508982], [-0.0007913450567817551, -0.00031564701874847755, -0.9999996370699147, 0.0008926587515131448], [0.0, 0.0, 0.0, 1.0]]}, "mean_rme": {"type": "float", "data": 0.0011320802744655884}, "max_rme": {"type": "float", "data": 0.003152412473310273}, "simu": {"type": "float", "data": 0.002}}, {"type": "dict", "image_number": {"type": "int", "data": 10}, "Hcamera2end": {"type": "ndarray", "data": [[0.9999937034375467, 0.003523922533194916, -0.0004183960325583667, -0.014208526662792494], [0.0004058019966621043, 0.0035738256308558425, 0.9999935315266295, 0.02263855087937616], [0.0035253950132608553, -0.9999874047908508, 0.0035723731132395464, 0.030191646814580832], [0.0, 0.0, 0.0, 1.0]]}, "Hobj2base": {"type": "ndarray", "data": [[0.9999952396804525, 0.002859149299073189, -0.001160121424727531, -0.7336845626867616], [0.0028592210556470073, -0.9999959106071659, 6.0198830140975955e-05, 0.09048667509851593], [-0.001159944563092288, -6.351558717999625e-05, -0.9999993252469623, 0.0011417781008056071], [0.0, 0.0, 0.0, 1.0]]}, "mean_rme": {"type": "float", "data": 0.0011074425100850037}, "max_rme": {"type": "float", "data": 0.0033031967806922413}, "simu": {"type": "float", "data": 0.002}}, {"type": "dict", "image_number": {"type": "int", "data": 11}, "Hcamera2end": {"type": "ndarray", "data": [[0.9999938273355884, 0.003510746707890929, -0.00014123836054857116, -0.01426607865289261], [0.000130234916683041, 0.0031342485657629426, 0.9999950797502927, 0.022826650076637832], [0.0035111721102694476, -0.9999889255104183, 0.0031337719972933664, 0.030577924393054436], [0.0, 0.0, 0.0, 1.0]]}, "Hobj2base": {"type": "ndarray", "data": [[0.9999950201233024, 0.003032282022097795, -0.0008746395453981004, -0.7337586837137181], [0.0030327617509929754, -0.999995251188069, 0.0005476837346009656, 0.0907015898339572], [-0.0008729746603571658, -0.0005503335805626873, -0.9999994675239547, 0.0014378170413814062], [0.0, 0.0, 0.0, 1.0]]}, "mean_rme": {"type": "float", "data": 0.0012213604091750388}, "max_rme": {"type": "float", "data": 0.00494524806085378}, "simu": {"type": "float", "data": 0.002}}, {"type": "dict", "image_number": {"type": "int", "data": 12}, "Hcamera2end": {"type": "ndarray", "data": [[0.9999906667074058, 0.004313215353848416, -0.0002503425440217215, -0.014015847683758242], [0.00023818161115008764, 0.0028197417842065198, 0.9999959961548801, 0.02349405722029006], [0.004313903985733912, -0.9999867225266454, 0.002818688138149228, 0.030631477327743236], [0.0, 0.0, 0.0, 1.0]]}, "Hobj2base": {"type": "ndarray", "data": [[0.9999917953147845, 0.003885159789137401, -0.001146663214282025, -0.7338127486092726], [0.0038859271086053126, -0.9999922268378021, 0.0006677083793079831, 0.09028899731988242], [-0.001144060147336717, -0.000672158750639734, -0.9999991196641089, 0.0007660136982959356], [0.0, 0.0, 0.0, 1.0]]}, "mean_rme": {"type": "float", "data": 0.0012061602128342116}, "max_rme": {"type": "float", "data": 0.005002840565139943}, "simu": {"type": "float", "data": 0.002}}, {"type": "dict", "image_number": {"type": "int", "data": 13}, "Hcamera2end": {"type": "ndarray", "data": [[0.9999896579998571, 0.004537170044054739, -0.00031301968023554876, -0.013832419783472025], [0.0003011117062980315, 0.002624983258273761, 0.9999965093912248, 0.023612788729267607], [0.004537975877989297, -0.9999862616810716, 0.002623589915682789, 0.030701161115107553], [0.0, 0.0, 0.0, 1.0]]}, "Hobj2base": {"type": "ndarray", "data": [[0.999990544180061, 0.004225133474422341, -0.001029464709900674, -0.7338333854720452], [0.004225866051366418, -0.9999908185974231, 0.000710476580639446, 0.09042538725964487], [-0.0010264533995870807, -0.0007148202424694775, -0.9999992177124137, 0.0007602850825691198], [0.0, 0.0, 0.0, 1.0]]}, "mean_rme": {"type": "float", "data": 0.0012188221971009873}, "max_rme": {"type": "float", "data": 0.00483483932649853}, "simu": {"type": "float", "data": 0.002}}, {"type": "dict", "image_number": {"type": "int", "data": 14}, "Hcamera2end": {"type": "ndarray", "data": [[0.9999822953403259, 0.005944051988529449, 0.0002779421717294668, -0.01362721471251913], [-0.00029208478669052757, 0.002378552848237958, 0.9999971285822902, 0.02238334055547698], [0.005943373820529089, -0.9999795051561335, 0.002380246903926353, 0.030693802385599014], [0.0, 0.0, 0.0, 1.0]]}, "Hobj2base": {"type": "ndarray", "data": [[0.9999832807143547, 0.005504659995270143, -0.001771160662545836, -0.7339051063881018], [0.0055061453867871375, -0.9999844925539845, 0.0008348739605892871, 0.09108370759415749], [-0.001766537499075528, -0.0008446122702043978, -0.9999980829858515, 0.0016121972579136088], [0.0, 0.0, 0.0, 1.0]]}, "mean_rme": {"type": "float", "data": 0.0012936711766875291}, "max_rme": {"type": "float", "data": 0.00503851187186799}, "simu": {"type": "float", "data": 0.002}}, {"type": "dict", "image_number": {"type": "int", "data": 15}, "Hcamera2end": {"type": "ndarray", "data": [[0.9999830878022672, 0.005815112726725665, -9.259275735260843e-05, -0.013644492937502261], [7.683295116955305e-05, 0.0027103112150214104, 0.9999963241481521, 0.022256040494146666], [0.005815342306421483, -0.9999794191267607, 0.0027098185854300683, 0.030488275520190657], [0.0, 0.0, 0.0, 1.0]]}, "Hobj2base": {"type": "ndarray", "data": [[0.9999840223820935, 0.005253813179848536, -0.002086247252857159, -0.7338984267851572], [0.005254971073047455, -0.9999860413365069, 0.000549919233046657, 0.09095325431258636], [-0.0020833289587193606, -0.0005608736156122611, -0.9999976725779098, 0.0017953813245866275], [0.0, 0.0, 0.0, 1.0]]}, "mean_rme": {"type": "float", "data": 0.001232694986182693}, "max_rme": {"type": "float", "data": 0.005126971554657189}, "simu": {"type": "float", "data": 0.002}}, {"type": "dict", "image_number": {"type": "int", "data": 16}, "Hcamera2end": {"type": "ndarray", "data": [[0.9999829789198078, 0.0058290159939474225, -0.000253856671048369, -0.013750539789457204], [0.00023851437720361773, 0.0026325998630635228, 0.9999965062583233, 0.02179852312571952], [0.00582966393190875, -0.9999795457860642, 0.002631164749250625, 0.031604955080395916], [0.0, 0.0, 0.0, 1.0]]}, "Hobj2base": {"type": "ndarray", "data": [[0.9999838589587557, 0.005335636869080191, -0.001952639535753699, -0.7348143102086065], [0.005336489644819056, -0.9999856676192389, 0.0004317804710901383, 0.09057353895874723], [-0.0019503077259794865, -0.00044219374236635986, -0.9999980003802347, 0.0023712013341987415], [0.0, 0.0, 0.0, 1.0]]}, "mean_rme": {"type": "float", "data": 0.0012774241443204127}, "max_rme": {"type": "float", "data": 0.0047136674482170515}, "simu": {"type": "float", "data": 0.002}}, {"type": "dict", "image_number": {"type": "int", "data": 17}, "Hcamera2end": {"type": "ndarray", "data": [[0.9999835155682941, 0.0057294530683403766, -0.0003767747508780753, -0.013769288455708135], [0.00036078125895316806, 0.0027922291558487577, 0.9999960366387581, 0.021636557395876325], [0.005730482401892738, -0.9999796882056551, 0.002790116048246749, 0.0313150897222927], [0.0, 0.0, 0.0, 1.0]]}, "Hobj2base": {"type": "ndarray", "data": [[0.9999843350721513, 0.00519564367214068, -0.0020820415796640145, -0.7346250292567628], [0.00519642581556958, -0.9999864298787018, 0.0003704283890458491, 0.09050850359213192], [-0.002080088712191703, -0.0003812417609255169, -0.9999977639403346, 0.002532272568462456], [0.0, 0.0, 0.0, 1.0]]}, "mean_rme": {"type": "float", "data": 0.001237582965462038}, "max_rme": {"type": "float", "data": 0.004808313628335059}, "simu": {"type": "float", "data": 0.002}}, {"type": "dict", "image_number": {"type": "int", "data": 18}, "Hcamera2end": {"type": "ndarray", "data": [[0.9999838347544372, 0.00566664793797205, -0.0004683278313046815, -0.01378340146406597], [0.00045215823679122663, 0.002854412021249253, 0.9999958239337514, 0.021657253477947728], [0.005667961074266414, -0.9999798705139822, 0.002851803657437868, 0.03169722275344945], [0.0, 0.0, 0.0, 1.0]]}, "Hobj2base": {"type": "ndarray", "data": [[0.9999846020782, 0.005124295528208261, -0.002130070854152165, -0.7350277718680805], [0.005124959453054745, -0.9999868203832656, 0.0003063500781761768, 0.09053306930425055], [-0.0021284729522990263, -0.0003172618877812931, -0.999997684471212, 0.0024151173979014592], [0.0, 0.0, 0.0, 1.0]]}, "mean_rme": {"type": "float", "data": 0.0012858355359066322}, "max_rme": {"type": "float", "data": 0.004840535781874156}, "simu": {"type": "float", "data": 0.002}}, {"type": "dict", "image_number": {"type": "int", "data": 19}, "Hcamera2end": {"type": "ndarray", "data": [[0.9999862408341529, 0.005236752851705174, -0.0003075092678956541, -0.01396993211680278], [0.000292131421530411, 0.0029370349998739664, 0.9999956442328348, 0.020911921557595633], [0.005237633207111646, -0.9999819749600389, 0.0029354647686675728, 0.03168790229018757], [0.0, 0.0, 0.0, 1.0]]}, "Hobj2base": {"type": "ndarray", "data": [[0.9999866473404989, 0.004753871416739603, -0.002026289037047617, -0.7350063497428628], [0.00475410303860695, -0.9999886931923234, 0.00010950711078743024, 0.0908680315394014], [-0.0020257455434632764, -0.00011913883544439096, -0.9999979410783459, 0.003185879278715825], [0.0, 0.0, 0.0, 1.0]]}, "mean_rme": {"type": "float", "data": 0.0012746911652888272}, "max_rme": {"type": "float", "data": 0.004755697589000352}, "simu": {"type": "float", "data": 0.002}}, {"type": "dict", "image_number": {"type": "int", "data": 20}, "Hcamera2end": {"type": "ndarray", "data": [[0.9999876048849381, 0.004977951928951466, 0.00010035476013985512, -0.014550849390377249], [-0.00011416141498419002, 0.0027733547031660866, 0.9999961477280107, 0.020896341905243927], [0.004977654433180667, -0.9999837641173396, 0.002773888617151332, 0.03182492740076277], [0.0, 0.0, 0.0, 1.0]]}, "Hobj2base": {"type": "ndarray", "data": [[0.9999880079223017, 0.004491245959347932, -0.0019526190922179928, -0.7348407082517203], [0.004492271481338949, -0.9999897739053176, 0.0005211350400337317, 0.09061341627879047], [-0.001950258578907451, -0.0005299004856037292, -0.9999979578463902, 0.003392079770920861], [0.0, 0.0, 0.0, 1.0]]}, "mean_rme": {"type": "float", "data": 0.0012831947279074998}, "max_rme": {"type": "float", "data": 0.0047265195093487145}, "simu": {"type": "float", "data": 0.002}}, {"type": "dict", "image_number": {"type": "int", "data": 21}, "Hcamera2end": {"type": "ndarray", "data": [[0.9999878173563453, 0.004935558209112586, 7.351229053072835e-05, -0.014704607770707794], [-8.761733394484347e-05, 0.0028576861730438274, 0.9999959129681175, 0.020847017635794995], [0.00493532796227263, -0.9999837368152047, 0.0028580837993232855, 0.031795613365085386], [0.0, 0.0, 0.0, 1.0]]}, "Hobj2base": {"type": "ndarray", "data": [[0.9999882691143616, 0.004416720665258741, -0.001988520110105644, -0.7349473966648559], [0.0044178881139076455, -0.9999900710889893, 0.0005830849430326564, 0.09049727055264259], [-0.0019859250429489347, -0.0005918631622885742, -0.9999978528975553, 0.0033429382598572856], [0.0, 0.0, 0.0, 1.0]]}, "mean_rme": {"type": "float", "data": 0.001320339858485944}, "max_rme": {"type": "float", "data": 0.0048945211843089975}, "simu": {"type": "float", "data": 0.002}}, {"type": "dict", "image_number": {"type": "int", "data": 22}, "Hcamera2end": {"type": "ndarray", "data": [[0.9999886556550034, 0.004763246370067071, -6.731790219992144e-06, -0.015009708105585225], [-5.7337382184008585e-06, 0.0026170051624901935, 0.9999965756196888, 0.020577363664160648], [0.004763247676029743, -0.9999852312749412, 0.002617002785488487, 0.03220042713852193], [0.0, 0.0, 0.0, 1.0]]}, "Hobj2base": {"type": "ndarray", "data": [[0.9999889737346614, 0.004375572267698654, -0.0017049271036408558, -0.7350231126337764], [0.004376626474063644, -0.9999902333549615, 0.0006150897473219227, 0.0901605401551214], [-0.0017022190825824897, -0.000622544794277305, -0.9999983574427387, 0.0036257359582022156], [0.0, 0.0, 0.0, 1.0]]}, "mean_rme": {"type": "float", "data": 0.0013553855644191086}, "max_rme": {"type": "float", "data": 0.004840940021395457}, "simu": {"type": "float", "data": 0.002}}, {"type": "dict", "image_number": {"type": "int", "data": 23}, "Hcamera2end": {"type": "ndarray", "data": [[0.9999877075933257, 0.004957515005903993, -8.77907260767672e-05, -0.014709379068471922], [7.411753189769457e-05, 0.002758190558138751, 0.9999961934384733, 0.020819351939793826], [0.00495773827836986, -0.9999839075854229, 0.0027577892145621563, 0.031877495022197146], [0.0, 0.0, 0.0, 1.0]]}, "Hobj2base": {"type": "ndarray", "data": [[0.9999880496807195, 0.004519651841899977, -0.0018636638588828557, -0.7349435156766431], [0.0045205744320897774, -0.9999896615475043, 0.0004911261671511828, 0.09039803063833736], [-0.0018614248721966122, -0.000499545129227154, -0.9999981427743301, 0.003369303014893644], [0.0, 0.0, 0.0, 1.0]]}, "mean_rme": {"type": "float", "data": 0.001388024584735354}, "max_rme": {"type": "float", "data": 0.004872163891743053}, "simu": {"type": "float", "data": 0.002}}, {"type": "dict", "image_number": {"type": "int", "data": 24}, "Hcamera2end": {"type": "ndarray", "data": [[0.9999850131206921, 0.0054740683955183615, -9.005115475455927e-05, -0.01457817533750471], [7.529131438179697e-05, 0.0026964663307826875, 0.9999963616936538, 0.021355149714951276], [0.005474291299087422, -0.9999813816489425, 0.0026960137693626818, 0.03187079613532216], [0.0, 0.0, 0.0, 1.0]]}, "Hobj2base": {"type": "ndarray", "data": [[0.9999852263860464, 0.004994148691201124, -0.0021460401901343597, -0.7350277128160334], [0.004995370070985219, -0.999987363927014, 0.0005641490537042135, 0.09008701058861639], [-0.0021431956283556883, -0.0005748609841208104, -0.999997538120643, 0.0028463601991553025], [0.0, 0.0, 0.0, 1.0]]}, "mean_rme": {"type": "float", "data": 0.0013993009908140463}, "max_rme": {"type": "float", "data": 0.004947706919396555}, "simu": {"type": "float", "data": 0.002}}, {"type": "dict", "image_number": {"type": "int", "data": 25}, "Hcamera2end": {"type": "ndarray", "data": [[0.9999845977639065, 0.005549666428558418, -7.373933772276834e-05, -0.014536301393825751], [5.901716579093802e-05, 0.002652920044949769, 0.999996479259907, 0.021434147519358127], [0.005549842514192466, -0.9999810814299275, 0.0026525516584652298, 0.03179519872155268], [0.0, 0.0, 0.0, 1.0]]}, "Hobj2base": {"type": "ndarray", "data": [[0.9999847526428106, 0.005077135476490761, -0.002171906363138779, -0.735025501672895], [0.005078496370635875, -0.9999869111992594, 0.0006215342127359947, 0.09013592630623384], [-0.00216872232208783, -0.0006325547545644089, -0.9999974482557303, 0.002731256758336742], [0.0, 0.0, 0.0, 1.0]]}, "mean_rme": {"type": "float", "data": 0.0013972474117237756}, "max_rme": {"type": "float", "data": 0.0050026579891016}, "simu": {"type": "float", "data": 0.002}}, {"type": "dict", "image_number": {"type": "int", "data": 26}, "Hcamera2end": {"type": "ndarray", "data": [[0.9999856662700282, 0.005353731960659755, -6.934393406152596e-05, -0.014604083435877399], [5.596715436702359e-05, 0.002498699118223646, 0.9999968766803196, 0.021201335980051816], [0.005353888508870253, -0.9999825468760992, 0.0024983636694021483, 0.03217951309699886], [0.0, 0.0, 0.0, 1.0]]}, "Hobj2base": {"type": "ndarray", "data": [[0.9999857441039357, 0.004965518984500083, -0.00196346889779446, -0.7352412141944362], [0.004966887967614347, -0.9999874248316969, 0.0006929663689120317, 0.09006987225684206], [-0.0019600032691821597, -0.0007027088200987407, -0.9999978322914, 0.0029519114456199548], [0.0, 0.0, 0.0, 1.0]]}, "mean_rme": {"type": "float", "data": 0.0013944859597214323}, "max_rme": {"type": "float", "data": 0.004882676396487762}, "simu": {"type": "float", "data": 0.002}}, {"type": "dict", "image_number": {"type": "int", "data": 27}, "Hcamera2end": {"type": "ndarray", "data": [[0.9999862322591158, 0.005247083107812186, -5.8404430853660656e-05, -0.01471005369138947], [4.520079438997439e-05, 0.0025164598158969875, 0.9999968326884257, 0.021305027209354767], [0.00524721346106844, -0.9999830676310748, 0.0025161879976055568, 0.032346276193890404], [0.0, 0.0, 0.0, 1.0]]}, "Hobj2base": {"type": "ndarray", "data": [[0.9999863072524742, 0.004866394974856581, -0.0019244499237725593, -0.7354328452639485], [0.004867781919078184, -0.9999878954680852, 0.0007166704256747615, 0.09005392928484098], [-0.0019209390278489059, -0.0007260284150306748, -0.9999978914357732, 0.0028691421254466195], [0.0, 0.0, 0.0, 1.0]]}, "mean_rme": {"type": "float", "data": 0.001390285695474678}, "max_rme": {"type": "float", "data": 0.004867839487889214}, "simu": {"type": "float", "data": 0.002}}, {"type": "dict", "image_number": {"type": "int", "data": 28}, "Hcamera2end": {"type": "ndarray", "data": [[0.9999856454750796, 0.005357968927287422, -3.182392953542329e-05, -0.014607536483941475], [1.8293421237562148e-05, 0.0025253355504083475, 0.9999968111677696, 0.02139638646149642], [0.005358032207724028, -0.9999824572707919, 0.002525201284833689, 0.0323457084691802], [0.0, 0.0, 0.0, 1.0]]}, "Hobj2base": {"type": "ndarray", "data": [[0.9999856951808593, 0.004970745785489925, -0.0019751253098077622, -0.7355112432424467], [0.004972247006324133, -0.9999873526214695, 0.0007558814806197765, 0.0901756410708101], [-0.001971343034966203, -0.0007656914787807112, -0.9999977637590984, 0.002928768610259369], [0.0, 0.0, 0.0, 1.0]]}, "mean_rme": {"type": "float", "data": 0.0014429429288720257}, "max_rme": {"type": "float", "data": 0.004691451535834834}, "simu": {"type": "float", "data": 0.002}}, {"type": "dict", "image_number": {"type": "int", "data": 29}, "Hcamera2end": {"type": "ndarray", "data": [[0.9999794644485104, 0.006408547814444771, 3.45858407680014e-05, -0.014584374480958198], [-5.0581686837580363e-05, 0.0024958720100715093, 0.9999968840273465, 0.020880915402958337], [0.0064084415237531155, -0.9999763502892554, 0.0024961449111220446, 0.032403126014527675], [0.0, 0.0, 0.0, 1.0]]}, "Hobj2base": {"type": "ndarray", "data": [[0.9999793479902854, 0.0059500676666299265, -0.0024290507788138492, -0.7355291404113113], [0.005952062292386028, -0.9999819544032471, 0.0008147529260590873, 0.09028970865089904], [-0.0024241591101013655, -0.0008291939613206122, -0.9999967179396061, 0.0033983008803337234], [0.0, 0.0, 0.0, 1.0]]}, "mean_rme": {"type": "float", "data": 0.0015009493777292013}, "max_rme": {"type": "float", "data": 0.004740829386483791}, "simu": {"type": "float", "data": 0.002}}, {"type": "dict", "image_number": {"type": "int", "data": 30}, "Hcamera2end": {"type": "ndarray", "data": [[0.9999802466956118, 0.006285278752914415, -3.8595095626142197e-05, -0.01478445705464555], [2.2748876381188492e-05, 0.002521216092039369, 0.999996821470901, 0.02083121201850838], [0.0062853560815491726, -0.9999770691072944, 0.002521023306661152, 0.03240152610667118], [0.0, 0.0, 0.0, 1.0]]}, "Hobj2base": {"type": "ndarray", "data": [[0.9999800801755222, 0.005820331851586101, -0.0024419232775680757, -0.7356349664441343], [0.005822219310953233, -0.9999827569374804, 0.0007665442004605427, 0.0900978241300313], [-0.002437419629706743, -0.000780746343897138, -0.9999967247049839, 0.0034367759188061917], [0.0, 0.0, 0.0, 1.0]]}, "mean_rme": {"type": "float", "data": 0.0015227829679131965}, "max_rme": {"type": "float", "data": 0.0048457583853648845}, "simu": {"type": "float", "data": 0.002}}]}