{"type": "list", "data": [{"type": "dict", "image_number": {"type": "int", "data": 5}, "Hcamera2end": {"type": "ndarray", "data": [[0.9999961929283221, 0.0027277167778186366, -0.00041676137287944203, -0.011331310901610464], [0.00042181418687029415, -0.0018520837730560125, 0.9999981959276171, 0.0317362015329703], [0.002726939979844183, -0.9999945646586671, -0.001853227311674921, 0.03287793211964566], [0.0, 0.0, 0.0, 1.0]]}, "Hobj2base": {"type": "ndarray", "data": [[0.9999899399298274, 0.0030123935998216406, 0.003323480696466438, -0.7341341827591419], [0.0030077135882979203, -0.9999944795662703, 0.00141226624822298, 0.09239304953970122], [0.0033277166512188905, -0.0014022559626742127, -0.9999934799687971, 0.005074579889369146], [0.0, 0.0, 0.0, 1.0]]}, "mean_rme": {"type": "float", "data": 0.0019721469601440573}, "max_rme": {"type": "float", "data": 0.004390053226785873}, "simu": {"type": "float", "data": 0.002}}, {"type": "dict", "image_number": {"type": "int", "data": 6}, "Hcamera2end": {"type": "ndarray", "data": [[0.9999957669852012, 0.0027708088064638337, -0.0008880485556336535, -0.011887490177666486], [0.0008929816286168007, -0.0017796440248658563, 0.9999980177235129, 0.031992932939637946], [0.0027692229036488628, -0.9999945777281506, -0.0017821107729669716, 0.03312184719333367], [0.0, 0.0, 0.0, 1.0]]}, "Hobj2base": {"type": "ndarray", "data": [[0.9999913676696389, 0.003021083713360886, 0.002852654798929859, -0.7345384915986001], [0.003020508055305733, -0.9999954170197345, 0.00020608399997309155, 0.09126802525246752], [0.0028532643222851143, -0.00019746575418874745, -0.9999959099366271, 0.00536625487092592], [0.0, 0.0, 0.0, 1.0]]}, "mean_rme": {"type": "float", "data": 0.0019557671194321224}, "max_rme": {"type": "float", "data": 0.0045214384984858524}, "simu": {"type": "float", "data": 0.002}}, {"type": "dict", "image_number": {"type": "int", "data": 7}, "Hcamera2end": {"type": "ndarray", "data": [[0.9999946513974183, 0.0027135980695756744, -0.0018258045001124292, -0.01044809466406994], [0.0018282676569027888, -0.0009055055363647035, 0.9999979187463837, 0.03179948860517907], [0.002711939145806707, -0.9999959082142491, -0.000910461876759916, 0.03511382290538481], [0.0, 0.0, 0.0, 1.0]]}, "Hobj2base": {"type": "ndarray", "data": [[0.9999936251660101, 0.002992515115197001, 0.0019479426651003542, -0.7368605381784411], [0.002993742332651327, -0.9999953219294155, -0.0006273963103619077, 0.09250402440307037], [0.0019460560595450955, 0.0006332239492326719, -0.999997905944429, 0.006164896267138675], [0.0, 0.0, 0.0, 1.0]]}, "mean_rme": {"type": "float", "data": 0.0019116284197713113}, "max_rme": {"type": "float", "data": 0.004570198464393493}, "simu": {"type": "float", "data": 0.002}}, {"type": "dict", "image_number": {"type": "int", "data": 8}, "Hcamera2end": {"type": "ndarray", "data": [[0.9999932820332564, 0.0036479783837962427, -0.00035796936653479175, -0.012982466193003403], [0.00036159808566442984, -0.0009941095668228872, 0.9999994404963402, 0.031706126536649455], [0.003647620481967085, -0.999992851974393, -0.0009954219904280137, 0.03522637301544148], [0.0, 0.0, 0.0, 1.0]]}, "Hobj2base": {"type": "ndarray", "data": [[0.9999915825002209, 0.003798687016635491, 0.001550775823091159, -0.7364610987777342], [0.0037973701360506807, -0.9999924276579155, 0.0008512384381247786, 0.0906550500584205], [0.0015539976684890958, -0.0008453424030270979, -0.9999984352425098, 0.006349976613925834], [0.0, 0.0, 0.0, 1.0]]}, "mean_rme": {"type": "float", "data": 0.002001170045705309}, "max_rme": {"type": "float", "data": 0.0047840756930451755}, "simu": {"type": "float", "data": 0.002}}, {"type": "dict", "image_number": {"type": "int", "data": 9}, "Hcamera2end": {"type": "ndarray", "data": [[0.9999930161281723, 0.0036854936134971174, -0.0006203480521232737, -0.01289232833240208], [0.0006239526830083032, -0.0009769899170131158, 0.9999993280866502, 0.03198404152865148], [0.003684885063372794, -0.9999927312873464, -0.0009792826674690502, 0.03523768849696567], [0.0, 0.0, 0.0, 1.0]]}, "Hobj2base": {"type": "ndarray", "data": [[0.9999916591715494, 0.0037605897248389176, 0.0015935972681633298, -0.7364547461381936], [0.0037592463590918703, -0.9999925768788274, 0.0008451355243444749, 0.09044253130184922], [0.0015967636466666538, -0.0008391377504858471, -0.9999983730955229, 0.006377183687398054], [0.0, 0.0, 0.0, 1.0]]}, "mean_rme": {"type": "float", "data": 0.0018962503417528222}, "max_rme": {"type": "float", "data": 0.005070312904260188}, "simu": {"type": "float", "data": 0.002}}, {"type": "dict", "image_number": {"type": "int", "data": 10}, "Hcamera2end": {"type": "ndarray", "data": [[0.999992592874127, 0.0038382480896288094, -0.0002864410636717607, -0.013207277909782992], [0.0002890185960469638, -0.0006710009268153794, 0.9999997331129681, 0.03202349016308214], [0.0038380548630309675, -0.9999924087758659, -0.0006721052817011408, 0.03559102371568977], [0.0, 0.0, 0.0, 1.0]]}, "Hobj2base": {"type": "ndarray", "data": [[0.999991762136091, 0.0038854621486721407, 0.0011742418179223996, -0.7368432006968325], [0.0038842770699724456, -0.9999919462852256, 0.0010098298523954952, 0.09003436309564432], [0.0011781560165818035, -0.0010052604529866413, -0.9999988006991922, 0.006450902408049064], [0.0, 0.0, 0.0, 1.0]]}, "mean_rme": {"type": "float", "data": 0.0018000744405405043}, "max_rme": {"type": "float", "data": 0.005249902203921186}, "simu": {"type": "float", "data": 0.002}}, {"type": "dict", "image_number": {"type": "int", "data": 11}, "Hcamera2end": {"type": "ndarray", "data": [[0.9999907417681874, 0.004302777513868261, 4.9835493936142665e-05, -0.014064912751776938], [-4.892837356501112e-05, -0.0002109270558798837, 0.9999999765578952, 0.032056125358904015], [0.004302787924656115, -0.9999907207646693, -0.00021071457516264047, 0.03548852015053831], [0.0, 0.0, 0.0, 1.0]]}, "Hobj2base": {"type": "ndarray", "data": [[0.9999906942637187, 0.004288844743739102, 0.00046604369974057096, -0.7367551162116488], [0.0042883287256833885, -0.9999901971561853, 0.0011026460330675533, 0.08934341276571506], [0.0004707682088300981, -0.0011006372235493366, -0.9999992834872411, 0.006880280466910688], [0.0, 0.0, 0.0, 1.0]]}, "mean_rme": {"type": "float", "data": 0.0018418631731034073}, "max_rme": {"type": "float", "data": 0.005600959540018713}, "simu": {"type": "float", "data": 0.002}}, {"type": "dict", "image_number": {"type": "int", "data": 12}, "Hcamera2end": {"type": "ndarray", "data": [[0.9999928015690707, 0.0036813561207367663, 0.0009189271753808283, -0.014618149187783721], [-0.0009148895641539446, -0.0010983067220131648, 0.999998978349193, 0.0319096697317537], [0.0036823616235700757, -0.9999926206425008, -0.0010949307816312537, 0.034575757780392735], [0.0, 0.0, 0.0, 1.0]]}, "Hobj2base": {"type": "ndarray", "data": [[0.9999922041683559, 0.0036358786126996, 0.001540126367197536, -0.7354765972990013], [0.003633384085731457, -0.9999920879958386, 0.001619402917306145, 0.08893553535970883], [0.0015460021341436865, -0.0016137944220810468, -0.9999975027693642, 0.006424725571861606], [0.0, 0.0, 0.0, 1.0]]}, "mean_rme": {"type": "float", "data": 0.0019890305946221225}, "max_rme": {"type": "float", "data": 0.0050581141996542955}, "simu": {"type": "float", "data": 0.002}}, {"type": "dict", "image_number": {"type": "int", "data": 13}, "Hcamera2end": {"type": "ndarray", "data": [[0.9999930764957711, 0.0036645461552452345, 0.0006465771408453115, -0.01448390326954288], [-0.0006426436257547068, -0.0010744734872383255, 0.9999992162576408, 0.03177398214252671], [0.003665238013180477, -0.9999927082775162, -0.0010721110508886689, 0.03422063399619304], [0.0, 0.0, 0.0, 1.0]]}, "Hobj2base": {"type": "ndarray", "data": [[0.9999924115241239, 0.0036257192233428537, 0.0014251506168422557, -0.7351565339333217], [0.003623751236054611, -0.9999924805179847, 0.0013810628036956113, 0.088838678255046], [0.0014301472464038258, -0.0013758879322244958, -0.9999980308036873, 0.006346501975153556], [0.0, 0.0, 0.0, 1.0]]}, "mean_rme": {"type": "float", "data": 0.0019437977776850487}, "max_rme": {"type": "float", "data": 0.004928976512173444}, "simu": {"type": "float", "data": 0.002}}, {"type": "dict", "image_number": {"type": "int", "data": 14}, "Hcamera2end": {"type": "ndarray", "data": [[0.9999930930493919, 0.0036872716710627538, 0.0004667773924850998, -0.014482260320881703], [-0.0004625292339491443, -0.0011528830652856037, 0.9999992284633752, 0.031624313248995055], [0.0036878069659486683, -0.9999925374162857, -0.0011511696314376874, 0.03362981541615523], [0.0, 0.0, 0.0, 1.0]]}, "Hobj2base": {"type": "ndarray", "data": [[0.9999922694108023, 0.003652598114247319, 0.0014559002882176626, -0.7345893428116936], [0.0036508440745492976, -0.9999926088787068, 0.0012056224538821733, 0.08856580696921969], [0.0014602931817835855, -0.0012002978687698808, -0.9999982134128289, 0.006150691460916295], [0.0, 0.0, 0.0, 1.0]]}, "mean_rme": {"type": "float", "data": 0.0019710652891987883}, "max_rme": {"type": "float", "data": 0.0056046390623041425}, "simu": {"type": "float", "data": 0.002}}, {"type": "dict", "image_number": {"type": "int", "data": 15}, "Hcamera2end": {"type": "ndarray", "data": [[0.9999926437798233, 0.003771858802624593, 0.0006967549156242435, -0.014604399545375051], [-0.0006928787567352336, -0.0010288613742517327, 0.9999992306813544, 0.031509968745587986], [0.003772572765083294, -0.9999923572335166, -0.0010262403648833018, 0.033468243189733446], [0.0, 0.0, 0.0, 1.0]]}, "Hobj2base": {"type": "ndarray", "data": [[0.9999921428149224, 0.003747315117674056, 0.0012930343493385453, -0.7344699064650361], [0.0037456535027613103, -0.9999921592829581, 0.0012850884966043557, 0.0886285770416828], [0.0012978398425729613, -0.0012802351407864064, -0.999998338303483, 0.006081054542935838], [0.0, 0.0, 0.0, 1.0]]}, "mean_rme": {"type": "float", "data": 0.0019562349895065737}, "max_rme": {"type": "float", "data": 0.00559703386261972}, "simu": {"type": "float", "data": 0.002}}, {"type": "dict", "image_number": {"type": "int", "data": 16}, "Hcamera2end": {"type": "ndarray", "data": [[0.9999925505966585, 0.003822291386800622, 0.0005374381302086265, -0.014443574034087785], [-0.00053358520058714, -0.0010089640104238295, 0.9999993486390176, 0.03147255868911571], [0.00382283115284036, -0.999992186009561, -0.0010069169761277585, 0.03364801473859088], [0.0, 0.0, 0.0, 1.0]]}, "Hobj2base": {"type": "ndarray", "data": [[0.9999921535840713, 0.0037875670632818046, 0.0011606489702878475, -0.734527620024994], [0.0037862083986623506, -0.9999921471562621, 0.0011705775370753348, 0.08879256111344797], [0.0011650734968172937, -0.0011661738933578995, -0.9999986413201756, 0.006303322099384976], [0.0, 0.0, 0.0, 1.0]]}, "mean_rme": {"type": "float", "data": 0.001972441983003306}, "max_rme": {"type": "float", "data": 0.0052884211850397905}, "simu": {"type": "float", "data": 0.002}}, {"type": "dict", "image_number": {"type": "int", "data": 17}, "Hcamera2end": {"type": "ndarray", "data": [[0.9999922952626511, 0.0038916743467482633, 0.0005140876516935768, -0.014204311982087792], [-0.0005109205080764785, -0.0008147758787440118, 0.9999995375501438, 0.03153720339161964], [0.0038920914132621826, -0.9999920954742822, -0.0008127812648754951, 0.03402186793610302], [0.0, 0.0, 0.0, 1.0]]}, "Hobj2base": {"type": "ndarray", "data": [[0.9999920280456971, 0.0038656236062359055, 0.00100039951456167, -0.7350559995019336], [0.0038645608279990733, -0.9999919685081127, 0.0010621152839991425, 0.0887747577541572], [0.0010044972177754557, -0.0010582407120883095, -0.9999989355554009, 0.0061257504127037584], [0.0, 0.0, 0.0, 1.0]]}, "mean_rme": {"type": "float", "data": 0.001972867389010105}, "max_rme": {"type": "float", "data": 0.005050542930072566}, "simu": {"type": "float", "data": 0.002}}, {"type": "dict", "image_number": {"type": "int", "data": 18}, "Hcamera2end": {"type": "ndarray", "data": [[0.999996360150495, 0.00268395414824517, 0.0002758185848063929, -0.01491014528952833], [-0.0002739032913891685, -0.0007139502524828867, 0.9999997076259692, 0.03169338291981584], [0.0026841502842749393, -0.9999961433251465, -0.0007132125099362785, 0.03391877212567732], [0.0, 0.0, 0.0, 1.0]]}, "Hobj2base": {"type": "ndarray", "data": [[0.9999958909245118, 0.0027122742468791905, 0.0009282793230337427, -0.7351699077521422], [0.002711432383367983, -0.9999959127637328, 0.0009069676173893428, 0.0882120095861154], [0.0009307354738482261, -0.000904446923973653, -0.999999157853265, 0.006357896982477712], [0.0, 0.0, 0.0, 1.0]]}, "mean_rme": {"type": "float", "data": 0.0021910767921428805}, "max_rme": {"type": "float", "data": 0.006499817649973316}, "simu": {"type": "float", "data": 0.002}}, {"type": "dict", "image_number": {"type": "int", "data": 19}, "Hcamera2end": {"type": "ndarray", "data": [[0.999995868237314, 0.002852224967608589, 0.0003582192548836924, -0.015106152446507759], [-0.0003565212922742472, -0.0005957977875168385, 0.9999997589587531, 0.031597095141032684], [0.0028524377063442324, -0.9999957549098547, -0.0005947784468904871, 0.033653898709494506], [0.0, 0.0, 0.0, 1.0]]}, "Hobj2base": {"type": "ndarray", "data": [[0.9999955351898542, 0.00287385912952992, 0.0008188614416866077, -0.7349094931758997], [0.002873114793048675, -0.9999954597088487, 0.0009087205701301728, 0.08815038558257213], [0.00082146925872391, -0.0009063638299437847, -0.9999992518461527, 0.006298780759310437], [0.0, 0.0, 0.0, 1.0]]}, "mean_rme": {"type": "float", "data": 0.0022010253190875365}, "max_rme": {"type": "float", "data": 0.0066748469322225334}, "simu": {"type": "float", "data": 0.002}}, {"type": "dict", "image_number": {"type": "int", "data": 20}, "Hcamera2end": {"type": "ndarray", "data": [[0.9999962240627837, 0.0027275629536365454, 0.00033505299418841797, -0.015118594466650159], [-0.00033332556593099584, -0.0006337529157753874, 0.9999997436256215, 0.03153756511704113], [0.0027277745951712947, -0.9999960793711021, -0.0006328413562990409, 0.03376813291577425], [0.0, 0.0, 0.0, 1.0]]}, "Hobj2base": {"type": "ndarray", "data": [[0.9999959150116285, 0.0027401869027074283, 0.0008132255492820752, -0.7349694500376796], [0.002739481057445493, -0.9999958710696615, 0.0008678059487749263, 0.08825371926825014], [0.0008156001420253575, -0.000865574587810028, -0.9999992927882706, 0.006357019750995336], [0.0, 0.0, 0.0, 1.0]]}, "mean_rme": {"type": "float", "data": 0.0021389839205860858}, "max_rme": {"type": "float", "data": 0.006670552593741164}, "simu": {"type": "float", "data": 0.002}}, {"type": "dict", "image_number": {"type": "int", "data": 21}, "Hcamera2end": {"type": "ndarray", "data": [[0.9999948445519494, 0.0031922848692549207, 0.00034667973110627114, -0.015058653810771087], [-0.00034448027875846323, -0.0006895140651761444, 0.9999997029518018, 0.0315369870265584], [0.003192522961543161, -0.999994666929613, -0.0006884108312406045, 0.033720379881754636], [0.0, 0.0, 0.0, 1.0]]}, "Hobj2base": {"type": "ndarray", "data": [[0.9999946165145448, 0.0031721655932752876, 0.0008392302290346609, -0.735060984899425], [0.0031713772039414275, -0.9999945302248545, 0.0009390883897211399, 0.08826436460135716], [0.0008422045825129301, -0.0009364218185352337, -0.9999992069024952, 0.006395281943664291], [0.0, 0.0, 0.0, 1.0]]}, "mean_rme": {"type": "float", "data": 0.0020945653627258555}, "max_rme": {"type": "float", "data": 0.006640431327581742}, "simu": {"type": "float", "data": 0.002}}, {"type": "dict", "image_number": {"type": "int", "data": 22}, "Hcamera2end": {"type": "ndarray", "data": [[0.9999946928196137, 0.0032241549800335785, 0.0004681423619551854, -0.015250224138210134], [-0.00046608517088118267, -0.0006387777034839726, 0.9999996873637808, 0.03312018439801986], [0.003224453010948828, -0.9999945983792665, -0.0006372715825506692, 0.03368965312702441], [0.0, 0.0, 0.0, 1.0]]}, "Hobj2base": {"type": "ndarray", "data": [[0.999994494994111, 0.003218585159240582, 0.0008066542293123202, -0.7350817772896344], [0.003217948485466432, -0.9999945108629273, 0.0007893361508037555, 0.08819979608192893], [0.0008091903470973146, -0.0007867360337480862, -0.9999993631284945, 0.004705925282469012], [0.0, 0.0, 0.0, 1.0]]}, "mean_rme": {"type": "float", "data": 0.0020429603423577146}, "max_rme": {"type": "float", "data": 0.006788705775839454}, "simu": {"type": "float", "data": 0.002}}, {"type": "dict", "image_number": {"type": "int", "data": 23}, "Hcamera2end": {"type": "ndarray", "data": [[0.9999945725085932, 0.0032570413014284356, 0.0004966239186573352, -0.015263221661823888], [-0.0004946433155487652, -0.0006088762117577584, 0.999999692298827, 0.03315923957182041], [0.003257342681723267, -0.9999945104607921, -0.0006072618333790025, 0.03366183349863605], [0.0, 0.0, 0.0, 1.0]]}, "Hobj2base": {"type": "ndarray", "data": [[0.9999944467602625, 0.0032433092456973854, 0.000766416188004329, -0.7350766744393795], [0.0032426965268655054, -0.9999944229602471, 0.0007993545127102097, 0.08819850131538728], [0.0007690044675524444, -0.0007968648185919902, -0.9999993868191068, 0.0047193309371110865], [0.0, 0.0, 0.0, 1.0]]}, "mean_rme": {"type": "float", "data": 0.0019689412985302627}, "max_rme": {"type": "float", "data": 0.006743616868769009}, "simu": {"type": "float", "data": 0.002}}, {"type": "dict", "image_number": {"type": "int", "data": 24}, "Hcamera2end": {"type": "ndarray", "data": [[0.9999949933954225, 0.0031277904976522823, 0.00047969854252324917, -0.015194474851298222], [-0.0004778333010862566, -0.0005970647632171922, 0.9999997075944598, 0.033239562274642136], [0.003128075994165719, -0.9999949302072844, -0.0005955672114914545, 0.03361698768246328], [0.0, 0.0, 0.0, 1.0]]}, "Hobj2base": {"type": "ndarray", "data": [[0.9999948665083657, 0.0031153402156920786, 0.0007494079373191478, -0.7351102538623729], [0.003114747178610082, -0.9999948361545974, 0.0007912105621020706, 0.08828698019801862], [0.0007518689575756127, -0.0007888722841708761, -0.9999994061866189, 0.004723249226714292], [0.0, 0.0, 0.0, 1.0]]}, "mean_rme": {"type": "float", "data": 0.0019414798364997862}, "max_rme": {"type": "float", "data": 0.006653438865546923}, "simu": {"type": "float", "data": 0.002}}, {"type": "dict", "image_number": {"type": "int", "data": 25}, "Hcamera2end": {"type": "ndarray", "data": [[0.9999954899729678, 0.0029586931393293173, 0.0005159153334546064, -0.015279366509590941], [-0.0005141147988400622, -0.0006092856737969221, 0.9999996822284204, 0.03515911136677793], [0.0029590065389622903, -0.9999954374425292, -0.0006077618179738398, 0.033591280012011185], [0.0, 0.0, 0.0, 1.0]]}, "Hobj2base": {"type": "ndarray", "data": [[0.999995377206775, 0.0029568662838732394, 0.0007088771818629398, -0.7351510186415298], [0.002956345892732769, -0.9999953605961087, 0.0007340335288017147, 0.08841864980938667], [0.0007110443320879299, -0.0007319344493714383, -0.9999994793438245, 0.0028112762344903873], [0.0, 0.0, 0.0, 1.0]]}, "mean_rme": {"type": "float", "data": 0.001963634836820723}, "max_rme": {"type": "float", "data": 0.006661259718347856}, "simu": {"type": "float", "data": 0.002}}, {"type": "dict", "image_number": {"type": "int", "data": 26}, "Hcamera2end": {"type": "ndarray", "data": [[0.9999950267933948, 0.0031248116898877085, 0.000426544698994138, -0.015229843035321555], [-0.0004246974851172436, -0.0005917837654076941, 0.9999997347119755, 0.0351258708772827], [0.003125063283140673, -0.9999949426591507, -0.0005904537226786299, 0.03371794172573356], [0.0, 0.0, 0.0, 1.0]]}, "Hobj2base": {"type": "ndarray", "data": [[0.9999949157438096, 0.003118018274176474, 0.0006681680723924121, -0.735199253499285], [0.0031175690972466224, -0.9999949144140194, 0.0006722417882114201, 0.0884735450902096], [0.0006702607365465387, -0.0006701553102276895, -0.9999995508211017, 0.0029912451429656003], [0.0, 0.0, 0.0, 1.0]]}, "mean_rme": {"type": "float", "data": 0.0019928678068988725}, "max_rme": {"type": "float", "data": 0.006478592861167365}, "simu": {"type": "float", "data": 0.002}}, {"type": "dict", "image_number": {"type": "int", "data": 27}, "Hcamera2end": {"type": "ndarray", "data": [[0.9999946094719881, 0.003252560994595766, 0.00044930384183236864, -0.015236789631004118], [-0.00044739980221613273, -0.0005861009836816145, 0.99999972815949, 0.03520347905733841], [0.0032528234478415964, -0.9999945386513934, -0.0005846426291420403, 0.03383893696054894], [0.0, 0.0, 0.0, 1.0]]}, "Hobj2base": {"type": "ndarray", "data": [[0.9999945289244245, 0.003241361067851511, 0.0006600754850959663, -0.7352753804466693], [0.0032409180126902848, -0.9999945229648994, 0.0006711859935253278, 0.08835354162882957], [0.0006622474259880658, -0.0006690430708866493, -0.9999995569047597, 0.0028493241790113373], [0.0, 0.0, 0.0, 1.0]]}, "mean_rme": {"type": "float", "data": 0.001981362520475177}, "max_rme": {"type": "float", "data": 0.00654895004913425}, "simu": {"type": "float", "data": 0.002}}, {"type": "dict", "image_number": {"type": "int", "data": 28}, "Hcamera2end": {"type": "ndarray", "data": [[0.9999942019381391, 0.0033676998042399056, 0.0005046663578651197, -0.015250784699254623], [-0.0005027205447139672, -0.0005786084922954071, 0.9999997062420901, 0.03525574519724568], [0.0033679908191918866, -0.9999941618880789, -0.0005769121256073984, 0.033918109293521514], [0.0, 0.0, 0.0, 1.0]]}, "Hobj2base": {"type": "ndarray", "data": [[0.9999941551361936, 0.003361824896305915, 0.0006227574302570126, -0.7353386298642575], [0.003361392958899926, -0.9999941101400789, 0.000693341566613777, 0.08827340881281717], [0.0006250846552432693, -0.0006912441816855804, -0.9999995657252334, 0.0027643181586404753], [0.0, 0.0, 0.0, 1.0]]}, "mean_rme": {"type": "float", "data": 0.0019491190983752388}, "max_rme": {"type": "float", "data": 0.006599347172919656}, "simu": {"type": "float", "data": 0.002}}, {"type": "dict", "image_number": {"type": "int", "data": 29}, "Hcamera2end": {"type": "ndarray", "data": [[0.9999936014336847, 0.003553951450864638, 0.00040806956984855663, -0.014692635417536931], [-0.00040619501499725586, -0.0005281623459882923, 0.9999997780250482, 0.035122710478503724], [0.003554166188957774, -0.9999935452159783, -0.0005267153691435045, 0.03420077794866384], [0.0, 0.0, 0.0, 1.0]]}, "Hobj2base": {"type": "ndarray", "data": [[0.9999936019092416, 0.0035358266411312706, 0.0005422827170764282, -0.7353998518033272], [0.0035354833409326496, -0.9999935499891544, 0.0006327223990794873, 0.08884200934567923], [0.0005445164160621276, -0.0006308011193518537, -0.9999996527958499, 0.0029518356063419405], [0.0, 0.0, 0.0, 1.0]]}, "mean_rme": {"type": "float", "data": 0.0020366561205603195}, "max_rme": {"type": "float", "data": 0.006505944680834097}, "simu": {"type": "float", "data": 0.002}}, {"type": "dict", "image_number": {"type": "int", "data": 30}, "Hcamera2end": {"type": "ndarray", "data": [[0.9999936642645103, 0.0035373608834207613, 0.00039813165961386974, -0.014720302774972747], [-0.00039643244241415994, -0.00048105115539187615, 0.9999998057155336, 0.03509883858162854], [0.003537551717861344, -0.9999936278135809, -0.000479645782964333, 0.034191236483243126], [0.0, 0.0, 0.0, 1.0]]}, "Hobj2base": {"type": "ndarray", "data": [[0.9999936761246991, 0.0035211515045778857, 0.0004992020553540919, -0.7354228857905042], [0.0035208295930900524, -0.9999935943164304, 0.0006442709707322837, 0.08882241466615841], [0.0005014674333216376, -0.0006425092910735828, -0.9999996678560574, 0.0029814802853913563], [0.0, 0.0, 0.0, 1.0]]}, "mean_rme": {"type": "float", "data": 0.001976248041298908}, "max_rme": {"type": "float", "data": 0.0064914133032571986}, "simu": {"type": "float", "data": 0.002}}]}