{"type": "list", "data": [{"type": "dict", "image_number": {"type": "int", "data": 5}, "Hcamera2end": {"type": "ndarray", "data": [[0.9999959009847459, 0.002840828854744201, 0.00035735853743144256, -0.00971769046017102], [-0.0003506233460695927, -0.0023709989158768874, 0.99999712770958, 0.03520309691510131], [0.002841667991763526, -0.9999931540043456, -0.002369993136197568, 0.03542729362136563], [0.0, 0.0, 0.0, 1.0]]}, "Hobj2base": {"type": "ndarray", "data": [[0.9999962687700068, 0.002729576119404814, 0.00010890487912265327, -0.7361382842938962], [0.00272924045899498, -0.9999918602750821, 0.0029716376120770666, 0.09587779018500572], [0.0001170153037283457, -0.0029713292966113956, -0.999995578745041, -0.005249896400627363], [0.0, 0.0, 0.0, 1.0]]}, "mean_rme": {"type": "float", "data": 0.002089013815521714}, "max_rme": {"type": "float", "data": 0.007195752035889791}, "simu": {"type": "float", "data": 0.002}}, {"type": "dict", "image_number": {"type": "int", "data": 6}, "Hcamera2end": {"type": "ndarray", "data": [[0.9999960512120009, 0.0024078692467910993, -0.001449043165613565, -0.012434030262060847], [0.0014498686357285722, -0.00034111163927197374, 0.9999988907612792, 0.034798119858440106], [0.002407372290399698, -0.9999970428998978, -0.0003446013863943609, 0.03313464162487899], [0.0, 0.0, 0.0, 1.0]]}, "Hobj2base": {"type": "ndarray", "data": [[0.999995628458085, 0.002414426113946594, -0.0017069303617717596, -0.7344228753492938], [0.0024160305627504634, -0.9999966409777561, 0.0009385251864394592, 0.09249905633766296], [-0.0017046586284359688, -0.0009426450795597957, -0.999998102777808, -0.005334233289934302], [0.0, 0.0, 0.0, 1.0]]}, "mean_rme": {"type": "float", "data": 0.0019438135387062048}, "max_rme": {"type": "float", "data": 0.007076960530758569}, "simu": {"type": "float", "data": 0.002}}, {"type": "dict", "image_number": {"type": "int", "data": 7}, "Hcamera2end": {"type": "ndarray", "data": [[0.9999959832824523, 0.0023714893229441997, -0.0015522426847625352, -0.011855150483513023], [0.0015519763753154502, 0.00011413241227042903, 0.9999987891708284, 0.034921206519057946], [0.0023716636126777883, -0.9999971815021198, 0.00011045145842925042, 0.0334629155630691], [0.0, 0.0, 0.0, 1.0]]}, "Hobj2base": {"type": "ndarray", "data": [[0.9999951996344775, 0.0023988315988728143, -0.001961202427547619, -0.7350732715007743], [0.002400027863001505, -0.9999969351943849, 0.0006078388714456493, 0.09268887906465008], [-0.00195973831375156, -0.0006125428940679881, -0.9999978921062505, -0.005085985053397373], [0.0, 0.0, 0.0, 1.0]]}, "mean_rme": {"type": "float", "data": 0.001986794651498949}, "max_rme": {"type": "float", "data": 0.007341594260916684}, "simu": {"type": "float", "data": 0.002}}, {"type": "dict", "image_number": {"type": "int", "data": 8}, "Hcamera2end": {"type": "ndarray", "data": [[0.9999963045618011, 0.002379603011193226, -0.001314668114233617, -0.01178300811414599], [0.0013134859946295375, 0.0004982664106750745, 0.9999990132420761, 0.035144794068616717], [0.0023802557180636077, -0.9999970446056793, 0.0004951389941343365, 0.03359777230035907], [0.0, 0.0, 0.0, 1.0]]}, "Hobj2base": {"type": "ndarray", "data": [[0.9999948402254789, 0.002420160523616598, -0.0021124264386611744, -0.7352865496424534], [0.002421630688226534, -0.9999968272513577, 0.0006936800618515252, 0.09274420969801239], [-0.002110740919361346, -0.0006987919993092993, -0.9999975282282019, -0.004812626641228404], [0.0, 0.0, 0.0, 1.0]]}, "mean_rme": {"type": "float", "data": 0.0019754315401752684}, "max_rme": {"type": "float", "data": 0.007554281523445838}, "simu": {"type": "float", "data": 0.002}}, {"type": "dict", "image_number": {"type": "int", "data": 9}, "Hcamera2end": {"type": "ndarray", "data": [[0.9999958754756921, 0.0024142490934424134, -0.0015557740577776308, -0.011849624645390215], [0.0015539434427758246, 0.0007599450466315716, 0.9999985038705318, 0.03505850371871954], [0.0024154277842020878, -0.9999967969372904, 0.0007561903056718666, 0.0335902491747035], [0.0, 0.0, 0.0, 1.0]]}, "Hobj2base": {"type": "ndarray", "data": [[0.9999943545447346, 0.002455409904424542, -0.002293870279843074, -0.7353982106723169], [0.0024563007327603743, -0.9999969089390406, 0.0003856151890518069, 0.09255500886793201], [-0.002292916345995712, -0.0003912474473277432, -0.9999972947263731, -0.0048415678694272], [0.0, 0.0, 0.0, 1.0]]}, "mean_rme": {"type": "float", "data": 0.0018037681881951301}, "max_rme": {"type": "float", "data": 0.007491755444905351}, "simu": {"type": "float", "data": 0.002}}, {"type": "dict", "image_number": {"type": "int", "data": 10}, "Hcamera2end": {"type": "ndarray", "data": [[0.9999963796803613, 0.0023949485259275706, -0.001226722351999757, -0.011982396330990144], [0.0012258459481284882, 0.00036737213266946345, 0.9999991811693784, 0.035317800749152806], [0.002395397228477028, -0.9999970646253288, 0.0003644349647183853, 0.03283313957922181], [0.0, 0.0, 0.0, 1.0]]}, "Hobj2base": {"type": "ndarray", "data": [[0.9999957082600687, 0.00239008128343951, -0.0016943945532457852, -0.7344972918598579], [0.0023909699643211964, -0.9999970050445988, 0.0005226513774896552, 0.09213756477031494], [-0.0016931402993345642, -0.0005267003808903883, -0.9999984279300822, -0.004857802288112984], [0.0, 0.0, 0.0, 1.0]]}, "mean_rme": {"type": "float", "data": 0.0018084604520642123}, "max_rme": {"type": "float", "data": 0.008149617063691522}, "simu": {"type": "float", "data": 0.002}}, {"type": "dict", "image_number": {"type": "int", "data": 11}, "Hcamera2end": {"type": "ndarray", "data": [[0.9999960178343872, 0.0027915035761814553, -0.00041451556316524367, -0.012598097650450401], [0.00041621442532674066, -0.0006080297616850583, 0.9999997285326435, 0.03539955415068588], [0.0027912507805802735, -0.9999959188954687, -0.0006091892044666203, 0.03288892050571492], [0.0, 0.0, 0.0, 1.0]]}, "Hobj2base": {"type": "ndarray", "data": [[0.9999961087632109, 0.0027497567388021344, -0.00047042142164298534, -0.7342124280335397], [0.002750193270892673, -0.9999957859053943, 0.0009298432261392681, 0.09174693838436263], [-0.0004678625965655041, -0.0009311333577273847, -0.9999994570474828, -0.00489562804982789], [0.0, 0.0, 0.0, 1.0]]}, "mean_rme": {"type": "float", "data": 0.0017400314626320682}, "max_rme": {"type": "float", "data": 0.008530654197386384}, "simu": {"type": "float", "data": 0.002}}, {"type": "dict", "image_number": {"type": "int", "data": 12}, "Hcamera2end": {"type": "ndarray", "data": [[0.9999953479841205, 0.003048335783264861, -0.00010797717451491878, -0.012717460972681442], [0.00011117076837492516, -0.0010475015961530776, 0.9999994451905794, 0.035504625670956434], [0.003048220985756798, -0.9999948051811862, -0.001047835608990244, 0.03313510009593408], [0.0, 0.0, 0.0, 1.0]]}, "Hobj2base": {"type": "ndarray", "data": [[0.9999955899125125, 0.0029681238065347357, 0.00010196369620134133, -0.7341986727308445], [0.002968029740462875, -0.9999951807641423, 0.000910630523053326, 0.09174683539770967], [0.0001046660689486722, -0.0009103238758102773, -0.9999995801776391, -0.005191886449778522], [0.0, 0.0, 0.0, 1.0]]}, "mean_rme": {"type": "float", "data": 0.0016558853170378386}, "max_rme": {"type": "float", "data": 0.00865976864570997}, "simu": {"type": "float", "data": 0.002}}, {"type": "dict", "image_number": {"type": "int", "data": 13}, "Hcamera2end": {"type": "ndarray", "data": [[0.9999950552936874, 0.0031400448099704673, -0.00017177533732617122, -0.012599956713076767], [0.00017472003869678661, -0.0009375393425765655, 0.9999995452463414, 0.035425251621593164], [0.0031398823358867738, -0.9999946305548709, -0.0009380833354706297, 0.03308230817474044], [0.0, 0.0, 0.0, 1.0]]}, "Hobj2base": {"type": "ndarray", "data": [[0.9999954614007747, 0.0030084455192322017, 0.00016258354667729694, -0.7341512862487456], [0.0030082604068592637, -0.9999948400338747, 0.0011270647495792612, 0.09171525823156962], [0.00016597342064745985, -0.0011265705406377858, -0.99999935164561, -0.0051971361352251425], [0.0, 0.0, 0.0, 1.0]]}, "mean_rme": {"type": "float", "data": 0.001585994445440248}, "max_rme": {"type": "float", "data": 0.00868971243972888}, "simu": {"type": "float", "data": 0.002}}, {"type": "dict", "image_number": {"type": "int", "data": 14}, "Hcamera2end": {"type": "ndarray", "data": [[0.9999943681194461, 0.0033114634088810204, -0.000545838328954191, -0.012354145201629065], [0.0005464483753250993, -0.00018332061420478496, 0.9999998338938487, 0.03549566465539853], [0.0033113627954088586, -0.9999945002866983, -0.00018512912556456484, 0.03240015309275485], [0.0, 0.0, 0.0, 1.0]]}, "Hobj2base": {"type": "ndarray", "data": [[0.9999946733441573, 0.0032280196766610474, -0.0004828791560542422, -0.7339028578071428], [0.0032282928056805546, -0.9999946289156227, 0.0005659200182913637, 0.09178673903227472], [-0.00048104976151509, -0.0005674758791356947, -0.9999997232810887, -0.005179945839867425], [0.0, 0.0, 0.0, 1.0]]}, "mean_rme": {"type": "float", "data": 0.0015332557126069865}, "max_rme": {"type": "float", "data": 0.008586642795395089}, "simu": {"type": "float", "data": 0.002}}, {"type": "dict", "image_number": {"type": "int", "data": 15}, "Hcamera2end": {"type": "ndarray", "data": [[0.999994375722339, 0.0033044860943663365, -0.0005734939770461801, -0.012369648933222758], [0.0005740990410568571, -0.00018215817063982342, 0.9999998186143294, 0.03552110456239334], [0.0033043810283661787, -0.9999945235800308, -0.0001840542484297103, 0.0324217331073535], [0.0, 0.0, 0.0, 1.0]]}, "Hobj2base": {"type": "ndarray", "data": [[0.9999947330082422, 0.003203298629688276, -0.000522334819291036, -0.7339242250508229], [0.0032036098136267598, -0.9999946908132435, 0.000596011315279926, 0.09182018970848184], [-0.000520422843888416, -0.0005976815330463206, -0.9999996859683753, -0.005184730113451711], [0.0, 0.0, 0.0, 1.0]]}, "mean_rme": {"type": "float", "data": 0.0014581128789770265}, "max_rme": {"type": "float", "data": 0.00854157482311027}, "simu": {"type": "float", "data": 0.002}}, {"type": "dict", "image_number": {"type": "int", "data": 16}, "Hcamera2end": {"type": "ndarray", "data": [[0.99999396122805, 0.0034577363040898977, -0.00034866471673822654, -0.012297242097290436], [0.0003502672600899082, -0.00046287130244970776, 0.9999998315314875, 0.0355324494564872], [0.0034575743346786517, -0.9999939148863899, -0.00046407963909689265, 0.032931343414200155], [0.0, 0.0, 0.0, 1.0]]}, "Hobj2base": {"type": "ndarray", "data": [[0.9999943535180094, 0.003354753220361667, -0.0001963744612155745, -0.7342242017159147], [0.003354889398922161, -0.9999941292337253, 0.0006972913338130192, 0.09210770237981841], [-0.00019403406799937088, -0.0006979462111682117, -0.9999997376108989, -0.005428697588771028], [0.0, 0.0, 0.0, 1.0]]}, "mean_rme": {"type": "float", "data": 0.0014970481666846335}, "max_rme": {"type": "float", "data": 0.008443819814033804}, "simu": {"type": "float", "data": 0.002}}, {"type": "dict", "image_number": {"type": "int", "data": 17}, "Hcamera2end": {"type": "ndarray", "data": [[0.999993996989925, 0.003451805957771002, -0.0003016947859077199, -0.012336454257036333], [0.00030343226762966167, -0.0005028417780879035, 0.9999998275394878, 0.03543724251552401], [0.0034516536577281925, -0.999993916074381, -0.0005038861488326773, 0.03290201551866644], [0.0, 0.0, 0.0, 1.0]]}, "Hobj2base": {"type": "ndarray", "data": [[0.9999943763997974, 0.003347973091516157, -0.00019556318360891933, -0.7342556367210317], [0.0033480986512788905, -0.9999941869061406, 0.0006452823786730146, 0.09209726251908834], [-0.00019340165874155076, -0.00064593351469418, -0.9999997726828207, -0.0055479404798919685], [0.0, 0.0, 0.0, 1.0]]}, "mean_rme": {"type": "float", "data": 0.0014956136910247483}, "max_rme": {"type": "float", "data": 0.008396699611328606}, "simu": {"type": "float", "data": 0.002}}, {"type": "dict", "image_number": {"type": "int", "data": 18}, "Hcamera2end": {"type": "ndarray", "data": [[0.999994160548843, 0.0034126694425488783, -0.00018043140130232752, -0.013014639417498766], [0.00018221272645890622, -0.0005216704139772155, 0.9999998473292392, 0.035505276935022166], [0.0034125747958102257, -0.9999940407558713, -0.0005222891995120271, 0.03334920134525693], [0.0, 0.0, 0.0, 1.0]]}, "Hobj2base": {"type": "ndarray", "data": [[0.9999944961417476, 0.003314814450679156, -0.00014032594135442264, -0.7348819720791036], [0.003314916401868925, -0.9999942372654671, 0.0007326425498251924, 0.0916719723933572], [-0.00013789655858193156, -0.0007331036862290519, -0.9999997217717238, -0.005514695475306515], [0.0, 0.0, 0.0, 1.0]]}, "mean_rme": {"type": "float", "data": 0.0016132738786879557}, "max_rme": {"type": "float", "data": 0.00837015959913065}, "simu": {"type": "float", "data": 0.002}}, {"type": "dict", "image_number": {"type": "int", "data": 19}, "Hcamera2end": {"type": "ndarray", "data": [[0.9999947215346964, 0.0032433031190021036, -0.00019464743368137905, -0.013047825009854125], [0.00019610300750770864, -0.00044848167687194795, 0.999999880203891, 0.03548192760343776], [0.003243215434659553, -0.9999946399101667, -0.00044911533107283574, 0.03352936671285377], [0.0, 0.0, 0.0, 1.0]]}, "Hobj2base": {"type": "ndarray", "data": [[0.9999950117402937, 0.003153741751953967, -0.000174377440793705, -0.7349845274521608], [0.0031538578691896364, -0.9999948023412559, 0.0006696797842871534, 0.09152636793326109], [-0.00017226453734312918, -0.0006702264054143256, -0.9999997605607187, -0.005440820363925225], [0.0, 0.0, 0.0, 1.0]]}, "mean_rme": {"type": "float", "data": 0.0015883302701406202}, "max_rme": {"type": "float", "data": 0.008480072391744198}, "simu": {"type": "float", "data": 0.002}}, {"type": "dict", "image_number": {"type": "int", "data": 20}, "Hcamera2end": {"type": "ndarray", "data": [[0.9999945299999887, 0.003295170460886566, -0.00028604498848406224, -0.012974752433912416], [0.00028720368404584425, -0.0003511666561601956, 0.9999998970980066, 0.03543790666200251], [0.003295069672344839, -0.9999945092517326, -0.00035211112037436543, 0.033804804023908085], [0.0, 0.0, 0.0, 1.0]]}, "Hobj2base": {"type": "ndarray", "data": [[0.9999948245457158, 0.003209033127675055, -0.0002301915910896083, -0.7353077655875679], [0.003209159255823162, -0.9999946995678841, 0.0005496662703489009, 0.09142676729243994], [-0.00022842647370399077, -0.0005504021470514051, -0.999999822439396, -0.0053996954798064215], [0.0, 0.0, 0.0, 1.0]]}, "mean_rme": {"type": "float", "data": 0.0015626451252609577}, "max_rme": {"type": "float", "data": 0.00855399351576705}, "simu": {"type": "float", "data": 0.002}}, {"type": "dict", "image_number": {"type": "int", "data": 21}, "Hcamera2end": {"type": "ndarray", "data": [[0.999994553328536, 0.0032906108514345438, -0.00025533015122855356, -0.012979066063236276], [0.00025635665000196145, -0.0003115297764535452, 0.9999999186152299, 0.03547161841304253], [0.0032905310406840015, -0.9999945373997913, -0.00031237164962760744, 0.03367671864891606], [0.0, 0.0, 0.0, 1.0]]}, "Hobj2base": {"type": "ndarray", "data": [[0.9999948207434177, 0.0032071093295527042, -0.00027006682159966456, -0.7352389734203693], [0.003207256393532671, -0.9999947077436002, 0.0005458857188803746, 0.09152025477016695], [-0.00026831467715490866, -0.0005467490651384285, -0.9999998145363298, -0.005388206488823541], [0.0, 0.0, 0.0, 1.0]]}, "mean_rme": {"type": "float", "data": 0.001544402317921469}, "max_rme": {"type": "float", "data": 0.008488284677790198}, "simu": {"type": "float", "data": 0.002}}, {"type": "dict", "image_number": {"type": "int", "data": 22}, "Hcamera2end": {"type": "ndarray", "data": [[0.9999954764861496, 0.0030003477872109535, -0.00021194431910065512, -0.01335135749847791], [0.0002131228527749245, -0.00039248474890718477, 0.9999999002671809, 0.035515087025012514], [0.0030002643030649454, -0.9999954219239595, -0.0003931224161766167, 0.03365572518410635], [0.0, 0.0, 0.0, 1.0]]}, "Hobj2base": {"type": "ndarray", "data": [[0.9999957088422834, 0.0029240029574819676, -0.0001802878913733222, -0.7353012539604492], [0.002924102588412109, -0.9999955708692643, 0.0005548566537809599, 0.0912303935567401], [-0.0001786646903580472, -0.0005553814530933726, -0.9999998298151702, -0.005440966716867875], [0.0, 0.0, 0.0, 1.0]]}, "mean_rme": {"type": "float", "data": 0.001553173168591145}, "max_rme": {"type": "float", "data": 0.008559244726832949}, "simu": {"type": "float", "data": 0.002}}, {"type": "dict", "image_number": {"type": "int", "data": 23}, "Hcamera2end": {"type": "ndarray", "data": [[0.9999865160220316, 0.005183565858222364, -0.00031371820581287645, -0.013473504207639094], [0.00031539293098109804, -0.0003222693328834847, 0.9999998983348829, 0.03354252611348187], [0.0051834642294776336, -0.9999865133027898, -0.00032389984743974587, 0.03347930901135877], [0.0, 0.0, 0.0, 1.0]]}, "Hobj2base": {"type": "ndarray", "data": [[0.9999870072137395, 0.0050931723525844885, -0.00021212990211798706, -0.7357045227149903], [0.005093289275437959, -0.9999868754689982, 0.0005543411457456666, 0.0904953393416039], [-0.00020930376301509857, -0.0005554143822651018, -0.9999998238533834, -0.0035017718776381855], [0.0, 0.0, 0.0, 1.0]]}, "mean_rme": {"type": "float", "data": 0.0016184874744115585}, "max_rme": {"type": "float", "data": 0.00773984755082055}, "simu": {"type": "float", "data": 0.002}}, {"type": "dict", "image_number": {"type": "int", "data": 24}, "Hcamera2end": {"type": "ndarray", "data": [[0.9999868394344764, 0.0051201756995934485, -0.00032366441262753716, -0.013494701343475763], [0.0003250635412941007, -0.0002724281038957166, 0.999999910058307, 0.03352588567362089], [0.005120087063793948, -0.9999868547054673, -0.0002740889010328651, 0.03336352405249721], [0.0, 0.0, 0.0, 1.0]]}, "Hobj2base": {"type": "ndarray", "data": [[0.9999873185942609, 0.005030891335476955, -0.0002297455784445555, -0.7356067657823822], [0.005031008642200979, -0.9999872128595666, 0.0005129029118285775, 0.09056161274860353], [-0.0002271622818405208, -0.0005140522594893099, -0.9999998420737732, -0.003508466351316059], [0.0, 0.0, 0.0, 1.0]]}, "mean_rme": {"type": "float", "data": 0.0015928941383778488}, "max_rme": {"type": "float", "data": 0.00764445054576976}, "simu": {"type": "float", "data": 0.002}}, {"type": "dict", "image_number": {"type": "int", "data": 25}, "Hcamera2end": {"type": "ndarray", "data": [[0.9999866755896671, 0.005149387341969747, -0.00036394110529253034, -0.013676176960028392], [0.0003649919918454394, -0.00020314164222479114, 0.9999999127571558, 0.0334900937795713], [0.0051493129611287465, -0.9999867211835743, -0.00020501842062503606, 0.03341399761005891], [0.0, 0.0, 0.0, 1.0]]}, "Hobj2base": {"type": "ndarray", "data": [[0.9999871437894171, 0.005063034946031503, -0.00027916485955359067, -0.7356195001752062], [0.0050631594519755406, -0.9999870821728165, 0.0004471060955310614, 0.09033590181775128], [-0.00027689753956392177, -0.0004485138036382526, -0.9999998610815506, -0.0035623040142247243], [0.0, 0.0, 0.0, 1.0]]}, "mean_rme": {"type": "float", "data": 0.0015980636637902943}, "max_rme": {"type": "float", "data": 0.0076720688505228785}, "simu": {"type": "float", "data": 0.002}}, {"type": "dict", "image_number": {"type": "int", "data": 26}, "Hcamera2end": {"type": "ndarray", "data": [[0.9999859347593087, 0.0052902527902252885, -0.0003788257741067112, -0.013567016495808763], [0.00038011080188909627, -0.00024190146182623273, 0.9999998984997253, 0.03347621114054343], [0.005290160614754643, -0.9999859772562304, -0.00024390894165438048, 0.03391564906957274], [0.0, 0.0, 0.0, 1.0]]}, "Hobj2base": {"type": "ndarray", "data": [[0.9999864111609141, 0.005207697733652516, -0.0002395366986666324, -0.736012900140544], [0.0052077980366727825, -0.9999863511109373, 0.00042003743039909137, 0.0906206394825915], [-0.00023734600128246723, -0.0004212791813270668, -0.9999998830953569, -0.003477667551461627], [0.0, 0.0, 0.0, 1.0]]}, "mean_rme": {"type": "float", "data": 0.0016368722486646806}, "max_rme": {"type": "float", "data": 0.00744886750772919}, "simu": {"type": "float", "data": 0.002}}, {"type": "dict", "image_number": {"type": "int", "data": 27}, "Hcamera2end": {"type": "ndarray", "data": [[0.9999880033377393, 0.00488687353267361, -0.0003341372131362209, -0.013526127892180509], [0.0003350487225089352, -0.0001857045034143745, 0.9999999266280929, 0.033470119234284154], [0.004886811123329142, -0.9999880419189587, -0.00018733961631434148, 0.03383670633967196], [0.0, 0.0, 0.0, 1.0]]}, "Hobj2base": {"type": "ndarray", "data": [[0.9999884377035413, 0.004804991485707516, -0.00019109173949849483, -0.7360199590855155], [0.004805073863902049, -0.9999883618223349, 0.00043299543360683835, 0.09068319968019585], [-0.0001890089761670491, -0.0004339086371083415, -0.9999998879994445, -0.0035333944711053032], [0.0, 0.0, 0.0, 1.0]]}, "mean_rme": {"type": "float", "data": 0.0016479350720875314}, "max_rme": {"type": "float", "data": 0.007479558054806101}, "simu": {"type": "float", "data": 0.002}}, {"type": "dict", "image_number": {"type": "int", "data": 28}, "Hcamera2end": {"type": "ndarray", "data": [[0.9999895414522753, 0.00456462890632937, -0.00028486666317166336, -0.013374212869494691], [0.000285939665505643, -0.00023441802495494102, 0.9999999316433463, 0.03341629135621939], [0.004564561816426057, -0.9999895545510149, -0.00023572078174538547, 0.034090211998785994], [0.0, 0.0, 0.0, 1.0]]}, "Hobj2base": {"type": "ndarray", "data": [[0.9999898963403969, 0.004493281257556587, -0.0001328181568969854, -0.736124232062946], [0.004493341734272235, -0.9999897997317599, 0.0004585984010868411, 0.09099992307046044], [-0.00013075619051580901, -0.00045919056493215634, -0.9999998860234152, -0.0034525528735786376], [0.0, 0.0, 0.0, 1.0]]}, "mean_rme": {"type": "float", "data": 0.0016428674263533605}, "max_rme": {"type": "float", "data": 0.007321929113315223}, "simu": {"type": "float", "data": 0.002}}, {"type": "dict", "image_number": {"type": "int", "data": 29}, "Hcamera2end": {"type": "ndarray", "data": [[0.9999870440623164, 0.005070275011329414, -0.0004516844257063013, -0.01356892343369609], [0.00045309540915880074, -0.0002771401716961108, 0.9999998589489277, 0.033635991236279444], [0.005070149116262393, -0.9999871076692112, -0.00027943389941609276, 0.03399144415418071], [0.0, 0.0, 0.0, 1.0]]}, "Hobj2base": {"type": "ndarray", "data": [[0.9999875511042295, 0.004987605853685218, -0.00014637081084834175, -0.7362801667927201], [0.004987671326601159, -0.999987460056204, 0.0004504054610221273, 0.09075089094467984], [-0.00014412253045267462, -0.0004511299034678082, -0.9999998878552467, -0.0038104912490429625], [0.0, 0.0, 0.0, 1.0]]}, "mean_rme": {"type": "float", "data": 0.0017570195704456136}, "max_rme": {"type": "float", "data": 0.007403099510160938}, "simu": {"type": "float", "data": 0.002}}, {"type": "dict", "image_number": {"type": "int", "data": 30}, "Hcamera2end": {"type": "ndarray", "data": [[0.9999890068973758, 0.004651558990441797, -0.0005908327669871512, -0.013598159567338099], [0.0005920152713660204, -0.00025284398645841755, 0.9999997927938968, 0.032614411361600086], [0.0046514086380982506, -0.9999891494755713, -0.0002555950008764629, 0.03401629802346612], [0.0, 0.0, 0.0, 1.0]]}, "Hobj2base": {"type": "ndarray", "data": [[0.9999894433199388, 0.004591236959727376, -0.00018382562001195132, -0.7362408011966599], [0.004591305624439549, -0.9999893896367951, 0.00037486863546394236, 0.09065538002404533], [-0.0001821025588211719, -0.00037570867769876976, -0.9999999128408206, -0.0028765304991750914], [0.0, 0.0, 0.0, 1.0]]}, "mean_rme": {"type": "float", "data": 0.0017341069020429957}, "max_rme": {"type": "float", "data": 0.006856406956909089}, "simu": {"type": "float", "data": 0.002}}]}