{"type": "list", "data": [{"type": "dict", "image_number": {"type": "int", "data": 5}, "Hcamera2end": {"type": "ndarray", "data": [[0.999990702988393, 0.0043094932075531155, -0.00014901366956288336, -0.015252511047305083], [0.0001477519770741141, 0.00029308738942113166, 0.9999999461345661, 0.029654237592358135], [0.004309536649447795, -0.9999906711405242, 0.0002924479284427406, 0.03329467811355368], [0.0, 0.0, 0.0, 1.0]]}, "Hobj2base": {"type": "ndarray", "data": [[0.9999914668519523, 0.0037382282060111536, 0.001758372304321166, -0.7368935178051305], [0.003739610722805884, -0.9999927006002494, -0.0007836184415785045, 0.08926516285420082], [0.0017554301246977468, 0.000790187382770254, -0.9999981470327721, 0.0008121501374680484], [0.0, 0.0, 0.0, 1.0]]}, "mean_rme": {"type": "float", "data": 0.0008269021425593889}, "max_rme": {"type": "float", "data": 0.0025125890771531267}, "simu": {"type": "float", "data": 0.002}}, {"type": "dict", "image_number": {"type": "int", "data": 6}, "Hcamera2end": {"type": "ndarray", "data": [[0.9999906100596658, 0.004298889018713358, -0.000547124941908738, -0.015241532515971979], [0.0005496392454873496, -0.0005837132200050554, 0.9999996785877366, 0.029264867243882456], [0.0042985682729361225, -0.9999905893717608, -0.0005860705770892594, 0.033117999273377184], [0.0, 0.0, 0.0, 1.0]]}, "Hobj2base": {"type": "ndarray", "data": [[0.9999904427266253, 0.0037057017900629964, 0.0023199632865764873, -0.7364885788799324], [0.0037078986375422467, -0.9999926807642319, -0.0009433481107548224, 0.08914121034864057], [0.002316450539435544, 0.0009519412836284854, -0.9999968639274275, 0.0004584323295555211], [0.0, 0.0, 0.0, 1.0]]}, "mean_rme": {"type": "float", "data": 0.000986685975870198}, "max_rme": {"type": "float", "data": 0.00288485429328611}, "simu": {"type": "float", "data": 0.002}}, {"type": "dict", "image_number": {"type": "int", "data": 7}, "Hcamera2end": {"type": "ndarray", "data": [[0.9999927671660459, 0.0037900516900353834, 0.0003179996559501074, -0.014679887754693033], [-0.0003182272939573163, 5.945907979076903e-05, 0.9999999475980023, 0.02937710858567068], [0.0037900325834621866, -0.9999928159605972, 6.06647476264488e-05, 0.03260532667230275], [0.0, 0.0, 0.0, 1.0]]}, "Hobj2base": {"type": "ndarray", "data": [[0.9999932363954116, 0.0033340584498500964, 0.0015528096095237108, -0.736320941014255], [0.0033341420879055518, -0.9999944404181556, -5.127686425178882e-05, 0.0903509195364282], [0.0015526300164890579, 5.645380530897168e-05, -0.9999987930757712, 0.0010653945764276251], [0.0, 0.0, 0.0, 1.0]]}, "mean_rme": {"type": "float", "data": 0.0009653164541086413}, "max_rme": {"type": "float", "data": 0.0034039378564226785}, "simu": {"type": "float", "data": 0.002}}, {"type": "dict", "image_number": {"type": "int", "data": 8}, "Hcamera2end": {"type": "ndarray", "data": [[0.9999934053913058, 0.003578297062446423, 0.0006204546981923421, -0.015863050469973907], [-0.0006202143407046247, -6.828018303917105e-05, 0.999999805335975, 0.02919793880570289], [0.003578338730641075, -0.9999935955434661, -6.606042160450798e-05, 0.03264806112291796], [0.0, 0.0, 0.0, 1.0]]}, "Hobj2base": {"type": "ndarray", "data": [[0.9999936859810639, 0.0031634424440073385, 0.0016188359734689549, -0.7362501828232382], [0.003163068725493469, -0.9999949702559696, 0.00023336452249783087, 0.08935567179547875], [0.0016195660663737763, -0.00022824255959043337, -0.9999986624546509, 0.001108300990612758], [0.0, 0.0, 0.0, 1.0]]}, "mean_rme": {"type": "float", "data": 0.0010808168399963109}, "max_rme": {"type": "float", "data": 0.0032757123792871434}, "simu": {"type": "float", "data": 0.002}}, {"type": "dict", "image_number": {"type": "int", "data": 9}, "Hcamera2end": {"type": "ndarray", "data": [[0.9999934634462695, 0.003612704576550858, 0.00014639117781191217, -0.015394462285372732], [-0.0001455887399321534, -0.00022237754021836587, 0.9999999646760738, 0.02934732388570447], [0.003612737003045979, -0.9999934494354814, -0.00022185011752862138, 0.03235915708977157], [0.0, 0.0, 0.0, 1.0]]}, "Hobj2base": {"type": "ndarray", "data": [[0.9999936379165887, 0.003241731239568136, 0.0014883900419396222, -0.7358382870513283], [0.0032420627053281275, -0.9999947202254322, -0.00022034217345384447, 0.08928419532640916], [0.0014876678934686528, 0.00022516622546451216, -0.9999988680715637, 0.0012241227314853788], [0.0, 0.0, 0.0, 1.0]]}, "mean_rme": {"type": "float", "data": 0.00109749593374954}, "max_rme": {"type": "float", "data": 0.003500890880729135}, "simu": {"type": "float", "data": 0.002}}, {"type": "dict", "image_number": {"type": "int", "data": 10}, "Hcamera2end": {"type": "ndarray", "data": [[0.999992869176001, 0.0037726864180680974, -0.00016862485057343181, -0.015831760113424055], [0.0001687493176945581, -3.2673346442857465e-05, 0.9999999852280598, 0.029591433580370946], [0.0037726808528000385, -0.9999928828594945, -3.33097517137837e-05, 0.03333355216371081], [0.0, 0.0, 0.0, 1.0]]}, "Hobj2base": {"type": "ndarray", "data": [[0.9999932558289698, 0.0034682887886782724, 0.0012080022578199788, -0.7371000535735488], [0.0034688138394639045, -0.9999938899799281, -0.0004328202389996205, 0.08918444484337065], [0.0012064937313195007, 0.0004370076549359329, -0.9999991766982543, 0.0007842536521137311], [0.0, 0.0, 0.0, 1.0]]}, "mean_rme": {"type": "float", "data": 0.0012630335078682743}, "max_rme": {"type": "float", "data": 0.0032418798570810203}, "simu": {"type": "float", "data": 0.002}}, {"type": "dict", "image_number": {"type": "int", "data": 11}, "Hcamera2end": {"type": "ndarray", "data": [[0.9999937047476668, 0.0035430381398073437, 0.00019325055280268, -0.015920858071255393], [-0.0001919750781815251, -0.0003603311608799675, 0.9999999166535087, 0.02947926460929179], [0.003543107478703578, -0.9999936585009901, -0.0003596487174803986, 0.03343693557799061], [0.0, 0.0, 0.0, 1.0]]}, "Hobj2base": {"type": "ndarray", "data": [[0.9999941729985934, 0.003228646624427236, 0.0011089679138410005, -0.7371271050530609], [0.0032285961772199052, -0.9999947869521963, 4.7277429715468193e-05, 0.08936340596477856], [0.0011091147748521157, -4.3696744662532154e-05, -0.9999993839773154, 0.001013654601747213], [0.0, 0.0, 0.0, 1.0]]}, "mean_rme": {"type": "float", "data": 0.0012164168906507737}, "max_rme": {"type": "float", "data": 0.003263942465715264}, "simu": {"type": "float", "data": 0.002}}, {"type": "dict", "image_number": {"type": "int", "data": 12}, "Hcamera2end": {"type": "ndarray", "data": [[0.999993652989735, 0.003550656839472952, 0.0002946459804104573, -0.016064144884016848], [-0.0002934190647373139, -0.00034606207682852386, 0.9999998970731403, 0.029475891365980486], [0.0035507584398149043, -0.9999936365182767, -0.00034501804996001084, 0.033174954503441885], [0.0, 0.0, 0.0, 1.0]]}, "Hobj2base": {"type": "ndarray", "data": [[0.9999941982135775, 0.0032654733226817616, 0.000969651052273237, -0.736945143938526], [0.0032653885029307037, -0.9999946646402427, 8.904477810154376e-05, 0.08949120900315048], [0.0009699366521834493, -8.58779740848115e-05, -0.9999995259238192, 0.0010231473838619766], [0.0, 0.0, 0.0, 1.0]]}, "mean_rme": {"type": "float", "data": 0.0011996117984068477}, "max_rme": {"type": "float", "data": 0.003295621516792746}, "simu": {"type": "float", "data": 0.002}}, {"type": "dict", "image_number": {"type": "int", "data": 13}, "Hcamera2end": {"type": "ndarray", "data": [[0.9999942172592318, 0.003367631151623607, 0.00047382330351949703, -0.016983044353450005], [-0.00047223900402496065, -0.0004712288304233869, 0.9999997774668316, 0.029527121165370776], [0.003367853681415121, -0.9999942184851952, -0.00046963577864822525, 0.03310067330216579], [0.0, 0.0, 0.0, 1.0]]}, "Hobj2base": {"type": "ndarray", "data": [[0.9999943017749164, 0.0032152988038344843, 0.0010287231403231282, -0.7365988599363077], [0.003215054659130463, -0.999994803163178, 0.00023889365007361457, 0.08871920712462998], [0.001029485908684158, -0.0002355848876785742, -0.999999442329107, 0.001252422057530413], [0.0, 0.0, 0.0, 1.0]]}, "mean_rme": {"type": "float", "data": 0.0014221233192036995}, "max_rme": {"type": "float", "data": 0.004309413944929452}, "simu": {"type": "float", "data": 0.002}}, {"type": "dict", "image_number": {"type": "int", "data": 14}, "Hcamera2end": {"type": "ndarray", "data": [[0.9999949172717305, 0.003167777322860728, 0.00036141048352722905, -0.016753349600051426], [-0.00036027202326789805, -0.00035995098142471704, 0.9999998703196719, 0.02955724819909307], [0.0031679070021205674, -0.9999949177981476, -0.0003588078903462577, 0.0332363233064904], [0.0, 0.0, 0.0, 1.0]]}, "Hobj2base": {"type": "ndarray", "data": [[0.9999949693692743, 0.003051792140501162, 0.0008647548064785254, -0.7366049609628089], [0.0030515878829226887, -0.9999953157096568, 0.00023742395907859587, 0.0890129700504559], [0.000865475324288219, -0.00023478388939718328, -0.9999995979144132, 0.0012500945196732957], [0.0, 0.0, 0.0, 1.0]]}, "mean_rme": {"type": "float", "data": 0.0013899546067657274}, "max_rme": {"type": "float", "data": 0.004403352155640861}, "simu": {"type": "float", "data": 0.002}}, {"type": "dict", "image_number": {"type": "int", "data": 15}, "Hcamera2end": {"type": "ndarray", "data": [[0.9999939408527252, 0.0034292265194874796, 0.00059888505949765, -0.01685357144640602], [-0.000597473084827318, -0.0004127569091607608, 0.9999997363287885, 0.029514451164133895], [0.00342947280924527, -0.9999940350008152, -0.00041070553765854, 0.03334836506226103], [0.0, 0.0, 0.0, 1.0]]}, "Hobj2base": {"type": "ndarray", "data": [[0.9999941927493227, 0.0032742959256207957, 0.0009452268627288547, -0.7366309852736017], [0.0032740824879529573, -0.9999946143527627, 0.00022726489401406926, 0.08911285813101937], [0.0009459659045869195, -0.00022416882351145628, -0.9999995274483116, 0.0010725848979776021], [0.0, 0.0, 0.0, 1.0]]}, "mean_rme": {"type": "float", "data": 0.0014216781583990422}, "max_rme": {"type": "float", "data": 0.004354564894028912}, "simu": {"type": "float", "data": 0.002}}, {"type": "dict", "image_number": {"type": "int", "data": 16}, "Hcamera2end": {"type": "ndarray", "data": [[0.9999934620228759, 0.003554165109882583, 0.0006661995758934292, -0.016818645356345013], [-0.000664787981011038, -0.00039833298212088586, 0.999999699693843, 0.029550292558297865], [0.003554429411808669, -0.9999936046001532, -0.0003959676115814492, 0.03332251024099314], [0.0, 0.0, 0.0, 1.0]]}, "Hobj2base": {"type": "ndarray", "data": [[0.9999936567576748, 0.0034205040590773407, 0.0009932755888933198, -0.7366324039763655], [0.003420241485277915, -0.9999941155974441, 0.00026592981857456326, 0.08915697105029102], [0.0009941793580837694, -0.00026253088934183577, -0.9999994713423286, 0.0011679902716704854], [0.0, 0.0, 0.0, 1.0]]}, "mean_rme": {"type": "float", "data": 0.0013781086674968948}, "max_rme": {"type": "float", "data": 0.004399711825632424}, "simu": {"type": "float", "data": 0.002}}, {"type": "dict", "image_number": {"type": "int", "data": 17}, "Hcamera2end": {"type": "ndarray", "data": [[0.9999929974857198, 0.0037034657106243176, 0.0005378859130767703, -0.01653666333139199], [-0.000536773597103507, -0.00030133202667803616, 0.9999998105365395, 0.029499867695301593], [0.003703627091205198, -0.9999930967465425, -0.0002993419939849584, 0.03287357688754924], [0.0, 0.0, 0.0, 1.0]]}, "Hobj2base": {"type": "ndarray", "data": [[0.9999932205100176, 0.0035810103823058445, 0.0008574955656566911, -0.736206931075698], [0.0035808142983112675, -0.9999935623915008, 0.00023009675416579833, 0.08901833766384575], [0.0008583140243015524, -0.00022702466184491648, -0.9999996058783416, 0.0013045298988995809], [0.0, 0.0, 0.0, 1.0]]}, "mean_rme": {"type": "float", "data": 0.0014116649260141627}, "max_rme": {"type": "float", "data": 0.0043576643192415054}, "simu": {"type": "float", "data": 0.002}}, {"type": "dict", "image_number": {"type": "int", "data": 18}, "Hcamera2end": {"type": "ndarray", "data": [[0.9999933627250985, 0.0035936583376070894, 0.000600104576015422, -0.01662257897608758], [-0.0005991982766930194, -0.0002532654203197815, 0.9999997884090036, 0.029399819577946226], [0.003593809562959022, -0.9999935107171342, -0.0002511104254445673, 0.03289919209071925], [0.0, 0.0, 0.0, 1.0]]}, "Hobj2base": {"type": "ndarray", "data": [[0.9999936791622808, 0.0034676839566401643, 0.0007853683609854132, -0.7362386145328558], [0.003467457961217464, -0.9999939466072365, 0.0002889362750960631, 0.08898249757498847], [0.0007863655465279018, -0.00028621121700096985, -0.9999996498561223, 0.00132562566571465], [0.0, 0.0, 0.0, 1.0]]}, "mean_rme": {"type": "float", "data": 0.001376237996492538}, "max_rme": {"type": "float", "data": 0.004328458063336427}, "simu": {"type": "float", "data": 0.002}}, {"type": "dict", "image_number": {"type": "int", "data": 19}, "Hcamera2end": {"type": "ndarray", "data": [[0.9999966160118958, 0.0025005117947624117, 0.000717917489151903, -0.01615894988768264], [-0.0007175664059780087, -0.0001412988395559367, 0.9999997325665096, 0.030146378139356902], [0.002500612566949929, -0.9999968637327828, -0.00013950407814067312, 0.032888525337705865], [0.0, 0.0, 0.0, 1.0]]}, "Hobj2base": {"type": "ndarray", "data": [[0.9999968240088098, 0.002367483106523599, 0.0008642893229020532, -0.7359922320469693], [0.0023669448220089992, -0.9999970045311444, 0.0006232984422172702, 0.08976221223295337], [0.0008657623824825761, -0.0006212507374893483, -0.9999994322513479, 0.00033292026674645213], [0.0, 0.0, 0.0, 1.0]]}, "mean_rme": {"type": "float", "data": 0.0014613394329522412}, "max_rme": {"type": "float", "data": 0.00660936949809332}, "simu": {"type": "float", "data": 0.002}}, {"type": "dict", "image_number": {"type": "int", "data": 20}, "Hcamera2end": {"type": "ndarray", "data": [[0.9999971454102308, 0.0022959237929948842, 0.0006617441548715638, -0.016435622677895667], [-0.0006619970757074268, 0.00010940261526715123, 0.9999997748954442, 0.03000006862345705], [0.002295850879630798, -0.999997358379013, 0.0001109221978045083, 0.03311750868011899], [0.0, 0.0, 0.0, 1.0]]}, "Hobj2base": {"type": "ndarray", "data": [[0.9999973942003336, 0.0021967191584833156, 0.000621303051168298, -0.7362675070364599], [0.0021963988081119537, -0.9999974548758668, 0.0005158236758958743, 0.08940628653435514], [0.0006224345896261481, -0.0005144577024816493, -0.9999996739541739, 0.00034519144708155256], [0.0, 0.0, 0.0, 1.0]]}, "mean_rme": {"type": "float", "data": 0.0015364340789671177}, "max_rme": {"type": "float", "data": 0.006625074332640146}, "simu": {"type": "float", "data": 0.002}}, {"type": "dict", "image_number": {"type": "int", "data": 21}, "Hcamera2end": {"type": "ndarray", "data": [[0.9999985609462042, 0.0015127458356794241, 0.0007679228850403533, -0.016186754540338556], [-0.0007681596458139607, 0.00015593581238881882, 0.9999996928073435, 0.030256771895030777], [0.001512625624296081, -0.999998843641361, 0.00015709761829418856, 0.033263429206940955], [0.0, 0.0, 0.0, 1.0]]}, "Hobj2base": {"type": "ndarray", "data": [[0.9999987992689615, 0.0014556383914014566, 0.0005315801996698702, -0.7361404322622536], [0.0014552973875947485, -0.9999987354113864, 0.0006413151654788795, 0.08993881405408818], [0.0005325130504154615, -0.0006405407881559782, -0.9999996530686146, 0.00025714810198326906], [0.0, 0.0, 0.0, 1.0]]}, "mean_rme": {"type": "float", "data": 0.001563586693819555}, "max_rme": {"type": "float", "data": 0.006541057131264516}, "simu": {"type": "float", "data": 0.002}}, {"type": "dict", "image_number": {"type": "int", "data": 22}, "Hcamera2end": {"type": "ndarray", "data": [[0.9999986902385184, 0.0014671818674704023, 0.0006832997990923216, -0.016126424677876755], [-0.000683555388582006, 0.0001737099846991219, 0.9999997512884049, 0.03025999637834457], [0.001467062806567615, -0.9999989086005088, 0.00017471265725199636, 0.03338625196971345], [0.0, 0.0, 0.0, 1.0]]}, "Hobj2base": {"type": "ndarray", "data": [[0.9999988652907058, 0.0014141094623076104, 0.0005193377796474728, -0.7362722429487502], [0.0014138171388649165, -0.9999988421802344, 0.0005628137249199676, 0.08993823784375403], [0.0005201330585618523, -0.0005620788376362774, -0.9999997067644479, 0.0003150544514682304], [0.0, 0.0, 0.0, 1.0]]}, "mean_rme": {"type": "float", "data": 0.0015391226130637686}, "max_rme": {"type": "float", "data": 0.006586781399613217}, "simu": {"type": "float", "data": 0.002}}, {"type": "dict", "image_number": {"type": "int", "data": 23}, "Hcamera2end": {"type": "ndarray", "data": [[0.9999987424988472, 0.0014662639996655363, 0.0006042107309518238, -0.016045574156882694], [-0.0006044109725046775, 0.00013612655460737422, 0.99999980807845, 0.030353666897253585], [0.0014661814691328164, -0.9999989157691342, 0.00013701260947807103, 0.033314622468861285], [0.0, 0.0, 0.0, 1.0]]}, "Hobj2base": {"type": "ndarray", "data": [[0.9999988688460337, 0.0014149772972174332, 0.0005100449993729739, -0.7361747234238227], [0.0014147345460069148, -0.999998885980284, 0.0004759877673609138, 0.08992906846107761], [0.0005107179430573575, -0.00047526565066483185, -0.999999756644842, 0.00025386005892361426], [0.0, 0.0, 0.0, 1.0]]}, "mean_rme": {"type": "float", "data": 0.0014922050719447435}, "max_rme": {"type": "float", "data": 0.006591479579954429}, "simu": {"type": "float", "data": 0.002}}, {"type": "dict", "image_number": {"type": "int", "data": 24}, "Hcamera2end": {"type": "ndarray", "data": [[0.9999987727946791, 0.001493192286336681, 0.00047411594767005267, -0.016010449757006634], [-0.0004744157763473349, 0.00020044930190643573, 0.9999998673748656, 0.030424459756468243], [0.00149309705209112, -0.9999988650977929, 0.00020115744989179785, 0.033035448291028446], [0.0, 0.0, 0.0, 1.0]]}, "Hobj2base": {"type": "ndarray", "data": [[0.9999988751848542, 0.001443927124175103, 0.00040583677323048704, -0.7360222569059532], [0.0014437569013825977, -0.9999988698270326, 0.00041941705621569334, 0.08971248879561523], [0.0004064419222285483, -0.0004188306548068498, -0.9999998296929087, 0.0003436538628264855], [0.0, 0.0, 0.0, 1.0]]}, "mean_rme": {"type": "float", "data": 0.0015271792058713543}, "max_rme": {"type": "float", "data": 0.006741645539358632}, "simu": {"type": "float", "data": 0.002}}, {"type": "dict", "image_number": {"type": "int", "data": 25}, "Hcamera2end": {"type": "ndarray", "data": [[0.9999987714676382, 0.001504898334897876, 0.00043857065116606063, -0.01584335781977196], [-0.0004388602154410092, 0.0001920896844241904, 0.9999998852516255, 0.03045188994325154], [0.0015048139173152583, -0.999998849190615, 0.00019274988844319996, 0.03314234836483984], [0.0, 0.0, 0.0, 1.0]]}, "Hobj2base": {"type": "ndarray", "data": [[0.9999988620402849, 0.0014553261185589936, 0.000397421720447068, -0.7360375694195125], [0.0014551714395136125, -0.9999988654918703, 0.0003892185167209442, 0.08989888636885293], [0.000397987709442106, -0.00038863975706891486, -0.999999845282449, 0.0002377472945902448], [0.0, 0.0, 0.0, 1.0]]}, "mean_rme": {"type": "float", "data": 0.001523903374192872}, "max_rme": {"type": "float", "data": 0.006582960310024588}, "simu": {"type": "float", "data": 0.002}}, {"type": "dict", "image_number": {"type": "int", "data": 26}, "Hcamera2end": {"type": "ndarray", "data": [[0.9999990261996933, 0.0013210503404852594, 0.00044991739572127875, -0.01592309953309793], [-0.0004501916291196739, 0.00020729737026048412, 0.9999998771776412, 0.030369741764801433], [0.0013209569115377726, -0.9999991059264995, 0.00020789189419911924, 0.03312636793567106], [0.0, 0.0, 0.0, 1.0]]}, "Hobj2base": {"type": "ndarray", "data": [[0.9999991629592343, 0.0012601725662467495, 0.00029333587232007553, -0.735993117316596], [0.0012600638735511716, -0.9999991375097932, 0.0003704304320169983, 0.08989921779660986], [0.00029380242558888896, -0.0003700605000160987, -0.9999998883676746, 0.00022795412248869897], [0.0, 0.0, 0.0, 1.0]]}, "mean_rme": {"type": "float", "data": 0.0015202052826178054}, "max_rme": {"type": "float", "data": 0.00653404853468853}, "simu": {"type": "float", "data": 0.002}}, {"type": "dict", "image_number": {"type": "int", "data": 27}, "Hcamera2end": {"type": "ndarray", "data": [[0.999998974780051, 0.0013928654497008868, 0.0003322118090319274, -0.015912072451231607], [-0.0003325505571828641, 0.00024297780505122546, 0.9999999151859527, 0.030324560567604585], [0.0013927846114701605, -0.9999990004433128, 0.00024344075412685573, 0.033111782923113446], [0.0, 0.0, 0.0, 1.0]]}, "Hobj2base": {"type": "ndarray", "data": [[0.9999990853782521, 0.0013290543923617797, 0.0002507131457598474, -0.7360255425375583], [0.0013289486687003444, -0.999999028163302, 0.00042138804743586364, 0.08988332659085495], [0.0002512729497429452, -0.00042105447712390795, -0.9999998797875085, 0.00022252546496839728], [0.0, 0.0, 0.0, 1.0]]}, "mean_rme": {"type": "float", "data": 0.001501190210871775}, "max_rme": {"type": "float", "data": 0.00648288945374953}, "simu": {"type": "float", "data": 0.002}}, {"type": "dict", "image_number": {"type": "int", "data": 28}, "Hcamera2end": {"type": "ndarray", "data": [[0.9999991132004611, 0.0012885107358151615, 0.000336657652677061, -0.015924936657805134], [-0.00033690093943562294, 0.00018859997154663244, 0.9999999254639012, 0.03034378969566794], [0.001288447146150882, -0.9999991520847078, 0.00018903390477353899, 0.032932470297099184], [0.0, 0.0, 0.0, 1.0]]}, "Hobj2base": {"type": "ndarray", "data": [[0.9999991979597342, 0.001232563904909481, 0.00029131788223816797, -0.7358782966161986], [0.0012324533313934566, -0.9999991685423271, 0.0003794383223447914, 0.08974600662327128], [0.00029178532199994117, -0.0003790789823255196, -0.9999998855802188, 0.0001821245503090957], [0.0, 0.0, 0.0, 1.0]]}, "mean_rme": {"type": "float", "data": 0.0015066547584888653}, "max_rme": {"type": "float", "data": 0.006473157406346464}, "simu": {"type": "float", "data": 0.002}}, {"type": "dict", "image_number": {"type": "int", "data": 29}, "Hcamera2end": {"type": "ndarray", "data": [[0.9999989654176318, 0.0014138195435894436, 0.00026509991381754917, -0.01588603178651505], [-0.0002653886913769024, 0.00020406978374387652, 0.9999999439621815, 0.030318236477465437], [0.0014137653654799972, -0.9999989797343903, 0.00020444478433534474, 0.032802884561753946], [0.0, 0.0, 0.0, 1.0]]}, "Hobj2base": {"type": "ndarray", "data": [[0.9999990416729378, 0.001359328879127619, 0.00026244657400734556, -0.7357919468124545], [0.0013592384318007187, -0.9999990168938993, 0.000344502715270562, 0.0896314753933674], [0.0002629146084843226, -0.00034414565765460175, -0.9999999062198333, 0.0001544896066294507], [0.0, 0.0, 0.0, 1.0]]}, "mean_rme": {"type": "float", "data": 0.0015018524902723096}, "max_rme": {"type": "float", "data": 0.006422832291314462}, "simu": {"type": "float", "data": 0.002}}, {"type": "dict", "image_number": {"type": "int", "data": 30}, "Hcamera2end": {"type": "ndarray", "data": [[0.9999991515315431, 0.001283244823734454, 0.00022409577484545278, -0.015808848415455712], [-0.0002243774212519387, 0.00021934011018431843, 0.9999999507723433, 0.03031783898443514], [0.001283195607371372, -0.9999991525859603, 0.00021962785524554107, 0.032861861800793465], [0.0, 0.0, 0.0, 1.0]]}, "Hobj2base": {"type": "ndarray", "data": [[0.9999992079137603, 0.00123668522881993, 0.00023405447417285818, -0.7357732846437105], [0.0012366075968695666, -0.99999918044182, 0.00033153783965883256, 0.08975018488310015], [0.00023446429030070035, -0.0003312481435114283, -0.9999999176505785, 0.00011455570981366477], [0.0, 0.0, 0.0, 1.0]]}, "mean_rme": {"type": "float", "data": 0.0014940244484344966}, "max_rme": {"type": "float", "data": 0.006337621039316121}, "simu": {"type": "float", "data": 0.002}}]}