{"type": "list", "data": [{"type": "dict", "image_number": {"type": "int", "data": 5}, "Hcamera2end": {"type": "ndarray", "data": [[0.999988544913573, -0.0034211720490440046, 0.0033474801636208065, -0.011617687742541303], [-0.003349650231033286, -0.0006287723189692951, 0.9999941922274851, 0.021093483703881852], [-0.003419047376789826, -0.9999939500952901, -0.0006402248460724014, 0.028384799674201287], [0.0, 0.0, 0.0, 1.0]]}, "Hobj2base": {"type": "ndarray", "data": [[0.9999934666252395, -0.0030365713611337887, 0.001961107137518363, -0.7298103703123207], [-0.003028098823376741, -0.9999861319129209, -0.0043088976954661195, 0.09419193319357058], [0.0019741642160539166, 0.004302931117607035, -0.9999887936669316, -0.002183655791441419], [0.0, 0.0, 0.0, 1.0]]}, "mean_rme": {"type": "float", "data": 0.001743901365206995}, "max_rme": {"type": "float", "data": 0.005740948744784591}, "simu": {"type": "float", "data": 0.002}}, {"type": "dict", "image_number": {"type": "int", "data": 6}, "Hcamera2end": {"type": "ndarray", "data": [[0.9999929612163727, -0.002644541805735267, 0.0026615627641904745, -0.015481345537081656], [-0.0026476027153045775, 0.005268367879733393, 0.9999826170987902, 0.02127806599338776], [-0.0026585179277030676, -0.9999826251983188, 0.0052613291007662655, 0.030616139553369743], [0.0, 0.0, 0.0, 1.0]]}, "Hobj2base": {"type": "ndarray", "data": [[0.9999883895495129, -0.002704959557210603, -0.003987976926415107, -0.7356727702520277], [-0.0027230884616684615, -0.9999859524621548, -0.004547490251442863, 0.09037864699354509], [-0.003975620127941344, 0.004558297066986178, -0.9999817080189255, -0.00041572136918129515], [0.0, 0.0, 0.0, 1.0]]}, "mean_rme": {"type": "float", "data": 0.0018004285123518588}, "max_rme": {"type": "float", "data": 0.005257008705093519}, "simu": {"type": "float", "data": 0.002}}, {"type": "dict", "image_number": {"type": "int", "data": 7}, "Hcamera2end": {"type": "ndarray", "data": [[0.9999950800573031, -0.002458247438177934, 0.0019485586264613246, -0.015780766570567987], [-0.0019433309359479776, 0.002127191726994937, 0.9999958492515006, 0.02196843465895649], [-0.002462382192400842, -0.9999947160234846, 0.002122404073038653, 0.031611235536987144], [0.0, 0.0, 0.0, 1.0]]}, "Hobj2base": {"type": "ndarray", "data": [[0.9999965710964955, -0.00237782626124118, -0.0010971497267407214, -0.7350011090238315], [-0.002381871214932556, -0.9999903170946891, -0.003700325172038005, 0.08991038167690635], [-0.0010883403727746017, 0.0037029257533326494, -0.9999925519003121, -0.0010222654106813048], [0.0, 0.0, 0.0, 1.0]]}, "mean_rme": {"type": "float", "data": 0.0016769358854199837}, "max_rme": {"type": "float", "data": 0.00542929109376622}, "simu": {"type": "float", "data": 0.002}}, {"type": "dict", "image_number": {"type": "int", "data": 8}, "Hcamera2end": {"type": "ndarray", "data": [[0.9999965604518417, -0.0015508718184337252, 0.0021151550980603425, -0.016588660330116294], [-0.002114164435842154, 0.0006401390194729073, 0.9999975602624107, 0.022167357280927887], [-0.0015522220280239593, -0.9999985925083286, 0.0006368580196408624, 0.03198031421863481], [0.0, 0.0, 0.0, 1.0]]}, "Hobj2base": {"type": "ndarray", "data": [[0.9999988566090703, -0.0015122069662590186, -3.2624129816560167e-06, -0.7343813226142601], [-0.001512210118183006, -0.9999947831647023, -0.0028542711746864097, 0.08934471348028662], [1.0538527917682834e-06, 0.002854272844592558, -0.9999959265544125, -0.0012171715036583403], [0.0, 0.0, 0.0, 1.0]]}, "mean_rme": {"type": "float", "data": 0.0015893407532684587}, "max_rme": {"type": "float", "data": 0.0055002684154497605}, "simu": {"type": "float", "data": 0.002}}, {"type": "dict", "image_number": {"type": "int", "data": 9}, "Hcamera2end": {"type": "ndarray", "data": [[0.9999986144750718, -0.0004720685714288171, 0.001596307990508653, -0.01585984883937395], [-0.0015955962630736483, 0.0015042309064643433, 0.9999975956780821, 0.021927721793692744], [-0.00047446865223956306, -0.9999987572195496, 0.0015034755914664633, 0.03257102775800332], [0.0, 0.0, 0.0, 1.0]]}, "Hobj2base": {"type": "ndarray", "data": [[0.9999994615094989, -0.0004980106593600148, -0.0009104757522077138, -0.7351235414726011], [-0.000500648384298915, -0.9999956721152679, -0.002899155382039981, 0.09006926087535279], [-0.0009090280014902098, 0.0028996096490866326, -0.9999953829553292, -0.0005687875063121184], [0.0, 0.0, 0.0, 1.0]]}, "mean_rme": {"type": "float", "data": 0.0016482249189002313}, "max_rme": {"type": "float", "data": 0.005603904668036036}, "simu": {"type": "float", "data": 0.002}}, {"type": "dict", "image_number": {"type": "int", "data": 10}, "Hcamera2end": {"type": "ndarray", "data": [[0.9999992898860713, 0.0001756306917273621, 0.001178720159013734, -0.015800632942484134], [-0.0011790054095985924, 0.001632996095480399, 0.9999979716329408, 0.020469521848182553], [0.00017370549006651928, -0.9999986512378964, 0.001633202005402734, 0.03264562981386563], [0.0, 0.0, 0.0, 1.0]]}, "Hobj2base": {"type": "ndarray", "data": [[0.9999995853975555, 0.00021539253507625865, -0.0008847659424264699, -0.7352606598851701], [0.00021292231392475874, -0.9999960822194429, -0.0027910947410037085, 0.08966650496058443], [-0.0008853636570795659, 0.002790905197397263, -0.9999957134804998, 0.0007750888984060178], [0.0, 0.0, 0.0, 1.0]]}, "mean_rme": {"type": "float", "data": 0.0016042654860986653}, "max_rme": {"type": "float", "data": 0.005299502467353778}, "simu": {"type": "float", "data": 0.002}}, {"type": "dict", "image_number": {"type": "int", "data": 11}, "Hcamera2end": {"type": "ndarray", "data": [[0.9999993334563843, -0.0001867893428488426, 0.0011393842760603731, -0.016967753896751474], [-0.0011392898368353173, 0.000504921316246465, 0.9999992235362646, 0.020715264337367905], [-0.00018736449722207068, -0.9999998550820924, 0.0005047081724944835, 0.033078590726546654], [0.0, 0.0, 0.0, 1.0]]}, "Hobj2base": {"type": "ndarray", "data": [[0.9999999564192166, -0.00017047712889329904, 0.00024103757699897615, -0.7347605605995677], [-0.00016986665092966015, -0.9999967839414572, -0.0025304647919543416, 0.08861448763446154], [0.0002414681881805155, 0.002530423737428751, -0.9999967693191929, 0.0001569181783448246], [0.0, 0.0, 0.0, 1.0]]}, "mean_rme": {"type": "float", "data": 0.0016686312464436503}, "max_rme": {"type": "float", "data": 0.005451759597782574}, "simu": {"type": "float", "data": 0.002}}, {"type": "dict", "image_number": {"type": "int", "data": 12}, "Hcamera2end": {"type": "ndarray", "data": [[0.9999987467009079, -0.0013144586447187978, 0.0008824936740744608, -0.016983197045833634], [-0.0008816484989119056, 0.0006434241794174289, 0.9999994043504474, 0.021622200545954127], [-0.0013150256795301768, -0.9999989291013249, 0.0006422644825234691, 0.03279180967206065], [0.0, 0.0, 0.0, 1.0]]}, "Hobj2base": {"type": "ndarray", "data": [[0.9999991019727736, -0.0013004474997813037, 0.0003238671743581966, -0.7347410022781057], [-0.001299713066519173, -0.999996606812358, -0.0022576779474937064, 0.08867000351919531], [0.00032680206705823256, 0.0022572549856391113, -0.9999973989967867, -0.0006368964348926707], [0.0, 0.0, 0.0, 1.0]]}, "mean_rme": {"type": "float", "data": 0.001631026675171852}, "max_rme": {"type": "float", "data": 0.005737950243708351}, "simu": {"type": "float", "data": 0.002}}, {"type": "dict", "image_number": {"type": "int", "data": 13}, "Hcamera2end": {"type": "ndarray", "data": [[0.9999982863776834, -0.0013539613118790817, 0.0012625491921400887, -0.016892804102526186], [-0.001262583580256657, -2.4543708381674634e-05, 0.9999992026398368, 0.021701381790775392], [-0.0013539292446450798, -0.9999990830927659, -2.6253155643640724e-05, 0.03305043074035669], [0.0, 0.0, 0.0, 1.0]]}, "Hobj2base": {"type": "ndarray", "data": [[0.9999987409914091, -0.0013347766479318275, 0.0008581298835248479, -0.7347308104999443], [-0.0013333086787475793, -0.9999976508638782, -0.0017089630456266717, 0.08899059600291609], [0.0008604089516264226, 0.0017078167420063193, -0.9999981715275337, -0.00101121349247707], [0.0, 0.0, 0.0, 1.0]]}, "mean_rme": {"type": "float", "data": 0.0016721431322946024}, "max_rme": {"type": "float", "data": 0.005804132585389782}, "simu": {"type": "float", "data": 0.002}}, {"type": "dict", "image_number": {"type": "int", "data": 14}, "Hcamera2end": {"type": "ndarray", "data": [[0.9999988452748656, -0.0010006549906452396, 0.0011437388360678352, -0.01713021764090409], [-0.0011440463238008543, -0.00030676804746820885, 0.9999992985254409, 0.02180637289557579], [-0.001000303426181667, -0.9999994522913274, -0.0003079124888989426, 0.033338347747980605], [0.0, 0.0, 0.0, 1.0]]}, "Hobj2base": {"type": "ndarray", "data": [[0.9999989553980546, -0.0009865342396457475, 0.00105638676325789, -0.7346969980008449], [-0.000984789883126109, -0.9999981530226532, -0.0016504969461152046, 0.08861066820563887], [0.0010580130838852416, 0.0016494549030057592, -0.9999980799515755, -0.0009739311717396694], [0.0, 0.0, 0.0, 1.0]]}, "mean_rme": {"type": "float", "data": 0.001681675296464455}, "max_rme": {"type": "float", "data": 0.0056794808399355245}, "simu": {"type": "float", "data": 0.002}}, {"type": "dict", "image_number": {"type": "int", "data": 15}, "Hcamera2end": {"type": "ndarray", "data": [[0.999998658192605, -0.001145729580924529, 0.001170861527591645, -0.01694476188345457], [-0.0011714683611650436, -0.0005291204923967285, 0.9999991738463502, 0.021951056278910284], [-0.0011451091075478463, -0.9999992036672988, -0.0005304619683734746, 0.03323473477488601], [0.0, 0.0, 0.0, 1.0]]}, "Hobj2base": {"type": "ndarray", "data": [[0.9999985839094184, -0.0011243956256248018, 0.0012521635815047982, -0.7345287543849904], [-0.0011224395364121485, -0.9999981504907978, -0.0015617760630783233, 0.08887549528020479], [0.001253917319790262, 0.0015603683735520135, -0.99999799646894, -0.0010643333533768896], [0.0, 0.0, 0.0, 1.0]]}, "mean_rme": {"type": "float", "data": 0.0016475539410686418}, "max_rme": {"type": "float", "data": 0.00576259687410241}, "simu": {"type": "float", "data": 0.002}}, {"type": "dict", "image_number": {"type": "int", "data": 16}, "Hcamera2end": {"type": "ndarray", "data": [[0.9999985832635276, -0.0012052887589035085, 0.001175053166969752, -0.01694110809978086], [-0.001175691561080571, -0.000529089016855222, 0.9999991689067377, 0.02209267310382223], [-0.001204666049471277, -0.9999991336715349, -0.0005305053150981287, 0.033149467279465154], [0.0, 0.0, 0.0, 1.0]]}, "Hobj2base": {"type": "ndarray", "data": [[0.999998556033434, -0.0011693633952453541, 0.0012330937907673288, -0.7344572989485993], [-0.0011674295247309791, -0.9999980894551439, -0.0015678629937420053, 0.08890166845194873], [0.001234924836479971, 0.001566421179702158, -0.9999980106406894, -0.001090228633199429], [0.0, 0.0, 0.0, 1.0]]}, "mean_rme": {"type": "float", "data": 0.0015829872744123482}, "max_rme": {"type": "float", "data": 0.005792928772091893}, "simu": {"type": "float", "data": 0.002}}, {"type": "dict", "image_number": {"type": "int", "data": 17}, "Hcamera2end": {"type": "ndarray", "data": [[0.9999987209212088, -0.0011241449402862962, 0.0011377407875740651, -0.01710944653152075], [-0.0011384578935275385, -0.0006374785251721526, 0.9999991487670149, 0.022110006193292644], [-0.0011234186980577522, -0.9999991649592929, -0.0006387575014676905, 0.03329419599967942], [0.0, 0.0, 0.0, 1.0]]}, "Hobj2base": {"type": "ndarray", "data": [[0.9999985556833552, -0.001087325151848919, 0.0013062753223621437, -0.7343400882821822], [-0.0010853923615896338, -0.9999983166211395, -0.001479418233109842, 0.08874133071968553], [0.0013078817320608443, 0.0014779982751044383, -0.9999980524813403, -0.0010799347494521356], [0.0, 0.0, 0.0, 1.0]]}, "mean_rme": {"type": "float", "data": 0.001590253732650559}, "max_rme": {"type": "float", "data": 0.005810560330431008}, "simu": {"type": "float", "data": 0.002}}, {"type": "dict", "image_number": {"type": "int", "data": 18}, "Hcamera2end": {"type": "ndarray", "data": [[0.9999986917892606, -0.001157537156883216, 0.0011298351640080635, -0.017132855830611776], [-0.0011306691932224968, -0.00072011961328311, 0.9999991015070553, 0.022219502866055833], [-0.0011567225003828684, -0.9999990707673048, -0.0007214274628182249, 0.03330728994418244], [0.0, 0.0, 0.0, 1.0]]}, "Hobj2base": {"type": "ndarray", "data": [[0.9999984021187832, -0.0011345695803196385, 0.0013814889604307058, -0.7343020187304131], [-0.0011326243784705388, -0.9999983673244304, -0.001408016509720881, 0.08875567551460517], [0.0013830841976079469, 0.0014064495518025754, -0.9999980544869882, -0.0010263863089529307], [0.0, 0.0, 0.0, 1.0]]}, "mean_rme": {"type": "float", "data": 0.0015589682179727538}, "max_rme": {"type": "float", "data": 0.005893081858253435}, "simu": {"type": "float", "data": 0.002}}, {"type": "dict", "image_number": {"type": "int", "data": 19}, "Hcamera2end": {"type": "ndarray", "data": [[0.9999991921432427, -0.0004175116327783277, 0.001200581899951611, -0.01694678070607112], [-0.0012008028181059313, -0.0005292830248020408, 0.9999991389656651, 0.021678843762503335], [-0.00041687582566694745, -0.9999997727717322, -0.0005297839463624943, 0.033190806339908736], [0.0, 0.0, 0.0, 1.0]]}, "Hobj2base": {"type": "ndarray", "data": [[0.9999991178952465, -0.00037986199264897967, 0.0012727582627147114, -0.7344447777164446], [-0.0003782872749268105, -0.9999991630422864, -0.0012372604671911872, 0.08874313076361347], [0.0012732271856963596, 0.0012367779075430048, -0.9999984246352294, -0.0002839897213302666], [0.0, 0.0, 0.0, 1.0]]}, "mean_rme": {"type": "float", "data": 0.0015925139767918256}, "max_rme": {"type": "float", "data": 0.006077134039139009}, "simu": {"type": "float", "data": 0.002}}, {"type": "dict", "image_number": {"type": "int", "data": 20}, "Hcamera2end": {"type": "ndarray", "data": [[0.9999992190899868, -0.0004059774701643303, 0.0011819482689189964, -0.016984402965943904], [-0.0011821871850912604, -0.0005887611733506048, 0.9999991278964896, 0.02163346207756914], [-0.0004052812308603047, -0.9999997442712544, -0.0005892406549439233, 0.03312183309400003], [0.0, 0.0, 0.0, 1.0]]}, "Hobj2base": {"type": "ndarray", "data": [[0.9999990751317765, -0.0003740390314615165, 0.001307604831163339, -0.7343479037425193], [-0.000372482655281553, -0.9999992222321565, -0.001190290617402746, 0.0888134077792176], [0.0013080490293000402, 0.0011898024564212064, -0.9999984366877039, -0.0003062751516210049], [0.0, 0.0, 0.0, 1.0]]}, "mean_rme": {"type": "float", "data": 0.0015809732254879077}, "max_rme": {"type": "float", "data": 0.006035692745737786}, "simu": {"type": "float", "data": 0.002}}, {"type": "dict", "image_number": {"type": "int", "data": 21}, "Hcamera2end": {"type": "ndarray", "data": [[0.9999993575086213, -0.0003297049333581353, 0.001084563046318834, -0.01664054568977432], [-0.001084621260900211, -0.00017643820004975552, 0.9999993962329586, 0.023025486491387904], [-0.00032951337594143014, -0.9999999300821066, -0.00017679569167028397, 0.03291559471085085], [0.0, 0.0, 0.0, 1.0]]}, "Hobj2base": {"type": "ndarray", "data": [[0.9999994399347574, -0.00037317840092098234, 0.000990387829411212, -0.734166638457397], [-0.0003723618965553948, -0.9999995907852237, -0.0008244852957383091, 0.08895790061933542], [0.0009906951042341244, 0.000824116051282267, -0.9999991696776274, -0.0016434671763753154], [0.0, 0.0, 0.0, 1.0]]}, "mean_rme": {"type": "float", "data": 0.0016223728128129495}, "max_rme": {"type": "float", "data": 0.00587111133495577}, "simu": {"type": "float", "data": 0.002}}, {"type": "dict", "image_number": {"type": "int", "data": 22}, "Hcamera2end": {"type": "ndarray", "data": [[0.999999353354182, -0.00027569818028681375, 0.0011033049130560724, -0.016619162645164103], [-0.0011033711459487697, -0.000240200453559547, 0.9999993624377249, 0.023067459396338127], [-0.00027543299017152397, -0.9999999331471255, -0.0002405044956521607, 0.03311290321513243], [0.0, 0.0, 0.0, 1.0]]}, "Hobj2base": {"type": "ndarray", "data": [[0.9999993969396944, -0.000331052071155606, 0.0010471507884445444, -0.7342735296614024], [-0.00033028840234377796, -0.9999996794633836, -0.0007293714427476648, 0.08887362454011992], [0.0010473919127211371, 0.0007290251411317713, -0.9999991857459309, -0.001682622960334221], [0.0, 0.0, 0.0, 1.0]]}, "mean_rme": {"type": "float", "data": 0.0016099141143202027}, "max_rme": {"type": "float", "data": 0.0058801971330111336}, "simu": {"type": "float", "data": 0.002}}, {"type": "dict", "image_number": {"type": "int", "data": 23}, "Hcamera2end": {"type": "ndarray", "data": [[0.9999992075902416, 0.0005496577485441633, 0.0011325613661861246, -0.016589700386709587], [-0.0011325486861963048, -2.337959110509935e-05, 0.9999993583932284, 0.022551234895876012], [0.0005496838747016723, -0.9999998486648659, -2.2757058417921527e-05, 0.032971024623436526], [0.0, 0.0, 0.0, 1.0]]}, "Hobj2base": {"type": "ndarray", "data": [[0.9999994006774205, 0.0004882343915890019, 0.000979934680731623, -0.7343691826196803], [0.0004886882852567564, -0.9999997734065702, -0.0004630016933347687, 0.0887570250223563], [0.0009797084053348127, 0.0004634802984461899, -0.9999994126785541, -0.001109200000493056], [0.0, 0.0, 0.0, 1.0]]}, "mean_rme": {"type": "float", "data": 0.0015705929148682695}, "max_rme": {"type": "float", "data": 0.005961423460553061}, "simu": {"type": "float", "data": 0.002}}, {"type": "dict", "image_number": {"type": "int", "data": 24}, "Hcamera2end": {"type": "ndarray", "data": [[0.999999205813482, 0.0005158592295856542, 0.001149896369465271, -0.01644540383232647], [-0.0011498382545330446, -0.00011293900734488105, 0.9999993325581616, 0.02254383306533524], [0.0005159887534341389, -0.9999998605670081, -0.000112345762974142, 0.03309738918774662], [0.0, 0.0, 0.0, 1.0]]}, "Hobj2base": {"type": "ndarray", "data": [[0.9999993296699374, 0.0004586900244936007, 0.0010631383433824175, -0.7344632158822516], [0.00045913773180748915, -0.9999998060124669, -0.00042091278430106253, 0.08891743233561931], [0.001062945068651492, 0.0004214006290781477, -0.9999993462844317, -0.001247572679755021], [0.0, 0.0, 0.0, 1.0]]}, "mean_rme": {"type": "float", "data": 0.0015835599458249136}, "max_rme": {"type": "float", "data": 0.0057927528428844965}, "simu": {"type": "float", "data": 0.002}}, {"type": "dict", "image_number": {"type": "int", "data": 25}, "Hcamera2end": {"type": "ndarray", "data": [[0.9999992864199702, 0.000519781521115001, 0.001075633172071877, -0.016298232081822704], [-0.0010755467223962055, -0.00016657016831422844, 0.999999407726638, 0.02251785572283056], [0.0005199603816607686, -0.9999998510407634, -0.00016601100014179693, 0.033066023148477695], [0.0, 0.0, 0.0, 1.0]]}, "Hobj2base": {"type": "ndarray", "data": [[0.9999992738105968, 0.00047779289588616435, 0.001106387015288144, -0.7344202000299722], [0.0004783227939055643, -0.9999997710126713, -0.00047872947499908813, 0.08903030646399208], [0.0011061580283973308, 0.00047925833747910985, -0.9999992733626673, -0.001382304950826163], [0.0, 0.0, 0.0, 1.0]]}, "mean_rme": {"type": "float", "data": 0.001600391278826736}, "max_rme": {"type": "float", "data": 0.005600311770077471}, "simu": {"type": "float", "data": 0.002}}, {"type": "dict", "image_number": {"type": "int", "data": 26}, "Hcamera2end": {"type": "ndarray", "data": [[0.9999994080571397, 0.0006664848156540406, 0.0008600484641123922, -0.016295729276720815], [-0.0008599915634751676, -8.565612738919981e-05, 0.9999996265386996, 0.02243037615759748], [0.0006665582351685574, -0.9999997742304837, -8.50829053671287e-05, 0.033223296690561455], [0.0, 0.0, 0.0, 1.0]]}, "Hobj2base": {"type": "ndarray", "data": [[0.9999993895124075, 0.0006185715537486953, 0.0009156112959240302, -0.7346690535997493], [0.0006191383692361129, -0.9999996168133305, -0.0006189029580797843, 0.08901727966230494], [0.0009152281093095883, 0.00061946947033182, -0.9999993893073551, -0.0012446634073328688], [0.0, 0.0, 0.0, 1.0]]}, "mean_rme": {"type": "float", "data": 0.0015714280165854077}, "max_rme": {"type": "float", "data": 0.00564225132509677}, "simu": {"type": "float", "data": 0.002}}, {"type": "dict", "image_number": {"type": "int", "data": 27}, "Hcamera2end": {"type": "ndarray", "data": [[0.9999994248788894, 0.0006347667668461258, 0.0008644726960264409, -0.016258724589223065], [-0.0008643753231022419, -0.00015365784916765435, 0.9999996146222088, 0.022477693181530218], [0.0006348993552362469, -0.9999997867301857, -0.00015310908406651613, 0.033294230770174064], [0.0, 0.0, 0.0, 1.0]]}, "Hobj2base": {"type": "ndarray", "data": [[0.9999993503505419, 0.0005924906931552076, 0.0009737829700552732, -0.734714797986593], [0.0005930698986463331, -0.9999996473485415, -0.0005946182713194182, 0.08905637270103445], [0.0009734303208575514, 0.0005951954063933348, -0.9999993490877077, -0.0013096114261371386], [0.0, 0.0, 0.0, 1.0]]}, "mean_rme": {"type": "float", "data": 0.0015291459196503355}, "max_rme": {"type": "float", "data": 0.005623462997911832}, "simu": {"type": "float", "data": 0.002}}, {"type": "dict", "image_number": {"type": "int", "data": 28}, "Hcamera2end": {"type": "ndarray", "data": [[0.9999994167568105, 0.0005644188641516633, 0.0009208242963603169, -0.016407703251140833], [-0.0009207276434837638, -0.00017147909605386147, 0.999999561427667, 0.02260904459725214], [0.0005645765187311297, -0.9999998260131177, -0.00017095931998922786, 0.03321562093442455], [0.0, 0.0, 0.0, 1.0]]}, "Hobj2base": {"type": "ndarray", "data": [[0.9999993672471006, 0.0005247797076252109, 0.000995043545188008, -0.7345996868748866], [0.0005253149098306992, -0.9999997174705366, -0.0005376830785675209, 0.08896491122398198], [0.0009947610988901231, 0.0005382054495572121, -0.9999993603924207, -0.0012791807602864338], [0.0, 0.0, 0.0, 1.0]]}, "mean_rme": {"type": "float", "data": 0.0015512268799113373}, "max_rme": {"type": "float", "data": 0.005821781876664489}, "simu": {"type": "float", "data": 0.002}}, {"type": "dict", "image_number": {"type": "int", "data": 29}, "Hcamera2end": {"type": "ndarray", "data": [[0.9999993256335494, 0.000468558763738816, 0.0010626312301297988, -0.016372513225857012], [-0.0010625513048265777, -0.00017079285707510827, 0.9999994209070943, 0.02257931598568609], [0.00046873998222357166, -0.9999998756412344, -0.0001702948741724164, 0.03322660063154555], [0.0, 0.0, 0.0, 1.0]]}, "Hobj2base": {"type": "ndarray", "data": [[0.9999994034745954, 0.00043544323359634695, 0.0010017183455115733, -0.7346254737661521], [0.0004358799908039446, -0.999999810029965, -0.00043583100702118406, 0.08903754926322077], [0.0010015283755521057, 0.000436267376020146, -0.9999994033056663, -0.0013494437922958477], [0.0, 0.0, 0.0, 1.0]]}, "mean_rme": {"type": "float", "data": 0.0015652189367313311}, "max_rme": {"type": "float", "data": 0.005713833173691896}, "simu": {"type": "float", "data": 0.002}}, {"type": "dict", "image_number": {"type": "int", "data": 30}, "Hcamera2end": {"type": "ndarray", "data": [[0.9999993617984491, 0.0007121238549713373, 0.0008770874013870106, -0.01609546930764802], [-0.0008770255899652952, -8.71063319809462e-05, 0.9999996116192253, 0.022491459300560925], [0.0007121999782624844, -0.9999997426460179, -8.648172554548417e-05, 0.033248924575903], [0.0, 0.0, 0.0, 1.0]]}, "Hobj2base": {"type": "ndarray", "data": [[0.9999994363842286, 0.0006711835703039541, 0.0008226444189783304, -0.7345962747334601], [0.0006716223672779023, -0.9999996322902653, -0.0005332379672214947, 0.08918917453078704], [0.000822286215921308, 0.0005337901730722687, -0.9999995194565994, -0.0012625529787261688], [0.0, 0.0, 0.0, 1.0]]}, "mean_rme": {"type": "float", "data": 0.0015406080546809134}, "max_rme": {"type": "float", "data": 0.005635114352319337}, "simu": {"type": "float", "data": 0.002}}]}