{"type": "list", "data": [{"type": "dict", "image_number": {"type": "int", "data": 5}, "Hcamera2end": {"type": "ndarray", "data": [[0.9999979653121147, -0.00045543726084170603, -0.0019651840961988796, -0.015856594477795596], [0.0019649180709607446, -0.0005838227206158564, 0.9999978991217962, 0.02736049239473236], [-0.0004565836231490445, -0.9999997258639288, -0.0005829266358148288, 0.03093559298737161], [0.0, 0.0, 0.0, 1.0]]}, "Hobj2base": {"type": "ndarray", "data": [[0.999997858158782, -0.0007686033396097063, 0.0019216989241125338, -0.7328517695773619], [-0.0007724986935803081, -0.9999976470191339, 0.0020271166628300337, 0.09042335320410579], [0.0019201363537549045, -0.002028596830976343, -0.9999960989280312, 0.005917308173303049], [0.0, 0.0, 0.0, 1.0]]}, "mean_rme": {"type": "float", "data": 0.001482172802772817}, "max_rme": {"type": "float", "data": 0.004453019383704793}, "simu": {"type": "float", "data": 0.002}}, {"type": "dict", "image_number": {"type": "int", "data": 6}, "Hcamera2end": {"type": "ndarray", "data": [[0.999999859494232, -0.0004330853913974161, -0.0003056935720495273, -0.014644131235761654], [0.00030558668803926683, -0.00024684129896601625, 0.9999999228430717, 0.028583822028677725], [-0.00043316081578028786, -0.9999998757532008, -0.00024670891915312687, 0.030810811454732065], [0.0, 0.0, 0.0, 1.0]]}, "Hobj2base": {"type": "ndarray", "data": [[0.9999984597726981, -0.0008708505936821216, 0.0015238344644356255, -0.7330116416348044], [-0.000875793016816898, -0.9999943490102021, 0.003245756345400067, 0.09158910029709173], [0.0015209992844222745, -0.003247085909780266, -0.9999935714764725, 0.004342871325192769], [0.0, 0.0, 0.0, 1.0]]}, "mean_rme": {"type": "float", "data": 0.0015500953226949244}, "max_rme": {"type": "float", "data": 0.0037831921870620233}, "simu": {"type": "float", "data": 0.002}}, {"type": "dict", "image_number": {"type": "int", "data": 7}, "Hcamera2end": {"type": "ndarray", "data": [[0.9999999865284392, 7.911129589174867e-06, 0.00016395284467369577, -0.01444064581747143], [-0.000163963178345909, 0.0013243943854613915, 0.9999991095473977, 0.028875031053440612], [7.693984317722649e-06, -0.9999991229580785, 0.0013243956647536193, 0.02846529193386984], [0.0, 0.0, 0.0, 1.0]]}, "Hobj2base": {"type": "ndarray", "data": [[0.9999998822837651, -0.0004750299555642026, -9.888881202773922e-05, -0.7315005948295558], [-0.0004746873503729107, -0.9999939835363101, 0.0034362134831278867, 0.09211005365086544], [-0.00010052052140499164, -0.0034361661373616104, -0.9999940913114944, 0.005382747330111792], [0.0, 0.0, 0.0, 1.0]]}, "mean_rme": {"type": "float", "data": 0.0017685734942952565}, "max_rme": {"type": "float", "data": 0.00678730180072562}, "simu": {"type": "float", "data": 0.002}}, {"type": "dict", "image_number": {"type": "int", "data": 8}, "Hcamera2end": {"type": "ndarray", "data": [[0.9999999775774321, -0.0001957262648296153, -8.08477870001392e-05, -0.014411426427215906], [8.08142814189882e-05, -0.00017118777903912807, 0.9999999820818979, 0.028964832157846045], [-0.00019574010147566892, -0.9999999661929861, -0.00017117195772309302, 0.02962539558850042], [0.0, 0.0, 0.0, 1.0]]}, "Hobj2base": {"type": "ndarray", "data": [[0.9999990834317469, -0.0006059059376104824, 0.001210790510706552, -0.7318049015742407], [-0.0006088695199185019, -0.9999968163850415, 0.002448774732322253, 0.09216801883427246], [0.0012093029288655858, -0.0024495097012900502, -0.9999962687373638, 0.005041601328776582], [0.0, 0.0, 0.0, 1.0]]}, "mean_rme": {"type": "float", "data": 0.0015839265101638437}, "max_rme": {"type": "float", "data": 0.006939618064348063}, "simu": {"type": "float", "data": 0.002}}, {"type": "dict", "image_number": {"type": "int", "data": 9}, "Hcamera2end": {"type": "ndarray", "data": [[0.9999996774810216, 9.889669128054947e-05, -0.0007970302988505446, -0.014418515635628437], [0.0007970648043080905, -0.0003493565759074002, 0.9999996213187685, 0.029148875953893667], [9.861820605412767e-05, -0.9999999340847114, -0.00034943529030528886, 0.02986151895649874], [0.0, 0.0, 0.0, 1.0]]}, "Hobj2base": {"type": "ndarray", "data": [[0.9999996696063589, -0.00011749489202777936, 0.0008043519897905716, -0.7320518995696133], [-0.0001190645370088582, -0.9999980884006454, 0.0019516707436522565, 0.09184156170157376], [0.0008041211408485276, -0.0019517658686299096, -0.9999977719971107, 0.00526893172545949], [0.0, 0.0, 0.0, 1.0]]}, "mean_rme": {"type": "float", "data": 0.001603179903355715}, "max_rme": {"type": "float", "data": 0.00668599202077047}, "simu": {"type": "float", "data": 0.002}}, {"type": "dict", "image_number": {"type": "int", "data": 10}, "Hcamera2end": {"type": "ndarray", "data": [[0.9999997525077228, 0.00016717310295382787, -0.0006834015268822636, -0.013817132400483791], [0.0006832932764080585, 0.0006467375580897494, 0.9999995574203169, 0.028903590927543372], [0.00016761501040109966, -0.9999997768918176, 0.0006466231697699332, 0.03027490253726169], [0.0, 0.0, 0.0, 1.0]]}, "Hobj2base": {"type": "ndarray", "data": [[0.9999999787057865, -2.0880372874450097e-05, -0.0002053105857185595, -0.7331110862501435], [-2.048837875419024e-05, -0.9999981774750648, 0.001909090562338763, 0.09231484917127794], [-0.00020535007405769027, -0.0019090863152051386, -0.9999981566086953, 0.0053714729544742604], [0.0, 0.0, 0.0, 1.0]]}, "mean_rme": {"type": "float", "data": 0.0016885027554367398}, "max_rme": {"type": "float", "data": 0.006787938735290933}, "simu": {"type": "float", "data": 0.002}}, {"type": "dict", "image_number": {"type": "int", "data": 11}, "Hcamera2end": {"type": "ndarray", "data": [[0.9999997243618012, 0.0003457068021346004, -0.000657086850096308, -0.013574136734425528], [0.0006568529440639081, 0.0006762813783790511, 0.9999995555937546, 0.030140129330383826], [0.0003461510241010362, -0.9999997115651102, 0.000676054113439295, 0.030181736428015783], [0.0, 0.0, 0.0, 1.0]]}, "Hobj2base": {"type": "ndarray", "data": [[0.9999999697225, 0.00013558160735531967, -0.00020535974979763168, -0.7329722910366183], [0.00013597935745011358, -0.9999981126926121, 0.0019380714197418914, 0.0921890477560179], [-0.00020509659538240073, -0.0019380992857487575, -0.9999981008514691, 0.004080064492557565], [0.0, 0.0, 0.0, 1.0]]}, "mean_rme": {"type": "float", "data": 0.001626366300929577}, "max_rme": {"type": "float", "data": 0.006840969227055793}, "simu": {"type": "float", "data": 0.002}}, {"type": "dict", "image_number": {"type": "int", "data": 12}, "Hcamera2end": {"type": "ndarray", "data": [[0.9999996587426985, 0.0007734805081357901, -0.0002902453962312856, -0.013710866581311095], [0.00028980933698748233, 0.0005638148826447864, 0.9999997990616428, 0.03007750854902421], [0.0007736439973879019, -0.9999995419202358, 0.0005635905283656317, 0.030453706048089682], [0.0, 0.0, 0.0, 1.0]]}, "Hobj2base": {"type": "ndarray", "data": [[0.9999998121453952, 0.0006021614233147564, -0.00011450237742455711, -0.7329028032229895], [0.0006023947573257674, -0.999997719740805, 0.002048812765122779, 0.09232028709317536], [-0.00011326840031870637, -0.002048881355875729, -0.999997894625513, 0.003875482677211097], [0.0, 0.0, 0.0, 1.0]]}, "mean_rme": {"type": "float", "data": 0.0016744458752759829}, "max_rme": {"type": "float", "data": 0.00699196491876608}, "simu": {"type": "float", "data": 0.002}}, {"type": "dict", "image_number": {"type": "int", "data": 13}, "Hcamera2end": {"type": "ndarray", "data": [[0.9999993189489363, 0.0009592655038005549, -0.000664764136132829, -0.014120326097638247], [0.0006642116810267699, 0.0005761183997360364, 0.9999996134551418, 0.029963626344235505], [0.0009596481158517173, -0.9999993739484457, 0.0005754808520170851, 0.030282108434263155], [0.0, 0.0, 0.0, 1.0]]}, "Hobj2base": {"type": "ndarray", "data": [[0.9999996826540025, 0.0007660916851464616, -0.00021862164641837936, -0.7330060777553864], [0.0007665262289286776, -0.9999977171230596, 0.0019945390969795494, 0.0918554467948201], [-0.00021709314751416857, -0.001994706043246741, -0.9999979870071569, 0.0037762178774083987], [0.0, 0.0, 0.0, 1.0]]}, "mean_rme": {"type": "float", "data": 0.001707762257927828}, "max_rme": {"type": "float", "data": 0.007325512419284141}, "simu": {"type": "float", "data": 0.002}}, {"type": "dict", "image_number": {"type": "int", "data": 14}, "Hcamera2end": {"type": "ndarray", "data": [[0.9999993165291311, 0.0009659928356760282, -0.0006586342779159905, -0.014192825806749396], [0.0006585147120915892, 0.0001240879012748275, 0.9999997754802582, 0.029982958665093734], [0.0009660743473368205, -0.9999995257299047, 0.00012345169597027805, 0.030853527185968593], [0.0, 0.0, 0.0, 1.0]]}, "Hobj2base": {"type": "ndarray", "data": [[0.999999678391534, 0.0007716083218639682, 0.00021871768567792858, -0.7333078433526684], [0.0007712208568373916, -0.9999981430294556, 0.0017661132551341217, 0.09191561248206362], [0.00022008002721064457, -0.0017659440074961929, -0.9999984165020182, 0.0036801586961523786], [0.0, 0.0, 0.0, 1.0]]}, "mean_rme": {"type": "float", "data": 0.0016173306172865397}, "max_rme": {"type": "float", "data": 0.007358080552136714}, "simu": {"type": "float", "data": 0.002}}, {"type": "dict", "image_number": {"type": "int", "data": 15}, "Hcamera2end": {"type": "ndarray", "data": [[0.999999611940448, 0.0008383811932779839, -0.0002706213744369098, -0.014446620210485917], [0.00027023438254705545, 0.0004616730889361875, 0.9999998569156585, 0.029932870117331457], [0.0008385060119246314, -0.999999541987362, 0.00046144635035538784, 0.03080474618264474], [0.0, 0.0, 0.0, 1.0]]}, "Hobj2base": {"type": "ndarray", "data": [[0.9999997613617728, 0.000644242989928634, -0.0002494541389430536, -0.7333620254393125], [0.0006447202479664845, -0.99999795303533, 0.0019178792848239211, 0.09181500445477613], [-0.00024821804803446733, -0.001918039655278924, -0.9999981297540916, 0.0038124300909814185], [0.0, 0.0, 0.0, 1.0]]}, "mean_rme": {"type": "float", "data": 0.0015722367023985415}, "max_rme": {"type": "float", "data": 0.007155670999314689}, "simu": {"type": "float", "data": 0.002}}, {"type": "dict", "image_number": {"type": "int", "data": 16}, "Hcamera2end": {"type": "ndarray", "data": [[0.9999997338430358, 0.0006953325592902888, -0.00022096716879195562, -0.014191796874120598], [0.0002208698781329989, 0.0001399932861843034, 0.9999999658091878, 0.029976674271239123], [0.0006953634694364018, -0.9999997484572243, 0.00013983967090647198, 0.031340820276905546], [0.0, 0.0, 0.0, 1.0]]}, "Hobj2base": {"type": "ndarray", "data": [[0.9999998454160932, 0.0005533797520071252, 5.4209221219882496e-05, -0.7335431093007381], [0.0005532801479016118, -0.9999981898276422, 0.0018205006227495527, 0.09225412514120976], [5.5216551274994656e-05, -0.0018204703484435202, -0.9999983414180462, 0.0037520442758904003], [0.0, 0.0, 0.0, 1.0]]}, "mean_rme": {"type": "float", "data": 0.0015524346819699706}, "max_rme": {"type": "float", "data": 0.0071417338411278175}, "simu": {"type": "float", "data": 0.002}}, {"type": "dict", "image_number": {"type": "int", "data": 17}, "Hcamera2end": {"type": "ndarray", "data": [[0.9999996787451965, 0.000779758349514838, -0.00018570519684101027, -0.014201577979425471], [0.00018565645123552662, 6.258565152605922e-05, 0.9999999808073591, 0.029989446077274023], [0.000779769957029952, -0.9999996940299295, 6.244086425211126e-05, 0.03141624059333032], [0.0, 0.0, 0.0, 1.0]]}, "Hobj2base": {"type": "ndarray", "data": [[0.9999997911165343, 0.000643028055878452, 6.543551913026083e-05, -0.7334866123042748], [0.0006429127607759984, -0.9999982673417027, 0.0017469907769082245, 0.09223088959977743], [6.655876983577855e-05, -0.0017469483426604795, -0.9999984718695416, 0.0037579138667500948], [0.0, 0.0, 0.0, 1.0]]}, "mean_rme": {"type": "float", "data": 0.0015013777071965755}, "max_rme": {"type": "float", "data": 0.0070944294652232065}, "simu": {"type": "float", "data": 0.002}}, {"type": "dict", "image_number": {"type": "int", "data": 18}, "Hcamera2end": {"type": "ndarray", "data": [[0.9999993015559607, 0.0011408145920101035, -0.0003089169102163147, -0.014628005890580074], [0.00030888647719289124, 2.685266753121862e-05, 0.999999951934038, 0.030129806058226544], [0.0011408228324188375, -0.9999993489102884, 2.6500266575690823e-05, 0.03136078839045702], [0.0, 0.0, 0.0, 1.0]]}, "Hobj2base": {"type": "ndarray", "data": [[0.9999994941038608, 0.0009924028475542812, 0.00016409939280785408, -0.7334731118521696], [0.0009921455780096615, -0.9999982902646356, 0.0015604854875571413, 0.09170202140196271], [0.00016564774248273783, -0.0015603218876266292, -0.9999987689774581, 0.003397080961951691], [0.0, 0.0, 0.0, 1.0]]}, "mean_rme": {"type": "float", "data": 0.0014863534020364674}, "max_rme": {"type": "float", "data": 0.007318519075694363}, "simu": {"type": "float", "data": 0.002}}, {"type": "dict", "image_number": {"type": "int", "data": 19}, "Hcamera2end": {"type": "ndarray", "data": [[0.9999988767534453, 0.0014942660466107532, -0.00011687955160412714, -0.015072364522205419], [0.000116714053629997, 0.0001108420813674682, 0.9999999870459311, 0.03005688791404566], [0.0014942789824266972, -0.9999988774408772, 0.00011066755501698555, 0.031278415256682526], [0.0, 0.0, 0.0, 1.0]]}, "Hobj2base": {"type": "ndarray", "data": [[0.999999098958698, 0.0013400190205270952, 8.019237319483058e-05, -0.7332800806691055], [0.001339883330855347, -0.9999977098429833, 0.0016688383530098236, 0.09131856316791499], [8.242846467692269e-05, -0.0016687294008934357, -0.9999986042728934, 0.0033992867478710616], [0.0, 0.0, 0.0, 1.0]]}, "mean_rme": {"type": "float", "data": 0.0015083039358045525}, "max_rme": {"type": "float", "data": 0.007332080423633092}, "simu": {"type": "float", "data": 0.002}}, {"type": "dict", "image_number": {"type": "int", "data": 20}, "Hcamera2end": {"type": "ndarray", "data": [[0.9999987768881214, 0.001558260840406805, -0.000134333221187518, -0.01498908529613268], [0.00013390562795209129, 0.0002745052306645235, 0.9999999533580795, 0.030021650481849883], [0.0015582976428983948, -0.9999987482342323, 0.0002742962350176237, 0.031152657425944072], [0.0, 0.0, 0.0, 1.0]]}, "Hobj2base": {"type": "ndarray", "data": [[0.9999990181033593, 0.0013995180783498739, -7.170401348293875e-05, -0.7332849227249463], [0.0013996290585227978, -0.9999977852140454, 0.0015718159885549608, 0.09137754766675424], [-6.950406978207479e-05, -0.0015719148042150056, -0.9999987621257498, 0.003416717638306693], [0.0, 0.0, 0.0, 1.0]]}, "mean_rme": {"type": "float", "data": 0.001465167627433547}, "max_rme": {"type": "float", "data": 0.007337057187869367}, "simu": {"type": "float", "data": 0.002}}, {"type": "dict", "image_number": {"type": "int", "data": 21}, "Hcamera2end": {"type": "ndarray", "data": [[0.9999989492466651, 0.0014368614879674158, -0.00019218384478212952, -0.015117828593237046], [0.00019215025772308363, 2.3513303715638756e-05, 0.9999999812627014, 0.03006068174095266], [0.0014368659799216246, -0.9999989674375616, 2.323718570373945e-05, 0.03095847178731781], [0.0, 0.0, 0.0, 1.0]]}, "Hobj2base": {"type": "ndarray", "data": [[0.999999153366301, 0.001291291732630296, 0.00016072443073749255, -0.7330045389740402], [0.0012910592056443561, -0.9999981318894391, 0.0014385352829476518, 0.0911499894834301], [0.0001625816992044533, -0.0014383265602793283, -0.9999989523914001, 0.0033501184194583014], [0.0, 0.0, 0.0, 1.0]]}, "mean_rme": {"type": "float", "data": 0.0014303358720897268}, "max_rme": {"type": "float", "data": 0.0073572981591120135}, "simu": {"type": "float", "data": 0.002}}, {"type": "dict", "image_number": {"type": "int", "data": 22}, "Hcamera2end": {"type": "ndarray", "data": [[0.9999990354134394, 0.0013811312530572916, -0.00014713481087389737, -0.015545188092306556], [0.00014739908929450234, -0.00019124940517234457, 0.9999999708485863, 0.029967821469989806], [0.001381103073350303, -0.999999027949591, -0.0001914527981847769, 0.031367628758784], [0.0, 0.0, 0.0, 1.0]]}, "Hobj2base": {"type": "ndarray", "data": [[0.9999991640826487, 0.0012442160945778313, 0.00035179584112036315, -0.7334267930350332], [0.0012437219302376607, -0.9999982445629587, 0.0014014373914198832, 0.09084032216898559], [0.00035353891452286036, -0.001400998683731483, -0.9999989561059175, 0.0032382914425612796], [0.0, 0.0, 0.0, 1.0]]}, "mean_rme": {"type": "float", "data": 0.0014996158297497218}, "max_rme": {"type": "float", "data": 0.007535981462551633}, "simu": {"type": "float", "data": 0.002}}, {"type": "dict", "image_number": {"type": "int", "data": 23}, "Hcamera2end": {"type": "ndarray", "data": [[0.9999992947241553, 0.0011781135603527863, -0.00015033173600858608, -0.015591621923762383], [0.00015069474665545734, -0.0003080460299593746, 0.9999999411993665, 0.030013081409494588], [0.0011780671819845083, -0.9999992585777662, -0.000308223348226333, 0.031145056929173576], [0.0, 0.0, 0.0, 1.0]]}, "Hobj2base": {"type": "ndarray", "data": [[0.9999993340473459, 0.0010612641446636048, 0.0004534570322903881, -0.7332062179333714], [0.0010606591398228365, -0.9999985498960162, 0.001332369338549818, 0.09067731799708455], [0.000454870370536991, -0.0013318874879091052, -0.9999990095838425, 0.003191566851371269], [0.0, 0.0, 0.0, 1.0]]}, "mean_rme": {"type": "float", "data": 0.0015158642865823332}, "max_rme": {"type": "float", "data": 0.007523396336475363}, "simu": {"type": "float", "data": 0.002}}, {"type": "dict", "image_number": {"type": "int", "data": 24}, "Hcamera2end": {"type": "ndarray", "data": [[0.9999988180168559, 0.0015355019964135275, -7.87306177771909e-05, -0.015616996435518712], [7.908568316360338e-05, -0.00023117798564920022, 0.9999999701510967, 0.030433226819353086], [0.0015354837497948497, -0.9999987943944526, -0.00023129914862507484, 0.031141955817887243], [0.0, 0.0, 0.0, 1.0]]}, "Hobj2base": {"type": "ndarray", "data": [[0.999998835260546, 0.0014412693369101346, 0.0005022153420248992, -0.7331970808146729], [0.0014405982504248809, -0.9999980724759798, 0.001334061844678015, 0.09066487613613296], [0.0005041371164230405, -0.0013333368003004928, -0.9999989840288561, 0.0027998293934837284], [0.0, 0.0, 0.0, 1.0]]}, "mean_rme": {"type": "float", "data": 0.0014821389865187112}, "max_rme": {"type": "float", "data": 0.007469484199871923}, "simu": {"type": "float", "data": 0.002}}, {"type": "dict", "image_number": {"type": "int", "data": 25}, "Hcamera2end": {"type": "ndarray", "data": [[0.9999986313135051, 0.0016509414180280917, 0.00010845990426564043, -0.016095892443917965], [-0.00010789368840291255, -0.00034305064728545887, 0.9999999353376009, 0.030525573283641645], [0.0016509785185146212, -0.9999985783533335, -0.00034287205159766465, 0.031962619917098346], [0.0, 0.0, 0.0, 1.0]]}, "Hobj2base": {"type": "ndarray", "data": [[0.9999986510525345, 0.0015306047999760776, 0.0005959379646353587, -0.7338116112062962], [0.001529682389765466, -0.9999976361798051, 0.0015452205630518375, 0.09007329004772657], [0.000598301677955992, -0.00154430688282058, -0.9999986285747364, 0.002823123093508948], [0.0, 0.0, 0.0, 1.0]]}, "mean_rme": {"type": "float", "data": 0.0015777134752971947}, "max_rme": {"type": "float", "data": 0.007325794158717147}, "simu": {"type": "float", "data": 0.002}}, {"type": "dict", "image_number": {"type": "int", "data": 26}, "Hcamera2end": {"type": "ndarray", "data": [[0.9999985575026363, 0.0016963105297967429, 8.673657214739383e-05, -0.016115566353220905], [-8.63811779382818e-05, -0.00020958225451472856, 0.999999974306785, 0.030549747180049804], [0.0016963286646594113, -0.9999985393018657, -0.0002094354228912021, 0.03226701546445161], [0.0, 0.0, 0.0, 1.0]]}, "Hobj2base": {"type": "ndarray", "data": [[0.9999986480930468, 0.001573007500630448, 0.0004790192915340454, -0.7341648288599588], [0.001572297044634545, -0.9999976688429713, 0.0014799292643267166, 0.08992929260123413], [0.00048134611469804523, -0.001479174102983652, -0.999998790174214, 0.002843054846625879], [0.0, 0.0, 0.0, 1.0]]}, "mean_rme": {"type": "float", "data": 0.0015860214304248082}, "max_rme": {"type": "float", "data": 0.007278360579204501}, "simu": {"type": "float", "data": 0.002}}, {"type": "dict", "image_number": {"type": "int", "data": 27}, "Hcamera2end": {"type": "ndarray", "data": [[0.9999989753969757, 0.001431472752306289, -9.526706605544086e-06, -0.01614677656633274], [9.793352141945072e-06, -0.0001862666735328311, 0.9999999826044078, 0.030337444527388627], [0.001431470952897024, -0.9999989580946999, -0.00018628050160018894, 0.032271008502151345], [0.0, 0.0, 0.0, 1.0]]}, "Hobj2base": {"type": "ndarray", "data": [[0.9999989931577973, 0.0013463333734305665, 0.0004484081169032067, -0.7341096057738782], [0.0013457311799621545, -0.9999981959469315, 0.0013405634908126446, 0.08983662360019512], [0.00045021215331805125, -0.0013399587042924818, -0.9999990009093445, 0.0029909029001357387], [0.0, 0.0, 0.0, 1.0]]}, "mean_rme": {"type": "float", "data": 0.0016007818294752872}, "max_rme": {"type": "float", "data": 0.007351132530586502}, "simu": {"type": "float", "data": 0.002}}, {"type": "dict", "image_number": {"type": "int", "data": 28}, "Hcamera2end": {"type": "ndarray", "data": [[0.9999994002845677, 0.0010950939777026499, 1.413099225468055e-05, -0.016110014978919354], [-1.3996268535056773e-05, -0.00012303236782518212, 0.9999999923335705, 0.030306546312966816], [0.001095095707876626, -0.9999993928159239, -0.00012301696681138452, 0.03227555938455898], [0.0, 0.0, 0.0, 1.0]]}, "Hobj2base": {"type": "ndarray", "data": [[0.999999385392783, 0.000996206519234292, 0.00048660726179075705, -0.7340619194313122], [0.0009955475977587514, -0.999998589835025, 0.0013524839894821067, 0.08995105797000662], [0.00048795392896172206, -0.0013519987175451584, -0.9999989669996818, 0.0030045167453829247], [0.0, 0.0, 0.0, 1.0]]}, "mean_rme": {"type": "float", "data": 0.0015609772078944981}, "max_rme": {"type": "float", "data": 0.007364868220559373}, "simu": {"type": "float", "data": 0.002}}, {"type": "dict", "image_number": {"type": "int", "data": 29}, "Hcamera2end": {"type": "ndarray", "data": [[0.9999991467315678, 0.001305996570248177, 3.0151201128580333e-05, -0.0160562256591652], [-2.997595468585707e-05, -0.00013420535641350817, 0.9999999905451821, 0.030473286352463904], [0.0013060006043529111, -0.999999138180569, -0.00013416609340621832, 0.032262557417617584], [0.0, 0.0, 0.0, 1.0]]}, "Hobj2base": {"type": "ndarray", "data": [[0.9999991388810671, 0.0011971156319353937, 0.0005377278940505664, -0.7340714256648905], [0.001196342870721779, -0.9999982546012216, 0.0014351161088858434, 0.09004305063543175], [0.0005394449554285466, -0.0014344715661477557, -0.9999988256445433, 0.0028945073279625024], [0.0, 0.0, 0.0, 1.0]]}, "mean_rme": {"type": "float", "data": 0.0015415639615056825}, "max_rme": {"type": "float", "data": 0.007319308268358027}, "simu": {"type": "float", "data": 0.002}}, {"type": "dict", "image_number": {"type": "int", "data": 30}, "Hcamera2end": {"type": "ndarray", "data": [[0.9999991017054722, 0.0013401025867428406, -2.6707782565714975e-05, -0.015913899031338045], [2.6789737143670367e-05, -6.113753767067465e-05, 0.999999997772256, 0.030453259560548125], [0.001340100950909372, -0.9999991001932247, -6.117338374722614e-05, 0.032374617511607424], [0.0, 0.0, 0.0, 1.0]]}, "Hobj2base": {"type": "ndarray", "data": [[0.9999991278713891, 0.001230573605164905, 0.00047952587356657, -0.7342754732324533], [0.0012299323584419794, -0.9999983521725084, 0.00133525977304508, 0.09004027991731038], [0.00048116821882340034, -0.0013346688241382195, -0.999998993567631, 0.0028027710213330095], [0.0, 0.0, 0.0, 1.0]]}, "mean_rme": {"type": "float", "data": 0.0015848717451604013}, "max_rme": {"type": "float", "data": 0.0074348034423609155}, "simu": {"type": "float", "data": 0.002}}]}