{"type": "list", "data": [{"type": "dict", "image_number": {"type": "int", "data": 5}, "Hcamera2end": {"type": "ndarray", "data": [[0.9999992086974059, -0.0012500750847139264, -0.00014112705106061755, -0.013714771195220628], [0.00014059374695683476, -0.00042669526037331096, 0.9999998990822716, 0.028996917767734942], [-0.0012501351768029864, -0.9999991276213382, -0.00042651916998814876, 0.033592241349392205], [0.0, 0.0, 0.0, 1.0]]}, "Hobj2base": {"type": "ndarray", "data": [[0.9999994945509938, -0.0010048841955155555, 3.324921879166326e-05, -0.733496924263671], [-0.0010049264387127714, -0.9999986554315736, 0.0012958618359608179, 0.0911983317164512], [3.194698300728467e-05, -0.0012958945939877708, -0.9999991598179427, 0.002301562145193459], [0.0, 0.0, 0.0, 1.0]]}, "mean_rme": {"type": "float", "data": 0.001211167469483813}, "max_rme": {"type": "float", "data": 0.0031930299851066213}, "simu": {"type": "float", "data": 0.002}}, {"type": "dict", "image_number": {"type": "int", "data": 6}, "Hcamera2end": {"type": "ndarray", "data": [[0.9999987520512416, -0.0015242767092352749, -0.0004153028692603025, -0.014051797489563164], [0.0004167388306536064, 0.000941864156494665, 0.9999994696101882, 0.028823428437783787], [-0.0015238847418877922, -0.9999983947349238, 0.000942498206389808, 0.03476756107523381], [0.0, 0.0, 0.0, 1.0]]}, "Hobj2base": {"type": "ndarray", "data": [[0.9999983136219446, -0.0013210210521544892, -0.0012757964754150826, -0.735254565827827], [-0.001319915628003292, -0.9999987531426344, 0.0008669117092193422, 0.0903504425661563], [-0.001276940093297088, -0.000865226303572408, -0.9999988104030135, 0.0023302668145477323], [0.0, 0.0, 0.0, 1.0]]}, "mean_rme": {"type": "float", "data": 0.0012460453493293676}, "max_rme": {"type": "float", "data": 0.003101976495181513}, "simu": {"type": "float", "data": 0.002}}, {"type": "dict", "image_number": {"type": "int", "data": 7}, "Hcamera2end": {"type": "ndarray", "data": [[0.9999986768660197, -0.001513869256408706, -0.0005953705437058297, -0.013850831686788457], [0.000597317341265636, 0.0012858479196991013, 0.9999989949030554, 0.028745515461213993], [-0.0015131021788482681, -0.9999980273955553, 0.0012867504787092976, 0.03406068596256735], [0.0, 0.0, 0.0, 1.0]]}, "Hobj2base": {"type": "ndarray", "data": [[0.9999978986047333, -0.0013342208772068082, -0.001556483462299405, -0.734710720100888], [-0.0013332007505899518, -0.9999988959498078, 0.0006562582748414393, 0.09063492340269105], [-0.001557357337354673, -0.0006541817908631884, -0.9999985733411361, 0.0022376768737776276], [0.0, 0.0, 0.0, 1.0]]}, "mean_rme": {"type": "float", "data": 0.0012061231149027658}, "max_rme": {"type": "float", "data": 0.003368317545812516}, "simu": {"type": "float", "data": 0.002}}, {"type": "dict", "image_number": {"type": "int", "data": 8}, "Hcamera2end": {"type": "ndarray", "data": [[0.9999991471852551, -0.0013051697927197704, 4.648198288950548e-05, -0.014438107495027549], [-4.558162334122244e-05, 0.0006898622057300852, 0.9999997610061976, 0.029024763681153316], [-0.0013052015469555219, -0.9999989103103807, 0.0006898021256475095, 0.03445702832577179], [0.0, 0.0, 0.0, 1.0]]}, "Hobj2base": {"type": "ndarray", "data": [[0.9999989525216901, -0.001172241329889676, -0.0008490028192560515, -0.7349670956471647], [-0.0011716704638005076, -0.9999990874107896, 0.0006725815283820811, 0.09069127132277267], [-0.000849790472330529, -0.0006715860723405128, -0.9999994134139782, 0.0024349952639417874], [0.0, 0.0, 0.0, 1.0]]}, "mean_rme": {"type": "float", "data": 0.0013630370519840563}, "max_rme": {"type": "float", "data": 0.004617369433607521}, "simu": {"type": "float", "data": 0.002}}, {"type": "dict", "image_number": {"type": "int", "data": 9}, "Hcamera2end": {"type": "ndarray", "data": [[0.999999133666262, -0.001258693678520345, 0.0003851713242385443, -0.01577385386576717], [-0.0003853199074134123, -0.00011780517209869501, 0.9999999188252517, 0.028818688807868278], [-0.0012586482011720632, -0.9999992009057632, -0.00011829006977182033, 0.03508611601165308], [0.0, 0.0, 0.0, 1.0]]}, "Hobj2base": {"type": "ndarray", "data": [[0.9999993463919952, -0.0011431043181118232, -2.2980433658868994e-05, -0.7354743358314004], [-0.001143085137127538, -0.9999990120861326, 0.0008180361411913899, 0.08961024145787441], [-2.391551160154731e-05, -0.0008180093379242596, -0.9999996651443297, 0.002214886417132004], [0.0, 0.0, 0.0, 1.0]]}, "mean_rme": {"type": "float", "data": 0.0013327707479906896}, "max_rme": {"type": "float", "data": 0.004845587128060658}, "simu": {"type": "float", "data": 0.002}}, {"type": "dict", "image_number": {"type": "int", "data": 10}, "Hcamera2end": {"type": "ndarray", "data": [[0.9999989536557045, -0.0014297423419047197, 0.00022028239152910507, -0.015298893830838375], [-0.00022052543865868528, -0.0001698382360808548, 0.9999999612617514, 0.02901337947858143], [-0.0014297048741461886, -0.9999989634953674, -0.00017015335292880351, 0.03509166230206094], [0.0, 0.0, 0.0, 1.0]]}, "Hobj2base": {"type": "ndarray", "data": [[0.9999991472332658, -0.0013055456772220419, 3.2912398775260615e-05, -0.7355373587050754], [-0.0013055649046552773, -0.9999989730444514, 0.0005911094000000022, 0.08997212595747091], [3.214064465375475e-05, -0.0005911518651943386, -0.9999998247532105, 0.002447163826689758], [0.0, 0.0, 0.0, 1.0]]}, "mean_rme": {"type": "float", "data": 0.0014028998568658244}, "max_rme": {"type": "float", "data": 0.004398016872603272}, "simu": {"type": "float", "data": 0.002}}, {"type": "dict", "image_number": {"type": "int", "data": 11}, "Hcamera2end": {"type": "ndarray", "data": [[0.9999988205083046, -0.0015229239144197045, 0.0001992103171415021, -0.015282137091095282], [-0.00019948473829950095, -0.00018004383363678933, 0.9999999638950279, 0.029054075670261522], [-0.0015228879928453809, -0.9999988241427931, -0.00018034742135508708, 0.03491782165024828], [0.0, 0.0, 0.0, 1.0]]}, "Hobj2base": {"type": "ndarray", "data": [[0.9999989922937765, -0.0014191294078255952, 3.851175493869098e-05, -0.7355830740050723], [-0.0014191526598003453, -0.9999988065824494, 0.0006106057685948522, 0.089842061656903], [3.764518037528584e-05, -0.0006106598073430738, -0.9999998128387024, 0.0024987780454121884], [0.0, 0.0, 0.0, 1.0]]}, "mean_rme": {"type": "float", "data": 0.001427310160149542}, "max_rme": {"type": "float", "data": 0.0043135181142198165}, "simu": {"type": "float", "data": 0.002}}, {"type": "dict", "image_number": {"type": "int", "data": 12}, "Hcamera2end": {"type": "ndarray", "data": [[0.9999985361039794, -0.0014582156769081794, 0.0008952077624591632, -0.016171750750590075], [-0.0008956610638307681, -0.00031023693987819456, 0.9999995507720489, 0.0291107395707637], [-0.0014579372953201582, -0.9999988886794227, -0.000311542552728028, 0.03492190479925063], [0.0, 0.0, 0.0, 1.0]]}, "Hobj2base": {"type": "ndarray", "data": [[0.99999904540891, -0.0013813085616701376, 3.417493252990594e-05, -0.7354389196280663], [-0.0013813526606237883, -0.9999981669324858, 0.001325894601865275, 0.08932552632352651], [3.234340031951859e-05, -0.0013259405438120788, -0.9999991204174024, 0.002555577493074524], [0.0, 0.0, 0.0, 1.0]]}, "mean_rme": {"type": "float", "data": 0.001375538597998716}, "max_rme": {"type": "float", "data": 0.004219392354694873}, "simu": {"type": "float", "data": 0.002}}, {"type": "dict", "image_number": {"type": "int", "data": 13}, "Hcamera2end": {"type": "ndarray", "data": [[0.999999064566793, -0.0011914734737720491, 0.0006717562804738416, -0.0162877631964933], [-0.0006721120749557756, -0.0002982419478019249, 0.9999997296585131, 0.029174447277808345], [-0.0011912728057658021, -0.9999992457210666, -0.00029904247252510174, 0.035748952600255825], [0.0, 0.0, 0.0, 1.0]]}, "Hobj2base": {"type": "ndarray", "data": [[0.9999993448988468, -0.0011426181169769969, -6.801261635810666e-05, -0.7363116400827571], [-0.0011425400090231681, -0.9999987002310773, 0.0011376020763522918, 0.08943052731688958], [-6.931237269977232e-05, -0.001137523623972552, -0.9999993506176892, 0.0027678650520213807], [0.0, 0.0, 0.0, 1.0]]}, "mean_rme": {"type": "float", "data": 0.0014506595081713244}, "max_rme": {"type": "float", "data": 0.003996921531644104}, "simu": {"type": "float", "data": 0.002}}, {"type": "dict", "image_number": {"type": "int", "data": 14}, "Hcamera2end": {"type": "ndarray", "data": [[0.9999993342106825, -0.0008707514358658806, 0.0007572120762988801, -0.016280736622621805], [-0.0007577018317890844, -0.0005622592779410684, 0.9999995548761202, 0.029172090679180727], [-0.000870325298758355, -0.9999994628280764, -0.000562918673552959, 0.036003486638963564], [0.0, 0.0, 0.0, 1.0]]}, "Hobj2base": {"type": "ndarray", "data": [[0.9999995932854938, -0.0008689853604227686, -0.0002414400346340829, -0.7362219731110388], [-0.0008687797687018331, -0.9999992610826589, 0.0008503269071744672, 0.08936144382844537], [-0.0002421787778637627, -0.0008501168031167342, -0.9999996093253536, 0.002846080549839088], [0.0, 0.0, 0.0, 1.0]]}, "mean_rme": {"type": "float", "data": 0.0014679054239681094}, "max_rme": {"type": "float", "data": 0.00418246642852288}, "simu": {"type": "float", "data": 0.002}}, {"type": "dict", "image_number": {"type": "int", "data": 15}, "Hcamera2end": {"type": "ndarray", "data": [[0.9999997514092028, 6.959829695019564e-05, 0.0007016677345239556, -0.016493283675998775], [-0.000701639574687085, -0.00040380781037874236, 0.999999672320526, 0.030185881455234143], [6.988161305575378e-05, -0.9999999160476611, -0.0004037588770764433, 0.03600534722206895], [0.0, 0.0, 0.0, 1.0]]}, "Hobj2base": {"type": "ndarray", "data": [[0.9999999594668824, 0.0001056126157286995, -0.00026440916962347505, -0.7363738190077994], [0.00010586322315070389, -0.9999995450756354, 0.000947967035889859, 0.0891926538058224], [-0.00026430893205901655, -0.0009479949886727267, -0.9999995157230281, 0.0017797290276064803], [0.0, 0.0, 0.0, 1.0]]}, "mean_rme": {"type": "float", "data": 0.0014378789964036495}, "max_rme": {"type": "float", "data": 0.004083545707551317}, "simu": {"type": "float", "data": 0.002}}, {"type": "dict", "image_number": {"type": "int", "data": 16}, "Hcamera2end": {"type": "ndarray", "data": [[0.9999997311729072, 1.6815179160297974e-05, 0.00073305618002239, -0.016393276149506295], [-0.0007330479349027393, -0.00048521239616095, 0.9999996136047532, 0.03011616411594703], [1.7170860608621964e-05, -0.9999998821430832, -0.00048519993939044603, 0.036175842639341954], [0.0, 0.0, 0.0, 1.0]]}, "Hobj2base": {"type": "ndarray", "data": [[0.9999999818585852, 5.3644049805206966e-05, -0.00018277074477669606, -0.7364063467795079], [5.381394066310744e-05, -0.9999995664257599, 0.0009296517367983059, 0.08938064795659106], [-0.000182720795247939, -0.0009296615555471225, -0.9999995511711506, 0.0017909315565983186], [0.0, 0.0, 0.0, 1.0]]}, "mean_rme": {"type": "float", "data": 0.0014192356214274208}, "max_rme": {"type": "float", "data": 0.004041881838642958}, "simu": {"type": "float", "data": 0.002}}, {"type": "dict", "image_number": {"type": "int", "data": 17}, "Hcamera2end": {"type": "ndarray", "data": [[0.9999995634661033, -0.0002942244734656308, 0.0008868481054580044, -0.01637625706288034], [-0.0008869227171646091, -0.00025355421015871293, 0.9999995745390877, 0.030027958582564827], [-0.00029399948421370773, -0.9999999245711082, -0.00025381505384314273, 0.03609752989338246], [0.0, 0.0, 0.0, 1.0]]}, "Hobj2base": {"type": "ndarray", "data": [[0.999999959177413, -0.0002752744672433017, 7.661031295906459e-05, -0.7363027284135041], [-0.0002753451475178175, -0.9999995350948765, 0.0009241185421403173, 0.08944446654700033], [7.635589110318028e-05, -0.0009241395986933308, -0.9999995700677973, 0.001700582044289392], [0.0, 0.0, 0.0, 1.0]]}, "mean_rme": {"type": "float", "data": 0.0014549313606442669}, "max_rme": {"type": "float", "data": 0.004058241849518807}, "simu": {"type": "float", "data": 0.002}}, {"type": "dict", "image_number": {"type": "int", "data": 18}, "Hcamera2end": {"type": "ndarray", "data": [[0.9999996737878206, -0.00040906619448479527, 0.000696483381549917, -0.015946654660800093], [-0.0006965700598596648, -0.00021178887871431407, 0.9999997349677759, 0.030162851016904663], [-0.0004089185786346502, -0.9999998939051539, -0.00021207375288989638, 0.036138088204232116], [0.0, 0.0, 0.0, 1.0]]}, "Hobj2base": {"type": "ndarray", "data": [[0.9999999210854763, -0.00038764435224526104, 8.695342074654953e-05, -0.736456430146202], [-0.00038770842196342287, -0.9999996525003221, 0.0007380253482035011, 0.08976552987983706], [8.66672991722189e-05, -0.0007380590025361243, -0.9999997238788059, 0.001721166573034508], [0.0, 0.0, 0.0, 1.0]]}, "mean_rme": {"type": "float", "data": 0.001456673476353312}, "max_rme": {"type": "float", "data": 0.0040038982319277605}, "simu": {"type": "float", "data": 0.002}}, {"type": "dict", "image_number": {"type": "int", "data": 19}, "Hcamera2end": {"type": "ndarray", "data": [[0.9999997700905143, -0.0003297519505002074, 0.0005925222103057914, -0.01605279996007116], [-0.0005924927317819843, 8.948656491047924e-05, 0.9999998204722423, 0.030123809122552556], [-0.0003298049140778125, -0.999999941627901, 8.929116870270981e-05, 0.03556379627554527], [0.0, 0.0, 0.0, 1.0]]}, "Hobj2base": {"type": "ndarray", "data": [[0.9999999257736915, -0.00032622807526581547, -0.00020500696183720223, -0.7360282123566865], [-0.0003261136642059551, -0.999999791215664, 0.0005578696144598694, 0.08971411010599457], [-0.00020518891176553433, -0.0005578027174797549, -0.9999998233768039, 0.0018618337043972012], [0.0, 0.0, 0.0, 1.0]]}, "mean_rme": {"type": "float", "data": 0.0014813507809593612}, "max_rme": {"type": "float", "data": 0.004089519644868311}, "simu": {"type": "float", "data": 0.002}}, {"type": "dict", "image_number": {"type": "int", "data": 20}, "Hcamera2end": {"type": "ndarray", "data": [[0.9999998624549731, -0.00013932039605120525, 0.0005056479626892534, -0.015850846687726624], [-0.0005056335908066685, 0.0001031729798457448, 0.9999998668449951, 0.030247931737609313], [-0.00013937254670706075, -0.9999999849725815, 0.00010310252058265412, 0.03553119402481827], [0.0, 0.0, 0.0, 1.0]]}, "Hobj2base": {"type": "ndarray", "data": [[0.9999999639558595, -0.00013634833232797536, -0.00023129507516524817, -0.7358801403108555], [-0.000136234161213348, -0.9999998689190501, 0.0004935606705856185, 0.0897652787343519], [-0.00023136234102120708, -0.0004935291425050904, -0.9999998514502151, 0.0019149587931911404], [0.0, 0.0, 0.0, 1.0]]}, "mean_rme": {"type": "float", "data": 0.0015151914214881059}, "max_rme": {"type": "float", "data": 0.0042640482237309985}, "simu": {"type": "float", "data": 0.002}}, {"type": "dict", "image_number": {"type": "int", "data": 21}, "Hcamera2end": {"type": "ndarray", "data": [[0.9999998397197077, -0.0002753649453380404, 0.0004947066865525567, -0.015605443146686321], [-0.0004946796316168311, 9.831063678877872e-05, 0.9999998728135322, 0.030199647674143508], [-0.0002754135452447242, -0.9999999572545817, 9.817440360171403e-05, 0.035528508130660545], [0.0, 0.0, 0.0, 1.0]]}, "Hobj2base": {"type": "ndarray", "data": [[0.999999938867235, -0.0002724611392934661, -0.00021915851296686072, -0.7357093027282332], [-0.0002723538939348742, -0.9999998432378272, 0.0004892317222212928, 0.0899756585891341], [-0.00021929177524351092, -0.0004891720036388094, -0.999999856310924, 0.0018370314544317219], [0.0, 0.0, 0.0, 1.0]]}, "mean_rme": {"type": "float", "data": 0.0015407091902364988}, "max_rme": {"type": "float", "data": 0.0041350348348733745}, "simu": {"type": "float", "data": 0.002}}, {"type": "dict", "image_number": {"type": "int", "data": 22}, "Hcamera2end": {"type": "ndarray", "data": [[0.9999998869590856, -0.0003306020695100376, 0.0003417368692159394, -0.015523518220171116], [-0.00034168526083740044, 0.00015614810937936152, 0.9999999294344728, 0.03031043550216994], [-0.00033065540774696153, -0.9999999331600176, 0.00015603512987383272, 0.03544965720982734], [0.0, 0.0, 0.0, 1.0]]}, "Hobj2base": {"type": "ndarray", "data": [[0.9999999099185127, -0.00034090886243171015, -0.0002528717342504825, -0.7357355421551925], [-0.0003407499229893333, -0.9999997445549658, 0.0006283148040709492, 0.08994476644333643], [-0.00025308586774075854, -0.0006282285814474451, -0.99999977063817, 0.0018230048086029641], [0.0, 0.0, 0.0, 1.0]]}, "mean_rme": {"type": "float", "data": 0.0015179065914605796}, "max_rme": {"type": "float", "data": 0.004174224287879502}, "simu": {"type": "float", "data": 0.002}}, {"type": "dict", "image_number": {"type": "int", "data": 23}, "Hcamera2end": {"type": "ndarray", "data": [[0.9999999284275986, -0.00014153395918863108, 0.00035087453062622405, -0.01526089188473495], [-0.0003508392644752355, 0.0002491188663774624, 0.9999999074257961, 0.03025076856062883], [-0.00014162135555154776, -0.9999999589539634, 0.00024906919287726037, 0.03514329715692947], [0.0, 0.0, 0.0, 1.0]]}, "Hobj2base": {"type": "ndarray", "data": [[0.9999999373504619, -0.00015667518569344025, -0.00031741449011310453, -0.7357340721196226], [-0.00015647498741066225, -0.9999997889028953, 0.0006306423254790519, 0.09032210411826172], [-0.00031751322911127537, -0.0006305926185412571, -0.9999997507691181, 0.0018599645421081932], [0.0, 0.0, 0.0, 1.0]]}, "mean_rme": {"type": "float", "data": 0.0016199088363944272}, "max_rme": {"type": "float", "data": 0.004746301533373187}, "simu": {"type": "float", "data": 0.002}}, {"type": "dict", "image_number": {"type": "int", "data": 24}, "Hcamera2end": {"type": "ndarray", "data": [[0.9999999613168541, 2.93045444429256e-05, 0.00027659995293833364, -0.015270630700934547], [-0.00027660501095262436, 0.00017273847751619886, 0.9999999468255416, 0.030217455674043874], [2.92567634299207e-05, -0.9999999846513308, 0.00017274657661792148, 0.03557646543918488], [0.0, 0.0, 0.0, 1.0]]}, "Hobj2base": {"type": "ndarray", "data": [[0.9999999614889535, 1.189877422344255e-05, -0.00027727335002839177, -0.7361245399235327], [1.2047539155957615e-05, -0.9999998559938208, 0.0005365325662690111, 0.09040177984799373], [-0.0002772669260194464, -0.0005365358860681219, -0.9999998176261309, 0.001965885033476488], [0.0, 0.0, 0.0, 1.0]]}, "mean_rme": {"type": "float", "data": 0.001641855191661007}, "max_rme": {"type": "float", "data": 0.004727036808094415}, "simu": {"type": "float", "data": 0.002}}, {"type": "dict", "image_number": {"type": "int", "data": 25}, "Hcamera2end": {"type": "ndarray", "data": [[0.9999998915198508, -0.00017565991720951894, 0.0004313975893764405, -0.015418670492960869], [-0.0004314197098684732, -0.0001259095297856394, 0.999999899011907, 0.030153967858268196], [-0.00017560558240232982, -0.9999999766451917, -0.0001259852992774313, 0.03555832361595879], [0.0, 0.0, 0.0, 1.0]]}, "Hobj2base": {"type": "ndarray", "data": [[0.9999999790154843, -0.00020052945077873356, 4.191623049859441e-05, -0.7359953908953939], [-0.00020055306508819996, -0.9999998207700598, 0.000564126152509771, 0.0903108976377174], [4.180309907841823e-05, -0.0005641345471003602, -0.9999998400023438, 0.0018854648647612503], [0.0, 0.0, 0.0, 1.0]]}, "mean_rme": {"type": "float", "data": 0.0016352739121792438}, "max_rme": {"type": "float", "data": 0.004776860166298524}, "simu": {"type": "float", "data": 0.002}}, {"type": "dict", "image_number": {"type": "int", "data": 26}, "Hcamera2end": {"type": "ndarray", "data": [[0.9999992553552498, 0.0011150508147894, 0.0004959340946793925, -0.015452394412945051], [-0.0004958699062712715, -5.784117882434714e-05, 0.9999998753837096, 0.030627253713609682], [0.0011150793612485588, -0.9999993766578452, -5.7288215610240556e-05, 0.035577949349760274], [0.0, 0.0, 0.0, 1.0]]}, "Hobj2base": {"type": "ndarray", "data": [[0.9999993819554328, 0.0011076191537009279, 9.627337569027605e-05, -0.7360891983808886], [0.0011075609200255924, -0.999999204945194, 0.0006028414293905166, 0.09011591036424907], [9.694101786150337e-05, -0.0006027344281790928, -0.9999998136568069, 0.0014478921293162926], [0.0, 0.0, 0.0, 1.0]]}, "mean_rme": {"type": "float", "data": 0.0016130051098137764}, "max_rme": {"type": "float", "data": 0.004748162515638421}, "simu": {"type": "float", "data": 0.002}}, {"type": "dict", "image_number": {"type": "int", "data": 27}, "Hcamera2end": {"type": "ndarray", "data": [[0.9999996611604107, 0.0006798530680552051, 0.0004641970158527424, -0.015306028820745223], [-0.00046418738058934326, -1.4330288417463422e-05, 0.9999998921623535, 0.03061388263203405], [0.00067985964681857, -0.9999997687971977, -1.4014704347031781e-05, 0.03547067011326696], [0.0, 0.0, 0.0, 1.0]]}, "Hobj2base": {"type": "ndarray", "data": [[0.999999764746011, 0.0006785920114908241, 0.00010010396833736251, -0.7360762489935536], [0.0006785341640289742, -0.999999603457844, 0.0005767803248791631, 0.09035320028547249], [0.00010049532716276715, -0.0005767122652268191, -0.9999998286518117, 0.0014524207956347244], [0.0, 0.0, 0.0, 1.0]]}, "mean_rme": {"type": "float", "data": 0.0016046984771257765}, "max_rme": {"type": "float", "data": 0.0046092264392118}, "simu": {"type": "float", "data": 0.002}}, {"type": "dict", "image_number": {"type": "int", "data": 28}, "Hcamera2end": {"type": "ndarray", "data": [[0.9999996225175294, 0.0007495450693574211, 0.0004394849119331594, -0.015407049313285646], [-0.00043946866495044024, -2.184035467744927e-05, 0.9999999031951408, 0.03068979263175225], [0.0007495545953041685, -0.9999997188525542, -2.1510944862024317e-05, 0.035456886052389544], [0.0, 0.0, 0.0, 1.0]]}, "Hobj2base": {"type": "ndarray", "data": [[0.9999997360022833, 0.0007172682096565509, 0.00011628275490201096, -0.7360022563649385], [0.0007172047087093388, -0.9999995941784419, 0.0005452158814819423, 0.09026059345211476], [0.00011667377373114906, -0.000545132339006837, -0.9999998446089697, 0.0015526230476824204], [0.0, 0.0, 0.0, 1.0]]}, "mean_rme": {"type": "float", "data": 0.0016233639510859306}, "max_rme": {"type": "float", "data": 0.004811581549485411}, "simu": {"type": "float", "data": 0.002}}, {"type": "dict", "image_number": {"type": "int", "data": 29}, "Hcamera2end": {"type": "ndarray", "data": [[0.9999996673765815, 0.000728880258958308, 0.0003660331876070951, -0.015326481072487382], [-0.0003660130129402055, -2.7812184043130017e-05, 0.999999932630476, 0.030787069845947958], [0.0007288903900363716, -0.9999997339799898, -2.7545395132611006e-05, 0.03545877713234555], [0.0, 0.0, 0.0, 1.0]]}, "Hobj2base": {"type": "ndarray", "data": [[0.9999997566066846, 0.0006908796450637253, 9.732362311976808e-05, -0.7359768178322075], [0.0006908226394872179, -0.9999995905308017, 0.0005845530854895693, 0.09021346704069867], [9.772743909696608e-05, -0.0005844857098510477, -0.9999998244128858, 0.0014580390005992574], [0.0, 0.0, 0.0, 1.0]]}, "mean_rme": {"type": "float", "data": 0.0015971908617345176}, "max_rme": {"type": "float", "data": 0.004829303302290255}, "simu": {"type": "float", "data": 0.002}}, {"type": "dict", "image_number": {"type": "int", "data": 30}, "Hcamera2end": {"type": "ndarray", "data": [[0.9999998843549492, -0.00042253376155458806, 0.00022968523798059764, -0.015392940969446023], [-0.00022966149882754856, 5.6230516951361054e-05, 0.9999999720468621, 0.03129926225400581], [-0.00042254666506311123, -0.9999999091516706, 5.613347071153907e-05, 0.035332968230294], [0.0, 0.0, 0.0, 1.0]]}, "Hobj2base": {"type": "ndarray", "data": [[0.9999998857253276, -0.0004662089565110407, 0.0001058231572625575, -0.7359488565204894], [-0.0004662678648506291, -0.9999997359902126, 0.0005573273585316355, 0.09026249579228302], [0.0001055632983179521, -0.0005573766367808227, -0.999999839093825, 0.0010457430647856831], [0.0, 0.0, 0.0, 1.0]]}, "mean_rme": {"type": "float", "data": 0.0015887761918299058}, "max_rme": {"type": "float", "data": 0.004721903758778345}, "simu": {"type": "float", "data": 0.002}}]}