{"type": "list", "data": [{"type": "dict", "image_number": {"type": "int", "data": 5}, "Hcamera2end": {"type": "ndarray", "data": [[0.9999957800044581, -0.0014556963691382129, -0.0025141442592650195, -0.013421577021916079], [0.002512361207126244, -0.0012254148949468746, 0.9999960931921185, 0.030927947309880723], [-0.0014587715518355132, -0.9999981896515694, -0.001221752488614447, 0.0329117707063885], [0.0, 0.0, 0.0, 1.0]]}, "Hobj2base": {"type": "ndarray", "data": [[0.9999933153533757, 0.0002979688337144467, 0.003644236976137644, -0.7346124552887219], [0.0003064748630118526, -0.9999972297946556, -0.002333768663177587, 0.08920729151439258], [0.0036435314905261702, 0.0023348699297868155, -0.9999906364865065, -0.0027768626679676943], [0.0, 0.0, 0.0, 1.0]]}, "mean_rme": {"type": "float", "data": 0.0012501790912471697}, "max_rme": {"type": "float", "data": 0.0028093083718691847}, "simu": {"type": "float", "data": 0.002}}, {"type": "dict", "image_number": {"type": "int", "data": 6}, "Hcamera2end": {"type": "ndarray", "data": [[0.9999980585753381, -0.0017235182895423283, -0.0009551598087691661, -0.016084425214992495], [0.0009552456330249913, 4.897345931065278e-05, 0.9999995425535859, 0.03115930356114641], [-0.0017234707236450369, -0.9999985135420484, 5.0619747551938765e-05, 0.0327661111022054], [0.0, 0.0, 0.0, 1.0]]}, "Hobj2base": {"type": "ndarray", "data": [[0.9999968158890075, -0.0006022756906305572, 0.0024506072388233756, -0.7348906331256227], [-0.0006002632223101682, -0.9999994821110618, -0.0008218647530653045, 0.08774149890387355], [0.002451100958842752, 0.0008203911267589172, -0.9999966595256651, -0.001581425011643739], [0.0, 0.0, 0.0, 1.0]]}, "mean_rme": {"type": "float", "data": 0.0011351092470128197}, "max_rme": {"type": "float", "data": 0.0029949695607045246}, "simu": {"type": "float", "data": 0.002}}, {"type": "dict", "image_number": {"type": "int", "data": 7}, "Hcamera2end": {"type": "ndarray", "data": [[0.9999984110827355, -0.0013748056937483192, -0.0011347869002205325, -0.01513831089950092], [0.0011359263043136442, 0.0008282774697052631, 0.999999011813444, 0.030791037412765773], [-0.0013738644167614461, -0.9999987119320394, 0.0008298378315917398, 0.030715158754313916], [0.0, 0.0, 0.0, 1.0]]}, "Hobj2base": {"type": "ndarray", "data": [[0.999998455150283, -0.0006960733623439025, 0.0016140566662243626, -0.7329840578333593], [-0.00069491158199004, -0.9999994991772838, -0.0007202382065004489, 0.08799835503745539], [0.0016145571964982066, 0.0007191154671693119, -0.9999984380377818, -0.0013590714853507174], [0.0, 0.0, 0.0, 1.0]]}, "mean_rme": {"type": "float", "data": 0.0012825423990305976}, "max_rme": {"type": "float", "data": 0.002981070199983546}, "simu": {"type": "float", "data": 0.002}}, {"type": "dict", "image_number": {"type": "int", "data": 8}, "Hcamera2end": {"type": "ndarray", "data": [[0.9999983978191239, -0.0015109254081085606, -0.000959928953824241, -0.01459134030491719], [0.0009610328587704507, 0.000730058740091688, 0.999999271714775, 0.03104956449185187], [-0.0015102235032013033, -0.9999985920583325, 0.0007315096193698523, 0.03082959101534319], [0.0, 0.0, 0.0, 1.0]]}, "Hobj2base": {"type": "ndarray", "data": [[0.9999982277916126, -0.0008034775940609621, 0.0017025972483035944, -0.733249432134273], [-0.0008026007040607413, -0.9999995449677341, -0.0005156514663492889, 0.08848278686763723], [0.0017030107879664668, 0.000514284046757215, -0.999998417631836, -0.0016956448303002275], [0.0, 0.0, 0.0, 1.0]]}, "mean_rme": {"type": "float", "data": 0.001285152308913358}, "max_rme": {"type": "float", "data": 0.0029271241636974338}, "simu": {"type": "float", "data": 0.002}}, {"type": "dict", "image_number": {"type": "int", "data": 9}, "Hcamera2end": {"type": "ndarray", "data": [[0.9999982574007316, -0.0015091225606101743, -0.0010989743387845845, -0.01479966775626199], [0.0011000400065821153, 0.0007055022055496574, 0.9999991460889465, 0.031334223989011784], [-0.0015083459431338834, -0.999998612406905, 0.0007071610713335064, 0.030724286369036284], [0.0, 0.0, 0.0, 1.0]]}, "Hobj2base": {"type": "ndarray", "data": [[0.9999985303037989, -0.0007579586341019467, 0.0015378195444232302, -0.7335868273690918], [-0.0007572982414083061, -0.9999996208119513, -0.00042997130939814715, 0.08865261545527006], [0.0015381448617668124, 0.0004288060894343521, -0.9999987251170481, -0.001531948839789854], [0.0, 0.0, 0.0, 1.0]]}, "mean_rme": {"type": "float", "data": 0.0014663809146164975}, "max_rme": {"type": "float", "data": 0.004118574304865952}, "simu": {"type": "float", "data": 0.002}}, {"type": "dict", "image_number": {"type": "int", "data": 10}, "Hcamera2end": {"type": "ndarray", "data": [[0.9999979145362493, -0.0015317815580635085, -0.001350765860746012, -0.014816876816847378], [0.001352217375047501, 0.0009469593523010467, 0.9999986373871492, 0.031158699994213123], [-0.001530500350473671, -0.9999983784553068, 0.0009490286790893032, 0.030352477720501578], [0.0, 0.0, 0.0, 1.0]]}, "Hobj2base": {"type": "ndarray", "data": [[0.9999987459482593, -0.0009886206407629498, 0.0012372271971673406, -0.7334982534826026], [-0.0009880572897327472, -0.9999994079661598, -0.0004558619545252849, 0.08847070507005646], [0.0012376771392245546, 0.0004546389314995905, -0.9999991307289924, -0.0013018527156653525], [0.0, 0.0, 0.0, 1.0]]}, "mean_rme": {"type": "float", "data": 0.0014402491074499305}, "max_rme": {"type": "float", "data": 0.004304756665267251}, "simu": {"type": "float", "data": 0.002}}, {"type": "dict", "image_number": {"type": "int", "data": 11}, "Hcamera2end": {"type": "ndarray", "data": [[0.9999963472561456, -0.002299194376431845, -0.0014209783902869688, -0.014436029529866293], [0.001423445571481649, 0.0010717830050627208, 0.9999984125406877, 0.031283338181354356], [-0.0022976677460650498, -0.9999967824880286, 0.0010750518681670318, 0.030099369836809314], [0.0, 0.0, 0.0, 1.0]]}, "Hobj2base": {"type": "ndarray", "data": [[0.9999972853019738, -0.0017259242216888873, 0.0015654310153012509, -0.7335300378078222], [-0.0017249579677449613, -0.999998321058631, -0.0006183849360836582, 0.08888687364549806], [0.001566495672573873, 0.0006156829546524939, -0.9999985835119005, -0.0016017131352850404], [0.0, 0.0, 0.0, 1.0]]}, "mean_rme": {"type": "float", "data": 0.0014246693077976324}, "max_rme": {"type": "float", "data": 0.004231054520454275}, "simu": {"type": "float", "data": 0.002}}, {"type": "dict", "image_number": {"type": "int", "data": 12}, "Hcamera2end": {"type": "ndarray", "data": [[0.999997622015256, -0.001872714472386957, -0.0011175438864684055, -0.013525098977858769], [0.0011193256747090855, 0.0009506689942008206, 0.9999989216686678, 0.03144404305901283], [-0.0018716500386577396, -0.9999977945820526, 0.0009527629109148394, 0.030362792941245026], [0.0, 0.0, 0.0, 1.0]]}, "Hobj2base": {"type": "ndarray", "data": [[0.9999981112230988, -0.001349803450756356, 0.0013984208520180696, -0.7340648881345334], [-0.0013493915563365434, -0.9999990459271257, -0.0002954441847464869, 0.08963597315006115], [0.0013988183094027446, 0.000293556609428417, -0.9999989785654058, -0.002054166815867328], [0.0, 0.0, 0.0, 1.0]]}, "mean_rme": {"type": "float", "data": 0.0014998442978141945}, "max_rme": {"type": "float", "data": 0.004562611842633929}, "simu": {"type": "float", "data": 0.002}}, {"type": "dict", "image_number": {"type": "int", "data": 13}, "Hcamera2end": {"type": "ndarray", "data": [[0.9999972048072241, -0.0019887476096516763, -0.0012787731166114718, -0.014086920266044599], [0.0012808891936125037, 0.0010631154655490471, 0.9999986145532307, 0.03127449136909598], [-0.001987385370870527, -0.9999974573309935, 0.0010656598592583277, 0.030314442381189445], [0.0, 0.0, 0.0, 1.0]]}, "Hobj2base": {"type": "ndarray", "data": [[0.9999980105169364, -0.0015257583546441373, 0.0012849216367232243, -0.7343635223714551], [-0.001525265334704499, -0.9999987628276916, -0.00038458905903750336, 0.08918655743646602], [0.0012855068370236885, 0.0003826284474737783, -0.9999991005334168, -0.001744263489830909], [0.0, 0.0, 0.0, 1.0]]}, "mean_rme": {"type": "float", "data": 0.0015223571481546344}, "max_rme": {"type": "float", "data": 0.004822648270082913}, "simu": {"type": "float", "data": 0.002}}, {"type": "dict", "image_number": {"type": "int", "data": 14}, "Hcamera2end": {"type": "ndarray", "data": [[0.9999951711076919, -0.002816854172419023, -0.001312666701585437, -0.013976207337881113], [0.0013161920161237058, 0.0012500190402842115, 0.9999983525441307, 0.031567350641264265], [-0.002815208673405555, -0.9999952513812105, 0.00125372052504924, 0.030253490273699238], [0.0, 0.0, 0.0, 1.0]]}, "Hobj2base": {"type": "ndarray", "data": [[0.9999958498670207, -0.002350746179114341, 0.0016656053363179597, -0.7343548701870538], [-0.0023503638251350383, -0.9999972110998407, -0.000231478788478222, 0.08924592692267838], [0.0016661448389885336, 0.00022756304928103432, -0.9999985860872174, -0.0021487977820057575], [0.0, 0.0, 0.0, 1.0]]}, "mean_rme": {"type": "float", "data": 0.0014671138288083426}, "max_rme": {"type": "float", "data": 0.004725967081460197}, "simu": {"type": "float", "data": 0.002}}, {"type": "dict", "image_number": {"type": "int", "data": 15}, "Hcamera2end": {"type": "ndarray", "data": [[0.9999954170726281, -0.002740582845624366, -0.0012864833488597535, -0.01394545389887153], [0.0012899654922360012, 0.0012691964771851527, 0.9999983625633253, 0.031559555009976835], [-0.0027389455579591732, -0.999995439162584, 0.0012727259178494377, 0.030283494264229948], [0.0, 0.0, 0.0, 1.0]]}, "Hobj2base": {"type": "ndarray", "data": [[0.9999959740237496, -0.0022975914632671008, 0.0016652356470717234, -0.7343104077831286], [-0.0022971715381643583, -0.9999973292296342, -0.0002540403950333621, 0.0892409643569964], [0.0016658148806526594, 0.0002502140403399752, -0.9999985812258521, -0.002103350773960196], [0.0, 0.0, 0.0, 1.0]]}, "mean_rme": {"type": "float", "data": 0.0014244784314043975}, "max_rme": {"type": "float", "data": 0.004751647767117756}, "simu": {"type": "float", "data": 0.002}}, {"type": "dict", "image_number": {"type": "int", "data": 16}, "Hcamera2end": {"type": "ndarray", "data": [[0.9999951104804587, -0.002925180428297185, -0.0011055924371030958, -0.013609387901905782], [0.0011092134484045053, 0.0012365436092506288, 0.9999986203017622, 0.03156678038542074], [-0.0029238092791683675, -0.9999949571269667, 0.001239782212616558, 0.030460893459845952], [0.0, 0.0, 0.0, 1.0]]}, "Hobj2base": {"type": "ndarray", "data": [[0.9999954636980818, -0.0024763914960293128, 0.0017146627705488169, -0.7346002815446282], [-0.002476275376500218, -0.9999969315865274, -6.984117860449325e-05, 0.08954960239864625], [0.001714830463355239, 6.559488458610911e-05, -0.9999985275258125, -0.002296068799853744], [0.0, 0.0, 0.0, 1.0]]}, "mean_rme": {"type": "float", "data": 0.001449384400630265}, "max_rme": {"type": "float", "data": 0.004414463448139477}, "simu": {"type": "float", "data": 0.002}}, {"type": "dict", "image_number": {"type": "int", "data": 17}, "Hcamera2end": {"type": "ndarray", "data": [[0.9999953114131875, -0.0028782261840315246, -0.0010454499871473608, -0.013793113158106439], [0.0010492897550971507, 0.0013328877622091895, 0.9999985611995766, 0.03167229765185103], [-0.0028768285753446015, -0.9999949695994711, 0.0013359016060968676, 0.030446215957650378], [0.0, 0.0, 0.0, 1.0]]}, "Hobj2base": {"type": "ndarray", "data": [[0.9999956009648352, -0.0024999289181178463, 0.0015963728832742747, -0.7345735636941917], [-0.0024998528516400518, -0.9999968741307539, -4.9643143091953677e-05, 0.08942359259457251], [0.0015964919975503752, 4.565222740548748e-05, -0.9999987245637747, -0.0022068356753280663], [0.0, 0.0, 0.0, 1.0]]}, "mean_rme": {"type": "float", "data": 0.001418815060403102}, "max_rme": {"type": "float", "data": 0.0043612324776718114}, "simu": {"type": "float", "data": 0.002}}, {"type": "dict", "image_number": {"type": "int", "data": 18}, "Hcamera2end": {"type": "ndarray", "data": [[0.9999943642278024, -0.0031928060412892596, -0.001038028041950127, -0.013647879536706077], [0.0010420866919904064, 0.0012697850982912318, 0.9999986508496552, 0.03159985173905202], [-0.003191483661174611, -0.9999940968002696, 0.0012731051227574675, 0.030554931167383396], [0.0, 0.0, 0.0, 1.0]]}, "Hobj2base": {"type": "ndarray", "data": [[0.9999947475329962, -0.0027343619216858082, 0.0017401641590123868, -0.7343552280974904], [-0.0027341784646678162, -0.9999962563171345, -0.00010779535672783586, 0.08950393501642634], [0.0017404523959084128, 0.00010303687116772305, -0.9999984801032753, -0.002186425304740484], [0.0, 0.0, 0.0, 1.0]]}, "mean_rme": {"type": "float", "data": 0.001464199332416958}, "max_rme": {"type": "float", "data": 0.004476939089722548}, "simu": {"type": "float", "data": 0.002}}, {"type": "dict", "image_number": {"type": "int", "data": 19}, "Hcamera2end": {"type": "ndarray", "data": [[0.9999936375068122, -0.0034595840449950298, -0.0008696114820800685, -0.013765816584990837], [0.0008737952620591414, 0.0012080027223383416, 0.9999988886050136, 0.031042931092841213], [-0.0034585297069929383, -0.99999328598129, 0.0012110180045764585, 0.03056913432478268], [0.0, 0.0, 0.0, 1.0]]}, "Hobj2base": {"type": "ndarray", "data": [[0.9999936223127912, -0.0029525867058378505, 0.00200936942528379, -0.7342779829596386], [-0.0029518489093412936, -0.9999955748176357, -0.0003700448118761245, 0.08968398551761196], [0.0020104531228497557, 0.0003641110968995734, -0.9999979127484968, -0.0016869804671276773], [0.0, 0.0, 0.0, 1.0]]}, "mean_rme": {"type": "float", "data": 0.0014471368530342755}, "max_rme": {"type": "float", "data": 0.004575865485958036}, "simu": {"type": "float", "data": 0.002}}, {"type": "dict", "image_number": {"type": "int", "data": 20}, "Hcamera2end": {"type": "ndarray", "data": [[0.9999936930578931, -0.0034047823890816105, -0.0010105945375264822, -0.013842168436657885], [0.001014769211370854, 0.001224616259700606, 0.9999987352784323, 0.03120501631276059], [-0.0034035404924772704, -0.9999934538645239, 0.0012280636044565973, 0.03109338188209219], [0.0, 0.0, 0.0, 1.0]]}, "Hobj2base": {"type": "ndarray", "data": [[0.9999938370334824, -0.002945921372144092, 0.0019098278252415199, -0.7348312405501912], [-0.00294500110746615, -0.9999955461087036, -0.0004844906935450046, 0.08976940520879174], [0.001911246590564711, 0.0004788632625846763, -0.9999980589113389, -0.0018090187706871902], [0.0, 0.0, 0.0, 1.0]]}, "mean_rme": {"type": "float", "data": 0.0014883249016301291}, "max_rme": {"type": "float", "data": 0.004354750749432951}, "simu": {"type": "float", "data": 0.002}}, {"type": "dict", "image_number": {"type": "int", "data": 21}, "Hcamera2end": {"type": "ndarray", "data": [[0.9999925351632931, -0.0037379258841658265, -0.0009785334815368319, -0.01404531952214521], [0.0009829119709186779, 0.0011697113200797027, 0.9999988328290614, 0.03122272320073539], [-0.003736776919676933, -0.9999923298133402, 0.0011733766404736778, 0.03115263572806424], [0.0, 0.0, 0.0, 1.0]]}, "Hobj2base": {"type": "ndarray", "data": [[0.9999926854341658, -0.0032300410428003083, 0.002048392791318769, -0.7346561623081543], [-0.00322918064345996, -0.9999946966310478, -0.00042320462122652535, 0.08969321695709126], [0.0020497488962321017, 0.00041658689531653254, -0.9999978124900184, -0.0017904898604838703], [0.0, 0.0, 0.0, 1.0]]}, "mean_rme": {"type": "float", "data": 0.0014786607128400295}, "max_rme": {"type": "float", "data": 0.004691199590072442}, "simu": {"type": "float", "data": 0.002}}, {"type": "dict", "image_number": {"type": "int", "data": 22}, "Hcamera2end": {"type": "ndarray", "data": [[0.9999921066984517, -0.0038583027275919004, -0.0009487048301187223, -0.014171887034742803], [0.0009530116886360645, 0.0011145720045064866, 0.9999989247484061, 0.031181334560203763], [-0.0038572411791015517, -0.9999919355821373, 0.0011182402144512826, 0.03129049049006245], [0.0, 0.0, 0.0, 1.0]]}, "Hobj2base": {"type": "ndarray", "data": [[0.9999922447728306, -0.0033275462465504804, 0.0021066158103616706, -0.7346047357948784], [-0.003326785658184969, -0.9999943998214673, -0.0003644487462787152, 0.08959308044259139], [0.0021078167329947714, 0.00035743766063067934, -0.9999977146708585, -0.0016821029074073977], [0.0, 0.0, 0.0, 1.0]]}, "mean_rme": {"type": "float", "data": 0.0014896420461528901}, "max_rme": {"type": "float", "data": 0.004887060316900865}, "simu": {"type": "float", "data": 0.002}}, {"type": "dict", "image_number": {"type": "int", "data": 23}, "Hcamera2end": {"type": "ndarray", "data": [[0.9999916977175299, -0.0039698166152468605, -0.0009192671285403865, -0.014113832916356917], [0.0009242838478725889, 0.001262065966088688, 0.9999987764436843, 0.031300407604785196], [-0.003968651582195995, -0.9999913238351313, 0.0012657247254369564, 0.030960869619103302], [0.0, 0.0, 0.0, 1.0]]}, "Hobj2base": {"type": "ndarray", "data": [[0.9999918794112861, -0.0034908029320877983, 0.002013803955971105, -0.7343717947372627], [-0.003490032264560745, -0.9999938352896212, -0.00038607971361991625, 0.08972273373356021], [0.002015139269649282, 0.000379048337644512, -0.9999978977658306, -0.0018149067349191523], [0.0, 0.0, 0.0, 1.0]]}, "mean_rme": {"type": "float", "data": 0.0014716251304407752}, "max_rme": {"type": "float", "data": 0.004914749987659978}, "simu": {"type": "float", "data": 0.002}}, {"type": "dict", "image_number": {"type": "int", "data": 24}, "Hcamera2end": {"type": "ndarray", "data": [[0.9999918412683645, -0.003945479881572463, -0.0008663632091964887, -0.014115179239410525], [0.0008711429926913056, 0.001209900714511769, 0.9999988886244561, 0.03128125529984105], [-0.003944427283196781, -0.9999914846281267, 0.0012133279204081804, 0.03105877009549556], [0.0, 0.0, 0.0, 1.0]]}, "Hobj2base": {"type": "ndarray", "data": [[0.9999919963840471, -0.0034496449369134387, 0.0020266024911484216, -0.7344571587770995], [-0.0034490041980121543, -0.9999940011032762, -0.0003195739398444628, 0.08970541001866578], [0.0020276927503929307, 0.000312581621597707, -0.9999978953752053, -0.0018255768606177322], [0.0, 0.0, 0.0, 1.0]]}, "mean_rme": {"type": "float", "data": 0.0014467447053342197}, "max_rme": {"type": "float", "data": 0.004842150109101134}, "simu": {"type": "float", "data": 0.002}}, {"type": "dict", "image_number": {"type": "int", "data": 25}, "Hcamera2end": {"type": "ndarray", "data": [[0.9999919803226793, -0.003923166186451416, -0.0008050201236611356, -0.014117644529262856], [0.0008095759183130186, 0.0011598048984328146, 0.9999989997192149, 0.031348018788473], [-0.003922228595900903, -0.9999916317748221, 0.0011629716980398053, 0.03103523963969273], [0.0, 0.0, 0.0, 1.0]]}, "Hobj2base": {"type": "ndarray", "data": [[0.9999921232759611, -0.0034206367915187545, 0.00201311449639194, -0.7344459198341069], [-0.0034201432269988395, -0.9999941204003095, -0.0002485661248594832, 0.08976822274074857], [0.0020139529145163895, 0.00024167902706270417, -0.9999979427903372, -0.0018332290028760289], [0.0, 0.0, 0.0, 1.0]]}, "mean_rme": {"type": "float", "data": 0.001438525640303014}, "max_rme": {"type": "float", "data": 0.004799816305004062}, "simu": {"type": "float", "data": 0.002}}, {"type": "dict", "image_number": {"type": "int", "data": 26}, "Hcamera2end": {"type": "ndarray", "data": [[0.999991888129564, -0.0039341983372460105, -0.0008635731079453621, -0.013991098841729947], [0.0008681912301198508, 0.0011722841527798122, 0.9999989359963605, 0.03133765000870083], [-0.00393318179817545, -0.9999915738811543, 0.0011756902798566449, 0.031203479399601625], [0.0, 0.0, 0.0, 1.0]]}, "Hobj2base": {"type": "ndarray", "data": [[0.9999920715273961, -0.0034565257374715662, 0.001977198061240747, -0.7344836154673101], [-0.0034559906170135777, -0.9999939905087929, -0.00027399845999595367, 0.08992199473412477], [0.001978133262015386, 0.0002671631096590446, -0.9999980078043511, -0.0019660825370720635], [0.0, 0.0, 0.0, 1.0]]}, "mean_rme": {"type": "float", "data": 0.0014579295799203374}, "max_rme": {"type": "float", "data": 0.004765244176717559}, "simu": {"type": "float", "data": 0.002}}, {"type": "dict", "image_number": {"type": "int", "data": 27}, "Hcamera2end": {"type": "ndarray", "data": [[-0.999934341924883, 0.0025414969444317427, -0.01117374747038961, 16.10130589101382], [-0.01101837218257664, 0.054595526708722586, 0.9984477572401288, -2681.776277095179], [0.00314758855265669, 0.9985053175905866, -0.05456393891229405, 71.58864783645988], [0.0, 0.0, 0.0, 1.0]]}, "Hobj2base": {"type": "ndarray", "data": [[-0.9996135585428405, 0.015436835464072578, 0.023117908386674987, -36.63154508524978], [-0.010233812700838767, 0.5688674571682175, -0.8223655423548403, 1213.0188967352185], [-0.02584574732763009, -0.8222843305607991, -0.5684896455163058, 2313.4250400505607], [0.0, 0.0, 0.0, 1.0]]}, "mean_rme": {"type": "float", "data": 181.19048116591188}, "max_rme": {"type": "float", "data": 1222.4504085372885}, "simu": {"type": "float", "data": 0.002}}, {"type": "dict", "image_number": {"type": "int", "data": 27}, "Hcamera2end": {"type": "ndarray", "data": [[0.9999956942835386, -0.0027486811882553295, -0.0010276994253454203, -0.014037600057966036], [0.001030815082462013, 0.0011323334211037483, 0.9999988276199571, 0.03163965060389924], [-0.0027475142673501936, -0.9999955812766116, 0.001135161927622752, 0.031209238301119283], [0.0, 0.0, 0.0, 1.0]]}, "Hobj2base": {"type": "ndarray", "data": [[0.999996117849585, -0.0024569043905684346, 0.0013144986019455597, -0.7346332800805946], [-0.0024564639759856967, -0.9999969262535302, -0.0003365534535595164, 0.08954627809434942], [0.001315321441167833, 0.0003333231285462242, -0.9999990794121758, -0.0020147064504875915], [0.0, 0.0, 0.0, 1.0]]}, "mean_rme": {"type": "float", "data": 0.0014154669336704378}, "max_rme": {"type": "float", "data": 0.004770606806969863}, "simu": {"type": "float", "data": 0.002}}, {"type": "dict", "image_number": {"type": "int", "data": 28}, "Hcamera2end": {"type": "ndarray", "data": [[0.9999962267870851, -0.002576359357790759, -0.0009533016585218056, -0.014089374153890836], [0.0009562245257224813, 0.0011335015823747963, 0.9999989004038051, 0.031636039608494024], [-0.002575275955897397, -0.9999960387654655, 0.0011359608834370372, 0.0311600737000173], [0.0, 0.0, 0.0, 1.0]]}, "Hobj2base": {"type": "ndarray", "data": [[0.9999965097621903, -0.0022803354342053874, 0.0013343664208686, -0.7346551454937224], [-0.0022798608325051758, -0.9999973373575597, -0.0003570887511344748, 0.08945757096100466], [0.0013351771500603044, 0.00035404533507066576, -0.9999990459764847, -0.0020198970554088963], [0.0, 0.0, 0.0, 1.0]]}, "mean_rme": {"type": "float", "data": 0.0013974980103215067}, "max_rme": {"type": "float", "data": 0.004742883762492461}, "simu": {"type": "float", "data": 0.002}}, {"type": "dict", "image_number": {"type": "int", "data": 29}, "Hcamera2end": {"type": "ndarray", "data": [[0.9999965757167564, -0.00243586593719368, -0.000956614811435144, -0.013871327063864729], [0.0009592972026644767, 0.001100276287488433, 0.9999989345699164, 0.031583812588256946], [-0.002434810801355549, -0.9999964279682337, 0.0011026092392103504, 0.031225179595153793], [0.0, 0.0, 0.0, 1.0]]}, "Hobj2base": {"type": "ndarray", "data": [[0.9999968597187888, -0.0021520625566465333, 0.0012842037662849034, -0.7348056583860313], [-0.002151627731034834, -0.9999976274866733, -0.00033988105486096223, 0.08957575423648313], [0.0012849321647862336, 0.00033711685910303366, -0.9999991176503882, -0.0021478955907679453], [0.0, 0.0, 0.0, 1.0]]}, "mean_rme": {"type": "float", "data": 0.001450974747139189}, "max_rme": {"type": "float", "data": 0.004434624100897039}, "simu": {"type": "float", "data": 0.002}}, {"type": "dict", "image_number": {"type": "int", "data": 30}, "Hcamera2end": {"type": "ndarray", "data": [[0.9999959672373614, -0.0027178625961733587, -0.0008238518813800605, -0.014001594424145775], [0.0008266821149039308, 0.001040386330475207, 0.9999991170960923, 0.0315975108737949], [-0.002717003072326128, -0.9999957654006298, 0.0010426289432431401, 0.031398398942954514], [0.0, 0.0, 0.0, 1.0]]}, "Hobj2base": {"type": "ndarray", "data": [[0.9999961253219375, -0.0023775050708489793, 0.0014480368607400335, -0.7348739910591094], [-0.002377215371130723, -0.9999971540675396, -0.0002017520766010788, 0.08956100376301919], [0.0014485124063101011, 0.00019830899939341846, -0.9999989312421034, -0.0020531562993659326], [0.0, 0.0, 0.0, 1.0]]}, "mean_rme": {"type": "float", "data": 0.0014549318568749863}, "max_rme": {"type": "float", "data": 0.004473688397545278}, "simu": {"type": "float", "data": 0.002}}]}