{"type": "list", "data": [{"type": "dict", "image_number": {"type": "int", "data": 5}, "Hcamera2end": {"type": "ndarray", "data": [[0.9999993172603024, -0.0008856656094767759, -0.0007622829902779369, -0.01649863206256091], [0.0007611336208469655, -0.001297359584189195, 0.9999988687662207, 0.041405213541167184], [-0.0008866535627252224, -0.999998766226508, -0.00129668458855825, 0.034537666771185464], [0.0, 0.0, 0.0, 1.0]]}, "Hobj2base": {"type": "ndarray", "data": [[0.9999943618749252, -0.001577979467188575, 0.002964152351394008, -0.7368550024772413], [-0.00159047961147808, -0.9999898330749344, 0.0042194930229017625, 0.08781882021950563], [0.002957463941727084, -0.004224183656752554, -0.999986704751352, -0.01148061242308418], [0.0, 0.0, 0.0, 1.0]]}, "mean_rme": {"type": "float", "data": 0.002297901211012045}, "max_rme": {"type": "float", "data": 0.007949225727857473}, "simu": {"type": "float", "data": 0.002}}, {"type": "dict", "image_number": {"type": "int", "data": 6}, "Hcamera2end": {"type": "ndarray", "data": [[0.9999986770891728, -0.001622092317732709, -0.0001209810607083441, -0.01741211270224797], [0.00012433749496806846, 0.0020692593642746004, 0.999997851350627, 0.04147074790974201], [-0.001621838491232297, -0.9999965434851242, 0.002069458313724293, 0.0322737476374697], [0.0, 0.0, 0.0, 1.0]]}, "Hobj2base": {"type": "ndarray", "data": [[0.9999980126296949, -0.001933298868140851, -0.0004869210891063986, -0.7364084786950179], [-0.0019312309816034623, -0.999989264147547, 0.004212117821519287, 0.08766647679717994], [-0.000495059144210249, -0.004211169093388529, -0.9999910104452487, -0.01079790455587252], [0.0, 0.0, 0.0, 1.0]]}, "mean_rme": {"type": "float", "data": 0.001991165626054124}, "max_rme": {"type": "float", "data": 0.008346371464644592}, "simu": {"type": "float", "data": 0.002}}, {"type": "dict", "image_number": {"type": "int", "data": 7}, "Hcamera2end": {"type": "ndarray", "data": [[0.9999991759995096, -0.00127238704832934, -0.0001703863287223586, -0.016463565795989094], [0.00016885878772895328, -0.001200542646844882, 0.9999992650917614, 0.041837539032326114], [-0.001272590669295686, -0.9999984698631056, -0.001200326803862728, 0.035623410814734004], [0.0, 0.0, 0.0, 1.0]]}, "Hobj2base": {"type": "ndarray", "data": [[0.9999952377446256, -0.0017507467691674388, 0.0025415298188125168, -0.737618761403234], [-0.0017588661126564035, -0.9999933461065809, 0.00319595565696241, 0.08913010829837824], [0.0025359175987031517, -0.0032004106476780213, -0.9999916632120582, -0.012046152122623372], [0.0, 0.0, 0.0, 1.0]]}, "mean_rme": {"type": "float", "data": 0.0020604432922626164}, "max_rme": {"type": "float", "data": 0.008256744945666306}, "simu": {"type": "float", "data": 0.002}}, {"type": "dict", "image_number": {"type": "int", "data": 8}, "Hcamera2end": {"type": "ndarray", "data": [[0.9999987060340815, -0.0015959027515475167, 0.00020254523013665848, -0.017407966981796877], [-0.0002020411406045468, 0.00031601970610162233, 0.9999999296554587, 0.041691249775249996], [-0.0015959666475685698, -0.9999986766121005, 0.0003156968591706555, 0.034803117623957165], [0.0, 0.0, 0.0, 1.0]]}, "Hobj2base": {"type": "ndarray", "data": [[0.9999976735037508, -0.0019302982922140704, 0.0009627749419714205, -0.73745656880715], [-0.0019332797990567455, -0.9999933090398765, 0.003105528086606855, 0.08850022204240844], [0.0009567739045206757, -0.0031073821749537612, -0.9999947143658883, -0.011716897299582738], [0.0, 0.0, 0.0, 1.0]]}, "mean_rme": {"type": "float", "data": 0.0018230077603420961}, "max_rme": {"type": "float", "data": 0.00847674734650436}, "simu": {"type": "float", "data": 0.002}}, {"type": "dict", "image_number": {"type": "int", "data": 9}, "Hcamera2end": {"type": "ndarray", "data": [[0.9999979432516383, -0.0020158662189453083, 0.0002231050886902171, -0.01777189046973591], [-0.0002202544409635735, 0.001414216970298643, 0.9999989757386465, 0.04136411080623943], [-0.002016179673174032, -0.999996968132278, 0.0014137700581230428, 0.034479676715620265], [0.0, 0.0, 0.0, 1.0]]}, "Hobj2base": {"type": "ndarray", "data": [[0.9999974599257178, -0.0022416623498042847, -0.0002347168976523639, -0.7377628255563071], [-0.0022409441485216628, -0.9999929388927267, 0.003016675987035192, 0.08816665081172219], [-0.0002414776092728662, -0.0030161423369957467, -0.999995422276506, -0.011559359019509477], [0.0, 0.0, 0.0, 1.0]]}, "mean_rme": {"type": "float", "data": 0.0017548449538348598}, "max_rme": {"type": "float", "data": 0.008331076007418031}, "simu": {"type": "float", "data": 0.002}}, {"type": "dict", "image_number": {"type": "int", "data": 10}, "Hcamera2end": {"type": "ndarray", "data": [[0.9999964745688237, -0.0026547315676682813, 5.7010766522066006e-05, -0.017482421208872757], [-5.595017241993936e-05, 0.0003995834166165002, 0.9999999186013323, 0.041367143657127965], [-0.00265475413213354, -0.9999963963602053, 0.00039943347522375383, 0.03529265992879696], [0.0, 0.0, 0.0, 1.0]]}, "Hobj2base": {"type": "ndarray", "data": [[0.9999957697245894, -0.002866350096476858, 0.0004945402415829389, -0.7378051507124471], [-0.0028675302570764514, -0.9999930028331279, 0.00240240608730476, 0.08862350418704178], [0.000487650644282221, -0.002403814033571443, -0.9999969919329461, -0.011775804731923457], [0.0, 0.0, 0.0, 1.0]]}, "mean_rme": {"type": "float", "data": 0.0016184825169706014}, "max_rme": {"type": "float", "data": 0.008260127822439206}, "simu": {"type": "float", "data": 0.002}}, {"type": "dict", "image_number": {"type": "int", "data": 11}, "Hcamera2end": {"type": "ndarray", "data": [[0.9999968867743585, -0.0024913045077523685, -0.00014086674766310733, -0.016855878480709456], [0.00014135217810020795, 0.00019467489861724196, 0.9999999710606223, 0.04143373557692262], [-0.002491277012435746, -0.9999968777468925, 0.00019502644386881762, 0.03396601130130231], [0.0, 0.0, 0.0, 1.0]]}, "Hobj2base": {"type": "ndarray", "data": [[0.9999960958089336, -0.0026968326366430023, 0.0007317517476495771, -0.7364813106676477], [-0.002698470945265838, -0.99999383412647, 0.002247212406295303, 0.08935217067991376], [0.0007256868800020798, -0.002249178243578882, -0.9999972072839904, -0.011974478006695342], [0.0, 0.0, 0.0, 1.0]]}, "mean_rme": {"type": "float", "data": 0.0017140270954910139}, "max_rme": {"type": "float", "data": 0.008392406890538162}, "simu": {"type": "float", "data": 0.002}}, {"type": "dict", "image_number": {"type": "int", "data": 12}, "Hcamera2end": {"type": "ndarray", "data": [[0.9999962918938605, -0.002645578937288216, -0.0006458410140957941, -0.015795330130819685], [0.0006450343373443287, -0.0003057569175344277, 0.9999997452216731, 0.04154223215374379], [-0.002645775733609728, -0.999996453706109, -0.0003040492944985651, 0.03492848141433329], [0.0, 0.0, 0.0, 1.0]]}, "Hobj2base": {"type": "ndarray", "data": [[0.9999954656874834, -0.002847874456329494, 0.000978884852332696, -0.7367786785226893], [-0.002849400829998215, -0.9999947213697546, 0.0015614568633581436, 0.09035209827211059], [0.00097443285204569, -0.0015642390185354536, -0.9999983018170124, -0.012253835808704738], [0.0, 0.0, 0.0, 1.0]]}, "mean_rme": {"type": "float", "data": 0.0016940483312380052}, "max_rme": {"type": "float", "data": 0.008700970261764224}, "simu": {"type": "float", "data": 0.002}}, {"type": "dict", "image_number": {"type": "int", "data": 13}, "Hcamera2end": {"type": "ndarray", "data": [[0.9999964287594432, -0.0025745658006242306, -0.0007169932343749038, -0.015470674757748784], [0.0007156586084727658, -0.000519272575638885, 0.9999996090942979, 0.04175619275026671], [-0.002574937109135308, -0.9999965509775174, -0.0005174282110131934, 0.03505172034650127], [0.0, 0.0, 0.0, 1.0]]}, "Hobj2base": {"type": "ndarray", "data": [[0.9999955198333875, -0.002771560162699402, 0.00113082598910548, -0.7366134504363946], [-0.0027730876365829656, -0.9999952417930891, 0.001351434845293796, 0.09053893803383459], [0.0011270750254217437, -0.0013545646702100382, -0.9999984474270154, -0.012045190615149522], [0.0, 0.0, 0.0, 1.0]]}, "mean_rme": {"type": "float", "data": 0.0018051698031749937}, "max_rme": {"type": "float", "data": 0.0089669050608093}, "simu": {"type": "float", "data": 0.002}}, {"type": "dict", "image_number": {"type": "int", "data": 14}, "Hcamera2end": {"type": "ndarray", "data": [[0.9999958435393189, -0.002836115797801707, -0.0005189906236767558, -0.015978433112517183], [0.0005187510494809977, -8.520761013364186e-05, 0.9999998618184961, 0.0417675375345675], [-0.002836159627853687, -0.9999959745853201, -8.373601792510676e-05, 0.03470429270253971], [0.0, 0.0, 0.0, 1.0]]}, "Hobj2base": {"type": "ndarray", "data": [[0.9999952746791771, -0.0030024383029287364, 0.0006602905074615079, -0.7363375464328857], [-0.003003351520755324, -0.9999945288174557, 0.0013864396122580806, 0.09025347150097954], [0.0006561241954950677, -0.001388416145385836, -0.9999988209001289, -0.0118182035205008], [0.0, 0.0, 0.0, 1.0]]}, "mean_rme": {"type": "float", "data": 0.001764859403864125}, "max_rme": {"type": "float", "data": 0.009145327225113853}, "simu": {"type": "float", "data": 0.002}}, {"type": "dict", "image_number": {"type": "int", "data": 15}, "Hcamera2end": {"type": "ndarray", "data": [[0.999999630330535, 0.0002157613072640468, -0.0008323375827846888, -0.016269567157208325], [0.0008323265541117849, 5.1199909464449966e-05, 0.9999996523054778, 0.039645617131987804], [0.00021580384785390458, -0.9999999754128134, 5.102030667203383e-05, 0.0342279258911877], [0.0, 0.0, 0.0, 1.0]]}, "Hobj2base": {"type": "ndarray", "data": [[0.9999997866761123, 2.657416454066237e-08, 0.0006531827685182444, -0.7367506512739913], [-7.953600142099203e-07, -0.9999992082742133, 0.001258352221854247, 0.08888539401799846], [0.000653182284816262, -0.001258352472933115, -0.9999989949504735, -0.009888167164275345], [0.0, 0.0, 0.0, 1.0]]}, "mean_rme": {"type": "float", "data": 0.001833271356074733}, "max_rme": {"type": "float", "data": 0.007950305539532437}, "simu": {"type": "float", "data": 0.002}}, {"type": "dict", "image_number": {"type": "int", "data": 16}, "Hcamera2end": {"type": "ndarray", "data": [[0.9999997046719207, -2.5054615841708298e-05, -0.0007681330207694396, -0.01619045397926485], [0.0007681421772300807, 0.00036752105276793845, 0.9999996374428699, 0.03970295160316042], [-2.4772301701519778e-05, -0.9999999321502686, 0.0003675401897358377, 0.03379678163511468], [0.0, 0.0, 0.0, 1.0]]}, "Hobj2base": {"type": "ndarray", "data": [[0.9999999236412738, -0.0002224316176840346, 0.000321312343410977, -0.7365218885200088], [-0.00022282473643679825, -0.9999992261336483, 0.0012239612905004527, 0.08912213248909061], [0.0003210398470683375, -0.001224032793378562, -0.999999199338248, -0.009795294601061835], [0.0, 0.0, 0.0, 1.0]]}, "mean_rme": {"type": "float", "data": 0.0018020560543031139}, "max_rme": {"type": "float", "data": 0.007978374575914271}, "simu": {"type": "float", "data": 0.002}}, {"type": "dict", "image_number": {"type": "int", "data": 17}, "Hcamera2end": {"type": "ndarray", "data": [[0.9999995132100566, 0.0003980715824700866, -0.0009028392242733706, -0.016205641617526193], [0.0009026762435744966, 0.0004094153528383382, 0.9999995087772133, 0.03781286966503563], [0.0003984410231678167, -0.9999998369590286, 0.00040905582377837035, 0.03366128992056568], [0.0, 0.0, 0.0, 1.0]]}, "Hobj2base": {"type": "ndarray", "data": [[0.9999999238620775, 0.00020168007043936962, 0.00033406734124944847, -0.7364378415134164], [0.00020128673367268194, -0.9999992870381691, 0.0011770330514156385, 0.08865115610032372], [0.00033430448718090424, -0.0011769657184748405, -0.9999992514958236, -0.008049218890157691], [0.0, 0.0, 0.0, 1.0]]}, "mean_rme": {"type": "float", "data": 0.0017533783087106116}, "max_rme": {"type": "float", "data": 0.007117341050485698}, "simu": {"type": "float", "data": 0.002}}, {"type": "dict", "image_number": {"type": "int", "data": 18}, "Hcamera2end": {"type": "ndarray", "data": [[0.9999996236039483, 0.0003451061272050197, -0.0007960488192709958, -0.016111726455637507], [0.0007958667854296487, 0.0005272888936342923, 0.9999995442811372, 0.03780537351693883], [0.00034552571763484, -0.999999801434072, 0.0005270140366606668, 0.033500903054609316], [0.0, 0.0, 0.0, 1.0]]}, "Hobj2base": {"type": "ndarray", "data": [[0.999999973012072, 0.00015630580177434852, 0.00017188470434284414, -0.736508536067162], [0.00015610665139283693, -0.9999993172967669, 0.001158031395472213, 0.08883062359062607], [0.00017206559402234995, -0.0011580045318737246, -0.9999993147092328, -0.007982257638472276], [0.0, 0.0, 0.0, 1.0]]}, "mean_rme": {"type": "float", "data": 0.001756838344153555}, "max_rme": {"type": "float", "data": 0.006954468966450328}, "simu": {"type": "float", "data": 0.002}}, {"type": "dict", "image_number": {"type": "int", "data": 19}, "Hcamera2end": {"type": "ndarray", "data": [[0.9999997461617852, 0.0002452742354608772, -0.0006689670504767747, -0.016530396064173395], [0.0006688304984742412, 0.0005563919272263407, 0.9999996215468223, 0.0377013647330007], [0.0002456463505025291, -0.9999998151342695, 0.0005562277391035764, 0.03323029225859878], [0.0, 0.0, 0.0, 1.0]]}, "Hobj2base": {"type": "ndarray", "data": [[0.9999999952769768, 5.21373692817422e-05, 8.20228087263904e-05, -0.7360562339867779], [5.203727052718588e-05, -0.9999992545601828, 0.0012199062262342652, 0.0888532958591972], [8.208635028472915e-05, -0.0012199019522295327, -0.9999992525502495, -0.007735366921888636], [0.0, 0.0, 0.0, 1.0]]}, "mean_rme": {"type": "float", "data": 0.0018723362155154}, "max_rme": {"type": "float", "data": 0.007104825806631465}, "simu": {"type": "float", "data": 0.002}}, {"type": "dict", "image_number": {"type": "int", "data": 20}, "Hcamera2end": {"type": "ndarray", "data": [[0.9999997876069053, 3.2716544255766773e-05, -0.0006509345374259446, -0.01644959080306511], [0.0006509208915988242, 0.0004153867877826345, 0.9999997018778602, 0.03768174387803262], [3.29869241087988e-05, -0.9999999131917184, 0.00041536540367526076, 0.03334409068823966], [0.0, 0.0, 0.0, 1.0]]}, "Hobj2base": {"type": "ndarray", "data": [[0.9999999884362817, -0.00014265288259254126, 5.2702860970910476e-05, -0.7359653128675908], [-0.00014270836066430296, -0.9999994341925962, 0.0010541578683985876, 0.08888550218638522], [5.255245249260687e-05, -0.0010541653773474943, -0.9999994429866434, -0.007713534914059248], [0.0, 0.0, 0.0, 1.0]]}, "mean_rme": {"type": "float", "data": 0.0018366984458216937}, "max_rme": {"type": "float", "data": 0.007154240967371189}, "simu": {"type": "float", "data": 0.002}}, {"type": "dict", "image_number": {"type": "int", "data": 21}, "Hcamera2end": {"type": "ndarray", "data": [[0.9999998092544519, -4.829167241110114e-05, -0.0006157588604910238, -0.01657290206693745], [0.0006157882638743186, 0.000611237854360569, 0.9999996235964792, 0.037643781425649], [-4.791527910925539e-05, -0.9999998120280826, 0.0006112674752147829, 0.03335961650627131], [0.0, 0.0, 0.0, 1.0]]}, "Hobj2base": {"type": "ndarray", "data": [[0.9999999667715449, -0.00021282670265683037, -0.00014547062808808512, -0.7360577457802449], [-0.00021267612785411867, -0.9999994424751082, 0.0010343202294790185, 0.0887605837720592], [-0.00014569067794852023, -0.001034289256980257, -0.9999994545098307, -0.007716567292146415], [0.0, 0.0, 0.0, 1.0]]}, "mean_rme": {"type": "float", "data": 0.0017959239018089537}, "max_rme": {"type": "float", "data": 0.007159381310223589}, "simu": {"type": "float", "data": 0.002}}, {"type": "dict", "image_number": {"type": "int", "data": 22}, "Hcamera2end": {"type": "ndarray", "data": [[0.999999820156044, -0.00012053877698595342, -0.0005875017299920044, -0.016644700418565854], [0.0005875790609382368, 0.000642514887893908, 0.9999996209626613, 0.037658076512862015], [-0.0001201612526890728, -0.9999997863224884, 0.0006425855984029116, 0.033432188614965434], [0.0, 0.0, 0.0, 1.0]]}, "Hobj2base": {"type": "ndarray", "data": [[0.9999999430159481, -0.00028523177974593714, -0.0001805849730579687, -0.7360521342596873], [-0.00028504394853897503, -0.9999994193033988, 0.001039299193160958, 0.08867777570846407], [-0.0001808813093514424, -0.0010392476592837117, -0.9999994436229727, -0.007720882261628716], [0.0, 0.0, 0.0, 1.0]]}, "mean_rme": {"type": "float", "data": 0.0017546296012191747}, "max_rme": {"type": "float", "data": 0.007237863908518716}, "simu": {"type": "float", "data": 0.002}}, {"type": "dict", "image_number": {"type": "int", "data": 23}, "Hcamera2end": {"type": "ndarray", "data": [[0.9999997877123693, 0.00019557320862431145, -0.0006215515556395734, -0.016571188826106083], [0.0006214123476237371, 0.0007110524032034604, 0.9999995541254879, 0.03760356897982529], [0.00019601507715055487, -0.9999997280777632, 0.0007109307206490945, 0.03328886886769471], [0.0, 0.0, 0.0, 1.0]]}, "Hobj2base": {"type": "ndarray", "data": [[0.9999999699608786, 8.85452754794709e-06, -0.000244948646040062, -0.7361052643336287], [9.087902131834804e-06, -0.9999995460786775, 0.0009527643198966881, 0.08871141113497749], [-0.0002449400985747314, -0.0009527665173458077, -0.9999995161200388, -0.007717124075036914], [0.0, 0.0, 0.0, 1.0]]}, "mean_rme": {"type": "float", "data": 0.0017685045793066458}, "max_rme": {"type": "float", "data": 0.007139379497517306}, "simu": {"type": "float", "data": 0.002}}, {"type": "dict", "image_number": {"type": "int", "data": 24}, "Hcamera2end": {"type": "ndarray", "data": [[0.9999996953321659, 0.0004927478267635167, -0.0006054214685333923, -0.016446186547708002], [0.000605063079341923, 0.0007271521740253029, 0.999999552574093, 0.037606094066533355], [0.0004931878398324189, -0.9999996142245733, 0.0007268538089679755, 0.033212214494751216], [0.0, 0.0, 0.0, 1.0]]}, "Hobj2base": {"type": "ndarray", "data": [[0.9999999083891361, 0.0003090817889841856, -0.00029612525574487184, -0.7362350287407643], [0.0003093520845000689, -0.9999995352165716, 0.0009131636924551978, 0.08873712127346632], [-0.00029584287584306067, -0.000913255215764621, -0.9999995392208461, -0.007736390088440304], [0.0, 0.0, 0.0, 1.0]]}, "mean_rme": {"type": "float", "data": 0.0017801390449884264}, "max_rme": {"type": "float", "data": 0.007007695031103267}, "simu": {"type": "float", "data": 0.002}}, {"type": "dict", "image_number": {"type": "int", "data": 25}, "Hcamera2end": {"type": "ndarray", "data": [[0.9999996720843383, 0.0004212284160261125, -0.0006916630953563465, -0.0162158236335919], [0.0006914629827183875, 0.00047502966208257114, 0.9999996481128197, 0.03756363182496835], [0.00042155682828769506, -0.9999997984567004, 0.0004747382424559188, 0.03323401569989478], [0.0, 0.0, 0.0, 1.0]]}, "Hobj2base": {"type": "ndarray", "data": [[0.999999961998295, 0.0002502428128990726, -0.000115680349384022, -0.7360341505405398], [0.0002503259211140991, -0.9999997102062612, 0.0007189744970342619, 0.08885603297075323], [-0.00011550039766004048, -0.0007190034275020194, -0.9999997348468297, -0.007750796804316145], [0.0, 0.0, 0.0, 1.0]]}, "mean_rme": {"type": "float", "data": 0.001731948151790377}, "max_rme": {"type": "float", "data": 0.0070451849599899585}, "simu": {"type": "float", "data": 0.002}}, {"type": "dict", "image_number": {"type": "int", "data": 26}, "Hcamera2end": {"type": "ndarray", "data": [[0.9999996715642614, 0.00043035492731191224, -0.0006867794448695233, -0.01621456830798283], [0.0006866390887546131, 0.00032620328967836176, 0.9999997110590463, 0.03750110406898003], [0.00043057883267894894, -0.9999998541930147, 0.00032590768402640524, 0.033399876939958606], [0.0, 0.0, 0.0, 1.0]]}, "Hobj2base": {"type": "ndarray", "data": [[0.999999962533981, 0.0002732376968049604, -1.6528691679597246e-05, -0.7361055638069417], [0.0002732479862630178, -0.9999997668828748, 0.0006257553307936305, 0.08891422908731747], [-1.635770788112668e-05, -0.0006257598237807865, -0.999999804078515, -0.00777722970784612], [0.0, 0.0, 0.0, 1.0]]}, "mean_rme": {"type": "float", "data": 0.001696395898578759}, "max_rme": {"type": "float", "data": 0.006994492453913453}, "simu": {"type": "float", "data": 0.002}}, {"type": "dict", "image_number": {"type": "int", "data": 27}, "Hcamera2end": {"type": "ndarray", "data": [[0.9999998298853457, 0.00023648686931814164, -0.0005332009380019614, -0.016326355250910987], [0.0005331366129505464, 0.00027198231871083944, 0.9999998208954689, 0.03745233326065368], [0.00023663184818972836, -0.9999999350497871, 0.0002718561926341456, 0.033343013342902676], [0.0, 0.0, 0.0, 1.0]]}, "Hobj2base": {"type": "ndarray", "data": [[0.9999999936250661, 9.152171518981153e-05, 6.613352749169325e-05, -0.7360879059659807], [9.14757701280524e-05, -0.9999997547195951, 0.0006944011331241836, 0.08886773405985406], [6.61970640531681e-05, -0.0006943950790820638, -0.9999997567166821, -0.00789866940215862], [0.0, 0.0, 0.0, 1.0]]}, "mean_rme": {"type": "float", "data": 0.0017193846888130637}, "max_rme": {"type": "float", "data": 0.006850734765679101}, "simu": {"type": "float", "data": 0.002}}, {"type": "dict", "image_number": {"type": "int", "data": 28}, "Hcamera2end": {"type": "ndarray", "data": [[0.9999998413083704, 0.00021519965693270695, -0.0005206460811262923, -0.01632268368370919], [0.0005205826560171239, 0.0002946778253873905, 0.9999998210793225, 0.03753132057499052], [0.00021535304128402128, -0.999999933427041, 0.000294565749415554, 0.03337183179689283], [0.0, 0.0, 0.0, 1.0]]}, "Hobj2base": {"type": "ndarray", "data": [[0.9999999969672406, 7.246377687855385e-05, 2.8539794265474503e-05, -0.7361346469655385], [7.244465156868921e-05, -0.9999997732207602, 0.0006695597071875627, 0.08883599424200748], [2.8588306618470155e-05, -0.0006695576376014978, -0.9999997754376144, -0.007818130508196349], [0.0, 0.0, 0.0, 1.0]]}, "mean_rme": {"type": "float", "data": 0.0017370248535033004}, "max_rme": {"type": "float", "data": 0.00687669308954203}, "simu": {"type": "float", "data": 0.002}}, {"type": "dict", "image_number": {"type": "int", "data": 29}, "Hcamera2end": {"type": "ndarray", "data": [[0.9999998419223349, 0.0001562271566502659, -0.0005401373719814683, -0.01623023588447778], [0.0005400814398297236, 0.00035783899549335363, 0.9999997901316239, 0.03755073405341858], [0.00015642040607774453, -0.9999999237721616, 0.00035775456353936974, 0.03345748078538015], [0.0, 0.0, 0.0, 1.0]]}, "Hobj2base": {"type": "ndarray", "data": [[0.999999999443493, 2.5626858956335392e-05, 2.1360664830295988e-05, -0.7362541467008324], [2.5613893681462888e-05, -0.9999998155997303, 0.0006067490703156599, 0.08879856238374655], [2.1376209964230494e-05, -0.0006067485228482019, -0.999999815699627, -0.007911244568170205], [0.0, 0.0, 0.0, 1.0]]}, "mean_rme": {"type": "float", "data": 0.00175055858492197}, "max_rme": {"type": "float", "data": 0.006871843560998597}, "simu": {"type": "float", "data": 0.002}}, {"type": "dict", "image_number": {"type": "int", "data": 30}, "Hcamera2end": {"type": "ndarray", "data": [[0.9999998652106055, -4.191544164805952e-05, -0.0005175150884264384, -0.01620339340605379], [0.0005175329671649138, 0.00042766128166815687, 0.9999997746327026, 0.037553494108733904], [-4.169411103569073e-05, -0.9999999076744578, 0.0004276829166468543, 0.033237364706929194], [0.0, 0.0, 0.0, 1.0]]}, "Hobj2base": {"type": "ndarray", "data": [[0.999999982611746, -0.0001810379830422755, -4.474099072266472e-05, -0.7360601165429553], [-0.0001810102743646553, -0.9999997923198909, 0.0006185430102861799, 0.08892294926518861], [-4.4852961209858e-05, -0.000618534900951791, -0.9999998077013754, -0.007860925900220975], [0.0, 0.0, 0.0, 1.0]]}, "mean_rme": {"type": "float", "data": 0.0017422324925556304}, "max_rme": {"type": "float", "data": 0.0068803664569477285}, "simu": {"type": "float", "data": 0.002}}]}