{"type": "list", "data": [{"type": "dict", "image_number": {"type": "int", "data": 5}, "Hcamera2end": {"type": "ndarray", "data": [[0.9999763519318238, 0.00535266074062626, -0.004317939336882714, -0.016520331878084944], [0.004313231416374401, 0.0008907796725283745, 0.9999903012261288, 0.03191045687375061], [0.005356455158968633, -0.9999852776589117, 0.0008676713428422689, 0.03455999398193565], [0.0, 0.0, 0.0, 1.0]]}, "Hobj2base": {"type": "ndarray", "data": [[0.9999858444194852, 0.005149477908962554, 0.0013393423438858554, -0.7367801591077491], [0.005150278360449014, -0.999986560282381, -0.000594884376704347, 0.08391309211783285], [0.0013362609995467324, 0.0006017739416616039, -0.9999989261367555, 0.0008955330340540968], [0.0, 0.0, 0.0, 1.0]]}, "mean_rme": {"type": "float", "data": 0.00128369760906558}, "max_rme": {"type": "float", "data": 0.0032493862569969445}, "simu": {"type": "float", "data": 0.002}}, {"type": "dict", "image_number": {"type": "int", "data": 6}, "Hcamera2end": {"type": "ndarray", "data": [[0.9999800410549137, 0.006126315494567984, -0.001544587412313865, -0.017474688104661372], [0.001523431659270979, 0.0034564234001774885, 0.999992866121183, 0.03126391542653312], [0.006131610538251193, -0.9999752603918457, 0.0034470213906335756, 0.0315443281602258], [0.0, 0.0, 0.0, 1.0]]}, "Hobj2base": {"type": "ndarray", "data": [[0.9999830025265471, 0.005663866473943885, -0.0013839344481738887, -0.7348871673375964], [0.0056665856967886, -0.9999820064725686, 0.001968892489907027, 0.08456333552128793], [-0.001372758002147048, -0.001976701206858514, -0.99999710408971, 0.0012936161181286987], [0.0, 0.0, 0.0, 1.0]]}, "mean_rme": {"type": "float", "data": 0.001458504717538416}, "max_rme": {"type": "float", "data": 0.004257674498116537}, "simu": {"type": "float", "data": 0.002}}, {"type": "dict", "image_number": {"type": "int", "data": 7}, "Hcamera2end": {"type": "ndarray", "data": [[0.9999797148311844, 0.00605352123087676, -0.001981112528455205, -0.01509725930751142], [0.0019738769021231885, 0.0012010164431490722, 0.9999973306811766, 0.030841876158906628], [0.006055884420820994, -0.999980956038769, 0.0011890431745935626, 0.03378707516487924], [0.0, 0.0, 0.0, 1.0]]}, "Hobj2base": {"type": "ndarray", "data": [[0.9999830776056631, 0.005785632178464935, 0.000609066992971153, -0.7352410185684699], [0.005785144339692493, -0.9999829461482324, 0.0007996984869055199, 0.08704977951836503], [0.0006136833673318487, -0.0007961614136254932, -0.9999994947597362, 0.0014773269257869165], [0.0, 0.0, 0.0, 1.0]]}, "mean_rme": {"type": "float", "data": 0.0015958447064170886}, "max_rme": {"type": "float", "data": 0.003624752297527456}, "simu": {"type": "float", "data": 0.002}}, {"type": "dict", "image_number": {"type": "int", "data": 8}, "Hcamera2end": {"type": "ndarray", "data": [[0.999980074148608, 0.006136926178181262, -0.0014796765957239507, -0.015518184748717322], [0.001470555565847366, 0.001490499989141636, 0.9999978079356524, 0.030837667985857388], [0.0061391181835940434, -0.9999800580745928, 0.0014814455987117725, 0.0331780750221443], [0.0, 0.0, 0.0, 1.0]]}, "Hobj2base": {"type": "ndarray", "data": [[0.9999828239866153, 0.0058609685370219645, 2.7920637575531958e-05, -0.7348648476928795], [0.00586093764837157, -0.9999823233553888, 0.001001192609131534, 0.0872579950827124], [3.378810241396307e-05, -0.0010010117715179459, -0.9999994984167728, 0.002100621237150914], [0.0, 0.0, 0.0, 1.0]]}, "mean_rme": {"type": "float", "data": 0.001617408716119739}, "max_rme": {"type": "float", "data": 0.004334888377892643}, "simu": {"type": "float", "data": 0.002}}, {"type": "dict", "image_number": {"type": "int", "data": 9}, "Hcamera2end": {"type": "ndarray", "data": [[0.9999804517923445, 0.006132862010560084, -0.001218210465374328, -0.014778763058581841], [0.0012067278522687056, 0.001875661408629492, 0.9999975128479924, 0.03069159302613682], [0.006135131707557513, -0.9999794347374548, 0.0018682240474086065, 0.03208915550400117], [0.0, 0.0, 0.0, 1.0]]}, "Hobj2base": {"type": "ndarray", "data": [[0.9999827012204313, 0.005863545432705479, -0.00046486003083353206, -0.7342727346506243], [0.005864073664711325, -0.9999821526799206, 0.001143224250383846, 0.08835510857475987], [-0.00045814838699587335, -0.001145930447464129, -0.9999992384714427, 0.0023705195471658957], [0.0, 0.0, 0.0, 1.0]]}, "mean_rme": {"type": "float", "data": 0.0017111621194476894}, "max_rme": {"type": "float", "data": 0.004165785443186909}, "simu": {"type": "float", "data": 0.002}}, {"type": "dict", "image_number": {"type": "int", "data": 10}, "Hcamera2end": {"type": "ndarray", "data": [[0.9999847662674003, 0.005300322933677475, -0.0015407173431947249, -0.015094110581217839], [0.001530760575653877, 0.0018820651099292762, 0.9999970572971613, 0.030884141162633726], [0.005303207066758022, -0.999984182078757, 0.0018739229136675029, 0.03201056865918401], [0.0, 0.0, 0.0, 1.0]]}, "Hobj2base": {"type": "ndarray", "data": [[0.9999868074398475, 0.005107346484585601, -0.0005476843505152016, -0.7345064085848332], [0.0051078242085004, -0.9999865726536938, 0.000874439348473322, 0.08826225377557709], [-0.0005432109318353521, -0.0008772252877637959, -0.9999994676986974, 0.002491729508638496], [0.0, 0.0, 0.0, 1.0]]}, "mean_rme": {"type": "float", "data": 0.0017667408755660825}, "max_rme": {"type": "float", "data": 0.00418437686042733}, "simu": {"type": "float", "data": 0.002}}, {"type": "dict", "image_number": {"type": "int", "data": 11}, "Hcamera2end": {"type": "ndarray", "data": [[0.9999809555219104, 0.005943322780272745, -0.001662981604400943, -0.0151407926936823], [0.0016534339850192438, 0.0016109973112088394, 0.9999973354183103, 0.030750860483897434], [0.005945986002696968, -0.9999810406212675, 0.0016011397387369897, 0.03229491616842223], [0.0, 0.0, 0.0, 1.0]]}, "Hobj2base": {"type": "ndarray", "data": [[0.9999829676181234, 0.0057848546364644505, -0.0007745517969303045, -0.7346549584813221], [0.005785350834027037, -0.9999830599624993, 0.0006399248111407388, 0.08830568238875783], [-0.000770836803983102, -0.0006443949655813509, -0.9999994952827478, 0.0026434780063997717], [0.0, 0.0, 0.0, 1.0]]}, "mean_rme": {"type": "float", "data": 0.0017060582693337312}, "max_rme": {"type": "float", "data": 0.004262848646060136}, "simu": {"type": "float", "data": 0.002}}, {"type": "dict", "image_number": {"type": "int", "data": 12}, "Hcamera2end": {"type": "ndarray", "data": [[0.9999827723050578, 0.005658590744684618, -0.0015605908736900861, -0.014683724416625918], [0.001553883008372323, 0.001189633087420039, 0.9999980851085233, 0.030805483956237622], [0.005660436439636698, -0.9999832824222119, 0.00118081980477458, 0.032217363320575544], [0.0, 0.0, 0.0, 1.0]]}, "Hobj2base": {"type": "ndarray", "data": [[0.9999846232357428, 0.005532275242833263, -0.0003836961130976027, -0.7340913429432426], [0.005532449049719884, -0.9999845930955789, 0.00045340818365165875, 0.0885605333744262], [-0.00038118182265894755, -0.0004555239908971945, -0.9999998235991401, 0.002590166079977118], [0.0, 0.0, 0.0, 1.0]]}, "mean_rme": {"type": "float", "data": 0.00169825004143632}, "max_rme": {"type": "float", "data": 0.004322304498385221}, "simu": {"type": "float", "data": 0.002}}, {"type": "dict", "image_number": {"type": "int", "data": 13}, "Hcamera2end": {"type": "ndarray", "data": [[0.999981938142613, 0.005850652680386117, -0.0013759548527404082, -0.014324461774937045], [0.0013684184966393678, 0.0012919303390737102, 0.9999982291718404, 0.03070008121542092], [0.005852419957705051, -0.999982050228509, 0.0012839008630669557, 0.03261098404680867], [0.0, 0.0, 0.0, 1.0]]}, "Hobj2base": {"type": "ndarray", "data": [[0.9999834742584868, 0.00572264721942007, -0.0005500170256449455, -0.7346508820807797], [0.00572299097122457, -0.9999834279526298, 0.0006254553946333322, 0.08885097154000736], [-0.0005464286501617724, -0.0006285928009909383, -0.9999996531433502, 0.00253364378073475], [0.0, 0.0, 0.0, 1.0]]}, "mean_rme": {"type": "float", "data": 0.0017418972512878985}, "max_rme": {"type": "float", "data": 0.004055410836685369}, "simu": {"type": "float", "data": 0.002}}, {"type": "dict", "image_number": {"type": "int", "data": 14}, "Hcamera2end": {"type": "ndarray", "data": [[0.9999828584278669, 0.005700790801712957, -0.0013356027357194575, -0.014506573174084807], [0.001331038488551056, 0.0008043529824698359, 0.9999987906756795, 0.030594748718567506], [0.005701858203651866, -0.9999834268629229, 0.0007967512226229045, 0.03326245460205461], [0.0, 0.0, 0.0, 1.0]]}, "Hobj2base": {"type": "ndarray", "data": [[0.9999843509429978, 0.005593719846233316, -9.037363238698169e-05, -0.7350717705223697], [0.005593759437460782, -0.9999842562636241, 0.00044393720527458795, 0.08891401384513282], [-8.788894921271225e-05, -0.0004444357864350195, -0.9999998973761768, 0.002571032975403596], [0.0, 0.0, 0.0, 1.0]]}, "mean_rme": {"type": "float", "data": 0.0016928122709574025}, "max_rme": {"type": "float", "data": 0.004157855359557205}, "simu": {"type": "float", "data": 0.002}}, {"type": "dict", "image_number": {"type": "int", "data": 15}, "Hcamera2end": {"type": "ndarray", "data": [[0.9999827897093653, 0.005748266830902188, -0.0011737604168637642, -0.01445207191995107], [0.0011684871494220773, 0.000920639015260516, 0.9999988935301803, 0.030653734785648198], [0.005749341080252758, -0.9999830547825518, 0.0009139063948720993, 0.03331196882727744], [0.0, 0.0, 0.0, 1.0]]}, "Hobj2base": {"type": "ndarray", "data": [[0.9999840161450106, 0.005645235063145993, -0.00031428582037788626, -0.7352609897002212], [0.005645375236942154, -0.9999839648713584, 0.0004469212365130778, 0.08889574031654991], [-0.00031175780532949815, -0.00044868835437652507, -0.9999998507429047, 0.002563952648590225], [0.0, 0.0, 0.0, 1.0]]}, "mean_rme": {"type": "float", "data": 0.0016503338801145974}, "max_rme": {"type": "float", "data": 0.0040934230395854865}, "simu": {"type": "float", "data": 0.002}}, {"type": "dict", "image_number": {"type": "int", "data": 16}, "Hcamera2end": {"type": "ndarray", "data": [[0.9999836042524431, 0.005618288296529086, -0.0011072772508817787, -0.014447638557001057], [0.001102997165398487, 0.0007648543971059407, 0.9999990991970965, 0.030676780699067572], [0.005619130141432827, -0.9999839247879779, 0.0007586449006808937, 0.03338973512282054], [0.0, 0.0, 0.0, 1.0]]}, "Hobj2base": {"type": "ndarray", "data": [[0.9999846070707382, 0.00554706054657227, -0.00012546264005692677, -0.7352143283633752], [0.005547115652278271, -0.9999845164114114, 0.00044322158782164454, 0.08894104292230735], [-0.00012300212046183036, -0.0004439107211175318, -0.9999998939068693, 0.002655052113601803], [0.0, 0.0, 0.0, 1.0]]}, "mean_rme": {"type": "float", "data": 0.001593805124857061}, "max_rme": {"type": "float", "data": 0.004263370153359702}, "simu": {"type": "float", "data": 0.002}}, {"type": "dict", "image_number": {"type": "int", "data": 17}, "Hcamera2end": {"type": "ndarray", "data": [[0.9999873316616859, 0.0049190381203299445, -0.0010675111766570568, -0.014399388263103823], [0.0010640026010797, 0.0007158263201028081, 0.9999991777452341, 0.03133375681285652], [0.004919798228224663, -0.9999876452520052, 0.0007105833824179175, 0.03342980311601445], [0.0, 0.0, 0.0, 1.0]]}, "Hobj2base": {"type": "ndarray", "data": [[0.9999882657807655, 0.004840829437694995, -0.00018620185910788202, -0.735193720052272], [0.004840930062054274, -0.9999881347660384, 0.0005438044440718697, 0.08926413139950062], [-0.00018356718521804718, -0.0005446994531286681, -0.9999998348027832, 0.002088691194445021], [0.0, 0.0, 0.0, 1.0]]}, "mean_rme": {"type": "float", "data": 0.0015393077710071522}, "max_rme": {"type": "float", "data": 0.004334934545015601}, "simu": {"type": "float", "data": 0.002}}, {"type": "dict", "image_number": {"type": "int", "data": 18}, "Hcamera2end": {"type": "ndarray", "data": [[0.9999871424636417, 0.004927562218804433, -0.0011975132484101291, -0.014511966612127794], [0.001193833358462332, 0.0007496708642494854, 0.9999990063772601, 0.03099363278273281], [0.004928455063458446, -0.9999875784849406, 0.0007437785371763317, 0.03351708045541525], [0.0, 0.0, 0.0, 1.0]]}, "Hobj2base": {"type": "ndarray", "data": [[0.999988346481295, 0.004825800857420417, -0.00013618990423834218, -0.7350952800463031], [0.004825876233540049, -0.9999881993330204, 0.0005586709964360046, 0.08913948055702894], [-0.00013349226213301948, -0.0005593217215752096, -0.9999998346695003, 0.002287016632409911], [0.0, 0.0, 0.0, 1.0]]}, "mean_rme": {"type": "float", "data": 0.0015873984520772088}, "max_rme": {"type": "float", "data": 0.004322904522562149}, "simu": {"type": "float", "data": 0.002}}, {"type": "dict", "image_number": {"type": "int", "data": 19}, "Hcamera2end": {"type": "ndarray", "data": [[0.9999875766186861, 0.004827291951534612, -0.0012425219121205869, -0.014483736796687853], [0.001239955829995278, 0.0005345344555318654, 0.9999990883908121, 0.031079993482162702], [0.004827951721704698, -0.9999882056931122, 0.000528542186008174, 0.033334937894714936], [0.0, 0.0, 0.0, 1.0]]}, "Hobj2base": {"type": "ndarray", "data": [[0.9999887452930432, 0.004744147427543862, 4.85018664035767e-05, -0.7348173634654064], [0.0047441264987299284, -0.9999886571541097, 0.0004228792789264781, 0.08902915915639338], [5.050751789766135e-05, -0.00042264442055447255, -0.999999909410338, 0.0021880059566440377], [0.0, 0.0, 0.0, 1.0]]}, "mean_rme": {"type": "float", "data": 0.0015648288494470267}, "max_rme": {"type": "float", "data": 0.00430845424701648}, "simu": {"type": "float", "data": 0.002}}, {"type": "dict", "image_number": {"type": "int", "data": 20}, "Hcamera2end": {"type": "ndarray", "data": [[0.999987504858525, 0.004870135065761927, -0.0011277904339289675, -0.014537760035033393], [0.0011249164605163034, 0.000592820859449561, 0.9999991915628657, 0.03096557905284334], [0.004870799706258213, -0.9999879651015153, 0.0005873349569686104, 0.033216339517863326], [0.0, 0.0, 0.0, 1.0]]}, "Hobj2base": {"type": "ndarray", "data": [[0.9999885495081426, 0.004785049268003231, -6.446784970956691e-05, -0.7347575118699174], [0.0047850777098171525, -0.9999884508754842, 0.00044849410221203627, 0.08909421291216942], [-6.23210387868499e-05, -0.00044879745040461597, -0.9999998973484627, 0.002275691322308565], [0.0, 0.0, 0.0, 1.0]]}, "mean_rme": {"type": "float", "data": 0.0015312913905563298}, "max_rme": {"type": "float", "data": 0.004268923149495424}, "simu": {"type": "float", "data": 0.002}}, {"type": "dict", "image_number": {"type": "int", "data": 21}, "Hcamera2end": {"type": "ndarray", "data": [[0.999987455785102, 0.0048612502209702466, -0.0012068631769170622, -0.014624040370799667], [0.0012045296285913573, 0.0004829296683527273, 0.9999991579433002, 0.03097587208042856], [0.0048618289575557035, -0.9999880674414193, 0.00047706809045600096, 0.03338118537502364], [0.0, 0.0, 0.0, 1.0]]}, "Hobj2base": {"type": "ndarray", "data": [[0.999988530863051, 0.004789180084411831, 4.354854834549068e-05, -0.7348445598709867], [0.0047891669859107455, -0.9999884880456757, 0.00029606706139215645, 0.08906240334824997], [4.4965965490660884e-05, -0.00029585510448846273, -0.9999999552239089, 0.002466391198512523], [0.0, 0.0, 0.0, 1.0]]}, "mean_rme": {"type": "float", "data": 0.0015445212371564172}, "max_rme": {"type": "float", "data": 0.004735049391221047}, "simu": {"type": "float", "data": 0.002}}, {"type": "dict", "image_number": {"type": "int", "data": 22}, "Hcamera2end": {"type": "ndarray", "data": [[0.9999880141744959, 0.004763595452434926, -0.0011312231051592392, -0.014660686752125895], [0.001129362393280241, 0.0003932826243498999, 0.9999992849344255, 0.031041983218513192], [0.004764036936543328, -0.9999885766783254, 0.0003878980849721936, 0.03341231744046352], [0.0, 0.0, 0.0, 1.0]]}, "Hobj2base": {"type": "ndarray", "data": [[0.9999888949466109, 0.004710140208571988, 0.00015672482755221275, -0.7348204807239141], [0.004710089537217865, -0.9999888555830998, 0.000322127543829822, 0.08906298272843727], [0.00015824034684187724, -0.0003213857786157738, -0.9999999358355853, 0.00248145474968204], [0.0, 0.0, 0.0, 1.0]]}, "mean_rme": {"type": "float", "data": 0.00150731730950396}, "max_rme": {"type": "float", "data": 0.00462541872340283}, "simu": {"type": "float", "data": 0.002}}, {"type": "dict", "image_number": {"type": "int", "data": 23}, "Hcamera2end": {"type": "ndarray", "data": [[0.9999874637432343, 0.00483737257277928, -0.001293129137258815, -0.014467441418130705], [0.0012922854620773798, 0.00017752931967074392, 0.9999991492404507, 0.031010436576003657], [0.004837598025674354, -0.9999882840863352, 0.00017127582786713447, 0.03362610152598958], [0.0, 0.0, 0.0, 1.0]]}, "Hobj2base": {"type": "ndarray", "data": [[0.9999884283402893, 0.004802081118068696, 0.00028844835493677557, -0.7348672319345609], [0.004802055775959193, -0.9999884661488423, 8.848508079646726e-05, 0.08918212052440122], [0.00028886994055210666, -8.709891178833275e-05, -0.9999999544839671, 0.002596546623941883], [0.0, 0.0, 0.0, 1.0]]}, "mean_rme": {"type": "float", "data": 0.0015127057829154118}, "max_rme": {"type": "float", "data": 0.004759875576548334}, "simu": {"type": "float", "data": 0.002}}, {"type": "dict", "image_number": {"type": "int", "data": 24}, "Hcamera2end": {"type": "ndarray", "data": [[0.9999866201082844, 0.005016026433691007, -0.0012645486254668687, -0.014350682921016749], [0.0012639631266684976, 0.00011989396064970848, 0.9999991940110015, 0.031081011091633446], [0.005016174002572028, -0.9999874124729043, 0.00011355228402687434, 0.03361630065782588], [0.0, 0.0, 0.0, 1.0]]}, "Hobj2base": {"type": "ndarray", "data": [[0.9999875289245036, 0.0049823264437129965, 0.00034412014374164213, -0.7347411743363123], [0.004982307509834176, -0.9999875866689196, 5.5856492492977154e-05, 0.0891711037940729], [0.00034439416734396717, -5.414128352599312e-05, -0.9999999392306878, 0.0025382864845708056], [0.0, 0.0, 0.0, 1.0]]}, "mean_rme": {"type": "float", "data": 0.0015212079281804551}, "max_rme": {"type": "float", "data": 0.004786668162137464}, "simu": {"type": "float", "data": 0.002}}, {"type": "dict", "image_number": {"type": "int", "data": 25}, "Hcamera2end": {"type": "ndarray", "data": [[0.9999859472818965, 0.0051535525812209096, -0.0012434365768717185, -0.014206159702986998], [0.0012429824080678366, 9.132929831812131e-05, 0.9999992233265445, 0.031191339189924762], [0.005153662140783487, -0.999986716189146, 8.492223969569501e-05, 0.03355235716616235], [0.0, 0.0, 0.0, 1.0]]}, "Hobj2base": {"type": "ndarray", "data": [[0.9999868365306918, 0.005117890851411693, 0.0003660035143089518, -0.7345831156102675], [0.005117875685002151, -0.999986902691177, 4.236246767361746e-05, 0.08914670320250527], [0.0003662155271336448, -4.0488749550067294e-05, -0.9999999321234219, 0.002431855526662667], [0.0, 0.0, 0.0, 1.0]]}, "mean_rme": {"type": "float", "data": 0.001541162809039262}, "max_rme": {"type": "float", "data": 0.0047944708062021}, "simu": {"type": "float", "data": 0.002}}, {"type": "dict", "image_number": {"type": "int", "data": 26}, "Hcamera2end": {"type": "ndarray", "data": [[0.9999857540711227, 0.005208113729383188, -0.0011692759254781269, -0.01413039744084563], [0.0011684711416078317, 0.00015756512511932996, 0.9999993049239695, 0.031241858481978833], [0.0052082943464556684, -0.9999864252701698, 0.00015147734986276085, 0.03363681871986121], [0.0, 0.0, 0.0, 1.0]]}, "Hobj2base": {"type": "ndarray", "data": [[0.999986598594154, 0.005170581174584908, 0.0002602353001355281, -0.7347569568854934], [0.0051705622236851295, -0.9999866298568754, 7.34423509823591e-05, 0.08917102226760112], [0.0002606115603897259, -7.209580393945718e-05, -0.9999999634419039, 0.0024552559251890794], [0.0, 0.0, 0.0, 1.0]]}, "mean_rme": {"type": "float", "data": 0.001519289540622581}, "max_rme": {"type": "float", "data": 0.004812510183058671}, "simu": {"type": "float", "data": 0.002}}, {"type": "dict", "image_number": {"type": "int", "data": 27}, "Hcamera2end": {"type": "ndarray", "data": [[0.9999865634217467, 0.005060702855242093, -0.0011235045953273252, -0.014300184633765433], [0.0011223360860063477, 0.0002337326291337316, 0.9999993428651682, 0.03119258982950478], [0.005060962129360882, -0.9999871672454949, 0.0002280496791319253, 0.03365260048970992], [0.0, 0.0, 0.0, 1.0]]}, "Hobj2base": {"type": "ndarray", "data": [[0.9999873716270002, 0.005017314375014542, 0.0002883452549207244, -0.7348796505434307], [0.005017264769646531, -0.9999873985693748, 0.000172501260528253, 0.0891807323903033], [0.000289207114412155, -0.0001710523776289836, -0.9999999435501628, 0.002506316024094755], [0.0, 0.0, 0.0, 1.0]]}, "mean_rme": {"type": "float", "data": 0.0015383616172817438}, "max_rme": {"type": "float", "data": 0.004805904683715889}, "simu": {"type": "float", "data": 0.002}}, {"type": "dict", "image_number": {"type": "int", "data": 28}, "Hcamera2end": {"type": "ndarray", "data": [[0.9999864657882225, 0.00510083495349981, -0.0010245599822851698, -0.014155618389326618], [0.0010233321097758543, 0.00024332402824300825, 0.9999994467922522, 0.03117045484055029], [0.00510108143174046, -0.99998696105309, 0.00023810088684939057, 0.03367801900450694], [0.0, 0.0, 0.0, 1.0]]}, "Hobj2base": {"type": "ndarray", "data": [[0.999987170257443, 0.005060140154649784, 0.00023302816796671988, -0.7350011715232083], [0.005060081665371103, -0.9999871662275384, 0.0002509058750458582, 0.08932498740247279], [0.00023429479622959204, -0.0002497235144278319, -0.999999941372056, 0.002454465767015646], [0.0, 0.0, 0.0, 1.0]]}, "mean_rme": {"type": "float", "data": 0.0015285085635162352}, "max_rme": {"type": "float", "data": 0.0046923200969219425}, "simu": {"type": "float", "data": 0.002}}, {"type": "dict", "image_number": {"type": "int", "data": 29}, "Hcamera2end": {"type": "ndarray", "data": [[0.9999863521993628, 0.005129635398529793, -0.000991088134300515, -0.014080070303729379], [0.0009898945124285825, 0.00023522505264172988, 0.9999994823888803, 0.031227222723319722], [0.005129865872132036, -0.999986815668013, 0.00023014404440535596, 0.03366082653344556], [0.0, 0.0, 0.0, 1.0]]}, "Hobj2base": {"type": "ndarray", "data": [[0.9999870318371401, 0.005088190672915004, 0.000215576488811817, -0.7350442869876325], [0.005088128872165582, -0.9999870144150855, 0.0002862617420915498, 0.0894145972130517], [0.00021703024375113844, -0.0002851611488457743, -0.9999999357904947, 0.002471963789967433], [0.0, 0.0, 0.0, 1.0]]}, "mean_rme": {"type": "float", "data": 0.0015165853992915612}, "max_rme": {"type": "float", "data": 0.00475509249908207}, "simu": {"type": "float", "data": 0.002}}, {"type": "dict", "image_number": {"type": "int", "data": 30}, "Hcamera2end": {"type": "ndarray", "data": [[0.9999861483510097, 0.005186428652702397, -0.0008966961262498333, -0.014060859529075674], [0.0008951759244844259, 0.00029542545001359777, 0.9999995556918351, 0.031232949368980672], [0.0051866912551864226, -0.9999865067497831, 0.00029077859182002896, 0.033714596673534124], [0.0, 0.0, 0.0, 1.0]]}, "Hobj2base": {"type": "ndarray", "data": [[0.999986781763769, 0.005140245087327349, 0.00011907217316822203, -0.7351518376631855], [0.0051402046745809326, -0.9999867321902973, 0.0003372525365997899, 0.08942098517530675], [0.00012080415403573334, -0.0003366360233749598, -0.9999999360412697, 0.0024462823581052656], [0.0, 0.0, 0.0, 1.0]]}, "mean_rme": {"type": "float", "data": 0.0014960274360920366}, "max_rme": {"type": "float", "data": 0.00467885569105575}, "simu": {"type": "float", "data": 0.002}}]}