{"type": "list", "data": [{"type": "dict", "image_number": {"type": "int", "data": 5}, "Hcamera2end": {"type": "ndarray", "data": [[0.9999644083479835, 0.008418635047598797, 0.0005555368599227421, -0.018010432633264645], [-0.000561208736322984, 0.000671381371426305, 0.9999996171458309, 0.03123820273634789], [0.008418258847390378, -0.9999643372795798, 0.0006760820873907836, 0.02899360747372838], [0.0, 0.0, 0.0, 1.0]]}, "Hobj2base": {"type": "ndarray", "data": [[0.9999711497560542, 0.007513636288881439, -0.0011157621939224158, -0.7332518258679077], [0.007520688938984826, -0.9999508699914252, 0.006457309135765856, 0.08403160927360069], [-0.0010671895042652449, -0.006465514141212425, -0.9999785288862215, -0.006442579902909929], [0.0, 0.0, 0.0, 1.0]]}, "mean_rme": {"type": "float", "data": 0.002320146360372853}, "max_rme": {"type": "float", "data": 0.005725346200287529}, "simu": {"type": "float", "data": 0.002}}, {"type": "dict", "image_number": {"type": "int", "data": 6}, "Hcamera2end": {"type": "ndarray", "data": [[0.9999658396931795, 0.00817651406235379, -0.001209985331514262, -0.01682814149127411], [0.0011894971238000668, 0.0025101373516576153, 0.9999961421460926, 0.03129081249706903], [0.008179519747932656, -0.9999634212451292, 0.0025003256646355387, 0.03210289621493376], [0.0, 0.0, 0.0, 1.0]]}, "Hobj2base": {"type": "ndarray", "data": [[0.999972234954773, 0.00693785531502365, -0.0027194637677073843, -0.7374621484389777], [0.006950236340082278, -0.9999654038487227, 0.0045700460038863395, 0.0838461306542011], [-0.0026876633667695187, -0.004588820032256209, -0.9999858594981921, -0.006222110451427898], [0.0, 0.0, 0.0, 1.0]]}, "mean_rme": {"type": "float", "data": 0.0023797018962704616}, "max_rme": {"type": "float", "data": 0.005909240011927608}, "simu": {"type": "float", "data": 0.002}}, {"type": "dict", "image_number": {"type": "int", "data": 7}, "Hcamera2end": {"type": "ndarray", "data": [[0.999970822020582, 0.007588211641749302, -0.000879858830525194, -0.016153621797199706], [0.0008641453489419211, 0.0020738055067051064, 0.9999974762885836, 0.03090094403086316], [0.007590017147380817, -0.9999690587087186, 0.002067187679453686, 0.03238794145685025], [0.0, 0.0, 0.0, 1.0]]}, "Hobj2base": {"type": "ndarray", "data": [[0.9999755476054684, 0.006673038010629891, -0.0020915914640248353, -0.7367352576569984], [0.00668205018249936, -0.9999682923330293, 0.004331804926962707, 0.08443977560526038], [-0.002062618845606998, -0.004345675123083499, -0.9999884302886828, -0.005974624469774156], [0.0, 0.0, 0.0, 1.0]]}, "mean_rme": {"type": "float", "data": 0.0023238807284582555}, "max_rme": {"type": "float", "data": 0.005533949958466677}, "simu": {"type": "float", "data": 0.002}}, {"type": "dict", "image_number": {"type": "int", "data": 8}, "Hcamera2end": {"type": "ndarray", "data": [[0.9999813803340583, 0.0060996457722021, 0.00018250108278817677, -0.015731574077044015], [-0.00019555523354058968, 0.0021396211025661582, 0.9999976918871801, 0.028895602192273], [0.0060992412103635235, -0.9999791079532566, 0.0021407740811894005, 0.032731132631573054], [0.0, 0.0, 0.0, 1.0]]}, "Hobj2base": {"type": "ndarray", "data": [[0.9999849462101905, 0.0053845822744499105, -0.0010552851425620548, -0.736625052079352], [0.0053895425746983945, -0.9999741693866677, 0.004755353854313958, 0.08675457724506228], [-0.001029652289826906, -0.004760969772420849, -0.9999881364211218, -0.0051350805262373456], [0.0, 0.0, 0.0, 1.0]]}, "mean_rme": {"type": "float", "data": 0.0020938917902848194}, "max_rme": {"type": "float", "data": 0.004462911209910186}, "simu": {"type": "float", "data": 0.002}}, {"type": "dict", "image_number": {"type": "int", "data": 9}, "Hcamera2end": {"type": "ndarray", "data": [[0.9999814816771906, 0.006076801257065795, 0.0003298320371221278, -0.01537682700757275], [-0.00034250410485000497, 0.0020843961237583253, 0.99999776898938, 0.028619049993922493], [0.006076100199037986, -0.9999793636767118, 0.0020864388536129264, 0.03299190611270031], [0.0, 0.0, 0.0, 1.0]]}, "Hobj2base": {"type": "ndarray", "data": [[0.9999848757861414, 0.0054208897242077865, -0.0009285222525593661, -0.736186854612474], [0.005425155420782314, -0.9999744496062855, 0.004654870918331962, 0.08706931378467452], [-0.0009032649865215414, -0.004659837894600499, -0.9999887349481291, -0.005047896916980401], [0.0, 0.0, 0.0, 1.0]]}, "mean_rme": {"type": "float", "data": 0.002073870856939118}, "max_rme": {"type": "float", "data": 0.004922557160231489}, "simu": {"type": "float", "data": 0.002}}, {"type": "dict", "image_number": {"type": "int", "data": 10}, "Hcamera2end": {"type": "ndarray", "data": [[0.9999820798761444, 0.005986618229692054, 1.8131528906905475e-05, -0.015288349771657325], [-3.114553975226784e-05, 0.002173764061943695, 0.9999976368870872, 0.028638971882838378], [0.005986564668971284, -0.999979717370295, 0.0021739115642785967, 0.03339393773783074], [0.0, 0.0, 0.0, 1.0]]}, "Hobj2base": {"type": "ndarray", "data": [[0.9999847212901266, 0.005434955692915969, -0.0010091793318978135, -0.7366264618246763], [0.005439303265088194, -0.9999757173563917, 0.004356452405315484, 0.08698710372461121], [-0.0009854777005545736, -0.004361875076778157, -0.9999900013897718, -0.004995090438198124], [0.0, 0.0, 0.0, 1.0]]}, "mean_rme": {"type": "float", "data": 0.0018975259310618378}, "max_rme": {"type": "float", "data": 0.004887983786651812}, "simu": {"type": "float", "data": 0.002}}, {"type": "dict", "image_number": {"type": "int", "data": 11}, "Hcamera2end": {"type": "ndarray", "data": [[0.9999845499675089, 0.005512347720277921, -0.0007168325393443684, -0.014500073490947594], [0.0007056948519660873, 0.0020221776311295514, 0.9999977063935714, 0.027973171856562926], [0.005513784639848082, -0.9999827622615494, 0.0020182563530110054, 0.032477965337416696], [0.0, 0.0, 0.0, 1.0]]}, "Hobj2base": {"type": "ndarray", "data": [[0.9999868599969701, 0.005023825317838556, -0.0010203002381465659, -0.7354459115139543], [0.005027500939355057, -0.9999807645642611, 0.003632455888400609, 0.0870904728607636], [-0.0010020317883688216, -0.0036375377183249357, -0.9999928821004895, -0.00455464875980644], [0.0, 0.0, 0.0, 1.0]]}, "mean_rme": {"type": "float", "data": 0.001889050362418482}, "max_rme": {"type": "float", "data": 0.004753712784111519}, "simu": {"type": "float", "data": 0.002}}, {"type": "dict", "image_number": {"type": "int", "data": 12}, "Hcamera2end": {"type": "ndarray", "data": [[0.9999850724416647, 0.005380484419014807, -0.000951462692615907, -0.014615249389504925], [0.0009391165832409341, 0.002296670377897936, 0.9999969216778709, 0.02787454359139826], [0.005382653052332362, -0.9999828876998803, 0.002291583192073121, 0.03239230574284976], [0.0, 0.0, 0.0, 1.0]]}, "Hobj2base": {"type": "ndarray", "data": [[0.999987515838584, 0.004842676249336018, -0.0012315249578789792, -0.7354777902665929], [0.004846779422160653, -0.9999826399017187, 0.003350913968256998, 0.08685784555602298], [-0.001215276186997028, -0.0033568410647298523, -0.9999936273406225, -0.004485048620456673], [0.0, 0.0, 0.0, 1.0]]}, "mean_rme": {"type": "float", "data": 0.0017990531158104648}, "max_rme": {"type": "float", "data": 0.0047326946467295405}, "simu": {"type": "float", "data": 0.002}}, {"type": "dict", "image_number": {"type": "int", "data": 13}, "Hcamera2end": {"type": "ndarray", "data": [[0.9999854061027, 0.005277498570810578, -0.0011556774866324625, -0.015315811353057481], [0.0011474552005478187, 0.0015607514466624561, 0.999998123698982, 0.028034074323095296], [0.005279292393943774, -0.9999848559172068, 0.0015546729760351763, 0.03315091554865425], [0.0, 0.0, 0.0, 1.0]]}, "Hobj2base": {"type": "ndarray", "data": [[0.9999872551137607, 0.005000664750708147, -0.000694954744862804, -0.7361730826366186], [0.0050026182096794165, -0.9999834590948855, 0.002838194439306418, 0.08603037346817628], [-0.0006807503907940151, -0.002841634860102718, -0.9999957308360008, -0.004877325712136372], [0.0, 0.0, 0.0, 1.0]]}, "mean_rme": {"type": "float", "data": 0.0019316668006264573}, "max_rme": {"type": "float", "data": 0.005052504134807234}, "simu": {"type": "float", "data": 0.002}}, {"type": "dict", "image_number": {"type": "int", "data": 14}, "Hcamera2end": {"type": "ndarray", "data": [[0.9999864969519735, 0.005039509646357001, -0.0012685646396480713, -0.015012808933455524], [0.0012604732096622743, 0.0016084504404372257, 0.9999979120450543, 0.027862518698527], [0.005041539547441277, -0.9999860080169646, 0.0016020765545546878, 0.03291788086337994], [0.0, 0.0, 0.0, 1.0]]}, "Hobj2base": {"type": "ndarray", "data": [[0.9999884004478267, 0.004753432525772509, -0.0007770772291642663, -0.7358828154279822], [0.004755589877192637, -0.9999847766205832, 0.002798373099214461, 0.08627529579425945], [-0.0007637635217137176, -0.0028020360999445066, -0.9999957826205956, -0.004561208031533216], [0.0, 0.0, 0.0, 1.0]]}, "mean_rme": {"type": "float", "data": 0.001870251466560222}, "max_rme": {"type": "float", "data": 0.005031854169846195}, "simu": {"type": "float", "data": 0.002}}, {"type": "dict", "image_number": {"type": "int", "data": 15}, "Hcamera2end": {"type": "ndarray", "data": [[0.9999856981891615, 0.00515142342868757, -0.0014374469706687494, -0.015148564848310874], [0.001428335891683215, 0.0017718954933062525, 0.9999974101181169, 0.027714150344783493], [0.005153957092918555, -0.9999851615014191, 0.0017645121890156323, 0.03296151053836108], [0.0, 0.0, 0.0, 1.0]]}, "Hobj2base": {"type": "ndarray", "data": [[0.9999879904299821, 0.004795220999073892, -0.0010123494338214445, -0.7360668970763841], [0.00479790441551285, -0.9999849385478976, 0.002665106109807321, 0.08600199407738408], [-0.0009995544135864283, -0.0026699312588474642, -0.999995936170766, -0.0046250996641682045], [0.0, 0.0, 0.0, 1.0]]}, "mean_rme": {"type": "float", "data": 0.0019190415893905154}, "max_rme": {"type": "float", "data": 0.005061942284971033}, "simu": {"type": "float", "data": 0.002}}, {"type": "dict", "image_number": {"type": "int", "data": 16}, "Hcamera2end": {"type": "ndarray", "data": [[0.9999860080847042, 0.005084978308864594, -0.0014582970946608689, -0.01500412496600468], [0.0014486459972584634, 0.0019011292894669518, 0.9999971435620199, 0.0277497694287791], [0.005087736195258829, -0.9999852642429401, 0.0018937363555536768, 0.03297056868479734], [0.0, 0.0, 0.0, 1.0]]}, "Hobj2base": {"type": "ndarray", "data": [[0.9999883441955514, 0.004712761080397897, -0.0010494551150935724, -0.7362072871994727], [0.004715414580263265, -0.999985655258361, 0.00254050051010559, 0.08600426942007702], [-0.0010374672890023286, -0.002545419514479487, -0.9999962222434238, -0.004688914039818692], [0.0, 0.0, 0.0, 1.0]]}, "mean_rme": {"type": "float", "data": 0.0018537271167544682}, "max_rme": {"type": "float", "data": 0.005137028858079318}, "simu": {"type": "float", "data": 0.002}}, {"type": "dict", "image_number": {"type": "int", "data": 17}, "Hcamera2end": {"type": "ndarray", "data": [[0.9999870867124476, 0.00489746467100456, -0.0013569259920532212, -0.015112861601201491], [0.0013470207331298379, 0.002025260040786292, 0.9999970419240808, 0.027875800662103628], [0.004900198311922261, -0.9999859564821715, 0.0020186369015694483, 0.032775418162012265], [0.0, 0.0, 0.0, 1.0]]}, "Hobj2base": {"type": "ndarray", "data": [[0.9999891781029541, 0.004515649808297981, -0.0011191888970679582, -0.7360305456119434], [0.004518541596370232, -0.9999864245279415, 0.0025949068702372288, 0.08605556496630379], [-0.0011074560128392203, -0.0025999358900078325, -0.9999960069293015, -0.004682793342343052], [0.0, 0.0, 0.0, 1.0]]}, "mean_rme": {"type": "float", "data": 0.0018271835183886636}, "max_rme": {"type": "float", "data": 0.005131538107956191}, "simu": {"type": "float", "data": 0.002}}, {"type": "dict", "image_number": {"type": "int", "data": 18}, "Hcamera2end": {"type": "ndarray", "data": [[0.9999878498984656, 0.004775028336010865, -0.001224401827055096, -0.01513848343269544], [0.001214362794831739, 0.002104735584243622, 0.9999970477012035, 0.027881232497094385], [0.00477759128079527, -0.9999863845035646, 0.0020989113947370575, 0.03280743335382114], [0.0, 0.0, 0.0, 1.0]]}, "Hobj2base": {"type": "ndarray", "data": [[0.9999897816287886, 0.004351266812441889, -0.0012260159601778582, -0.7360853313856399], [0.004354451629210904, -0.9999871207731075, 0.0026071131389915673, 0.08611743403548446], [-0.001214655925162158, -0.0026124251257369584, -0.9999958499143613, -0.004582234322424852], [0.0, 0.0, 0.0, 1.0]]}, "mean_rme": {"type": "float", "data": 0.0017554370119869675}, "max_rme": {"type": "float", "data": 0.00514702758567559}, "simu": {"type": "float", "data": 0.002}}, {"type": "dict", "image_number": {"type": "int", "data": 19}, "Hcamera2end": {"type": "ndarray", "data": [[0.9999886428824094, 0.004581947451557953, -0.0013114357583216582, -0.014706520999809257], [0.0013025681095806187, 0.0019377933628647037, 0.9999972741328864, 0.027811640711965544], [0.004584476253286377, -0.9999876252806503, 0.0019318030564874356, 0.032798199801405095], [0.0, 0.0, 0.0, 1.0]]}, "Hobj2base": {"type": "ndarray", "data": [[0.9999904757821882, 0.004234152424668676, -0.0010584413811642922, -0.7358181261208472], [0.004236751229149746, -0.9999879861720498, 0.0024652485860143093, 0.08651533305059121], [-0.00104799042695376, -0.0024697094592724465, -0.99999640111915, -0.004563012939246021], [0.0, 0.0, 0.0, 1.0]]}, "mean_rme": {"type": "float", "data": 0.0017713019723105557}, "max_rme": {"type": "float", "data": 0.005023340686412803}, "simu": {"type": "float", "data": 0.002}}, {"type": "dict", "image_number": {"type": "int", "data": 20}, "Hcamera2end": {"type": "ndarray", "data": [[0.9999883317041725, 0.004667348679080031, -0.0012459180606210502, -0.014426881302230276], [0.0012369807787853363, 0.0019172495564588887, 0.999997397012958, 0.027694231485100786], [0.004669725265881008, -0.9999872699241957, 0.001911453764820048, 0.03278777500341893], [0.0, 0.0, 0.0, 1.0]]}, "Hobj2base": {"type": "ndarray", "data": [[0.9999900408391524, 0.0043359769345270895, -0.001057131275429626, -0.7356637398597117], [0.004338600790847752, -0.9999874818533643, 0.0024925247732722265, 0.08671438561780481], [-0.001046310512179661, -0.002497086420404702, -0.9999963348901444, -0.0046842479802217864], [0.0, 0.0, 0.0, 1.0]]}, "mean_rme": {"type": "float", "data": 0.001784283541475726}, "max_rme": {"type": "float", "data": 0.00486586792322613}, "simu": {"type": "float", "data": 0.002}}, {"type": "dict", "image_number": {"type": "int", "data": 21}, "Hcamera2end": {"type": "ndarray", "data": [[0.9999854312742699, 0.0052732371881874605, -0.0011533467690037643, -0.014634897879193105], [0.0011436898201196643, 0.0018339620885785557, 0.9999976642755986, 0.025363778533187095], [0.005275340065608022, -0.9999844146548558, 0.0018279044223966645, 0.03277067510474102], [0.0, 0.0, 0.0, 1.0]]}, "Hobj2base": {"type": "ndarray", "data": [[0.9999869535075228, 0.004919719916363043, -0.0013744710575745989, -0.7356883211927501], [0.004922922373851553, -0.9999851529937085, 0.0023363705722637055, 0.08773978061388131], [-0.0013629563619577888, -0.0023431065051441554, -0.999996326094182, -0.00257975965497262], [0.0, 0.0, 0.0, 1.0]]}, "mean_rme": {"type": "float", "data": 0.0017305808979480699}, "max_rme": {"type": "float", "data": 0.0048105899593469115}, "simu": {"type": "float", "data": 0.002}}, {"type": "dict", "image_number": {"type": "int", "data": 22}, "Hcamera2end": {"type": "ndarray", "data": [[0.9999876130392488, 0.004879992655500661, -0.0009795099529283564, -0.0146732546084348], [0.0009710654496407596, 0.001732502603445818, 0.9999980277313659, 0.023356828235704785], [0.004881680034387761, -0.9999865919633181, 0.001727742350741801, 0.03274327037412873], [0.0, 0.0, 0.0, 1.0]]}, "Hobj2base": {"type": "ndarray", "data": [[0.9999884947671455, 0.00463684008458524, -0.0012288398466595905, -0.7357175627531813], [0.004639646943332452, -0.9999866118765792, 0.0022912319483730714, 0.08890178465143192], [-0.0012181993186587603, -0.0022969069702543808, -0.9999966200986834, -0.000996703786740736], [0.0, 0.0, 0.0, 1.0]]}, "mean_rme": {"type": "float", "data": 0.0017550676456012538}, "max_rme": {"type": "float", "data": 0.005022480202860474}, "simu": {"type": "float", "data": 0.002}}, {"type": "dict", "image_number": {"type": "int", "data": 23}, "Hcamera2end": {"type": "ndarray", "data": [[0.9999873355027088, 0.004926694105419004, -0.0010278712879111449, -0.014709471623898067], [0.001018967331056647, 0.0018094578347680468, 0.9999978437816366, 0.023367090777301282], [0.004928543372145746, -0.9999862266789157, 0.0018044147785506448, 0.03274880309012358], [0.0, 0.0, 0.0, 1.0]]}, "Hobj2base": {"type": "ndarray", "data": [[0.9999883160664217, 0.004646997576326255, -0.0013315945959142283, -0.7357946021356421], [0.004650079358918397, -0.9999864955088857, 0.0023206813250341335, 0.0888886739802081], [-0.001320792412913981, -0.0023268462308925837, -0.9999964206406038, -0.0009907598362173785], [0.0, 0.0, 0.0, 1.0]]}, "mean_rme": {"type": "float", "data": 0.0017146129154617818}, "max_rme": {"type": "float", "data": 0.005036221885132919}, "simu": {"type": "float", "data": 0.002}}, {"type": "dict", "image_number": {"type": "int", "data": 24}, "Hcamera2end": {"type": "ndarray", "data": [[0.9999856484833395, 0.005262755396268623, -0.0010031116557902109, -0.014799680756563908], [0.0009937355426536047, 0.0017839102578564026, 0.9999979150747579, 0.022679689998713594], [0.005264533884989594, -0.9999845604157248, 0.0017786548689491255, 0.03273276878480941], [0.0, 0.0, 0.0, 1.0]]}, "Hobj2base": {"type": "ndarray", "data": [[0.9999865549176177, 0.004960657124123305, -0.0015105842880436496, -0.7358250680941657], [0.0049639724111377155, -0.9999852617508187, 0.002198922247167434, 0.08910602094286574], [-0.001499653925365198, -0.0022063911812072153, -0.9999964414316986, -0.00032745422416143727], [0.0, 0.0, 0.0, 1.0]]}, "mean_rme": {"type": "float", "data": 0.0016433809096284174}, "max_rme": {"type": "float", "data": 0.005016691235493531}, "simu": {"type": "float", "data": 0.002}}, {"type": "dict", "image_number": {"type": "int", "data": 25}, "Hcamera2end": {"type": "ndarray", "data": [[0.9999848035139337, 0.005416794493886829, -0.0010252212495322033, -0.014838245222158668], [0.0010155015889319, 0.0017968023478872608, 0.9999978701266544, 0.022700717131120096], [0.005418625076748881, -0.9999837147867626, 0.001791274279389965, 0.03261157655055894], [0.0, 0.0, 0.0, 1.0]]}, "Hobj2base": {"type": "ndarray", "data": [[0.9999858181712572, 0.005097367536952454, -0.0015428222692392352, -0.7359060354479516], [0.0051007210413090845, -0.9999846203564624, 0.0021775434326041067, 0.08897645078047192], [-0.001531698801979032, -0.0021853820570677746, -0.9999964389956821, -0.0004467391265466403], [0.0, 0.0, 0.0, 1.0]]}, "mean_rme": {"type": "float", "data": 0.0016840921543056439}, "max_rme": {"type": "float", "data": 0.005174512013809585}, "simu": {"type": "float", "data": 0.002}}, {"type": "dict", "image_number": {"type": "int", "data": 26}, "Hcamera2end": {"type": "ndarray", "data": [[0.9999848831950188, 0.005396273170966576, -0.0010552806777874555, -0.014816371469172269], [0.001045664191681086, 0.0017845716103321863, 0.9999978609429953, 0.022713417535776444], [0.005398144851969161, -0.9999838476395667, 0.001778901943687794, 0.0326100826674909], [0.0, 0.0, 0.0, 1.0]]}, "Hobj2base": {"type": "ndarray", "data": [[0.9999859859757209, 0.00506082377511804, -0.0015543213575471622, -0.7359077558695089], [0.0050641589368959055, -0.9999848671848517, 0.0021493477047301937, 0.08900444368107625], [-0.0015434203663242838, -0.002157188914112906, -0.9999964821885929, -0.0004109550566149363], [0.0, 0.0, 0.0, 1.0]]}, "mean_rme": {"type": "float", "data": 0.0016462769696638578}, "max_rme": {"type": "float", "data": 0.005193452811554755}, "simu": {"type": "float", "data": 0.002}}, {"type": "dict", "image_number": {"type": "int", "data": 27}, "Hcamera2end": {"type": "ndarray", "data": [[0.9999843865470146, 0.005502670645786268, -0.0009732820531030816, -0.014604377607111679], [0.0009630900881942447, 0.0018545316713433069, 0.9999978165824972, 0.022748199929966476], [0.005504463613551498, -0.9999831405219008, 0.0018492031481426308, 0.032672126203757625], [0.0, 0.0, 0.0, 1.0]]}, "Hobj2base": {"type": "ndarray", "data": [[0.9999854611734236, 0.005127984244222466, -0.0016676988236379807, -0.7361328399478871], [0.0051316499349904785, -0.999984410205857, 0.0022012528678781126, 0.08921939805367025], [-0.0016563848345325996, -0.002209778910804321, -0.9999961866259512, -0.0002750127913332483], [0.0, 0.0, 0.0, 1.0]]}, "mean_rme": {"type": "float", "data": 0.001696357676861501}, "max_rme": {"type": "float", "data": 0.005530607992133951}, "simu": {"type": "float", "data": 0.002}}, {"type": "dict", "image_number": {"type": "int", "data": 28}, "Hcamera2end": {"type": "ndarray", "data": [[0.9999838521412246, 0.005587259121959847, -0.0010382640807847414, -0.01483402279125167], [0.0010282579413139364, 0.0017934598594118167, 0.9999978630913864, 0.02275335753717419], [0.00558910926745006, -0.9999827828704038, 0.0017876857553128511, 0.03270466971613099], [0.0, 0.0, 0.0, 1.0]]}, "Hobj2base": {"type": "ndarray", "data": [[0.999984968765446, 0.00521828177036952, -0.0016827889157777695, -0.7362494194220549], [0.005221829247166108, -0.9999841387317581, 0.0021106359745966656, 0.0889629705398273], [-0.001671748331381258, -0.002119391485509489, -0.999996356711987, -0.00020496794615459151], [0.0, 0.0, 0.0, 1.0]]}, "mean_rme": {"type": "float", "data": 0.0016796515873592733}, "max_rme": {"type": "float", "data": 0.0055588435648917245}, "simu": {"type": "float", "data": 0.002}}, {"type": "dict", "image_number": {"type": "int", "data": 29}, "Hcamera2end": {"type": "ndarray", "data": [[0.9999837750201294, 0.005596284606364658, -0.0010636235687123755, -0.014760540982727183], [0.0010547251561882445, 0.0015927682870419124, 0.9999981753203495, 0.022701846087181555], [0.005597968500827615, -0.9999830722006189, 0.0015868399022529456, 0.03255513908579087], [0.0, 0.0, 0.0, 1.0]]}, "Hobj2base": {"type": "ndarray", "data": [[0.9999847681064195, 0.005301610668315103, -0.0015350828876800357, -0.7360102941868214], [0.005304692809476045, -0.9999839084509949, 0.002010739483345767, 0.08897764653400203], [-0.001524398027922413, -0.0020188519991321645, -0.99999680021851, -0.00011040258419823946], [0.0, 0.0, 0.0, 1.0]]}, "mean_rme": {"type": "float", "data": 0.0016848411531037912}, "max_rme": {"type": "float", "data": 0.005512863255193068}, "simu": {"type": "float", "data": 0.002}}, {"type": "dict", "image_number": {"type": "int", "data": 30}, "Hcamera2end": {"type": "ndarray", "data": [[0.9999844390613216, 0.00546251212460863, -0.001132517771366373, -0.014477633314085234], [0.0011239452653008107, 0.0015721485990984885, 0.9999981325461677, 0.02266960242029994], [0.005464282409847136, -0.9999838445245356, 0.0015659845703513975, 0.032542432813826544], [0.0, 0.0, 0.0, 1.0]]}, "Hobj2base": {"type": "ndarray", "data": [[0.9999854484854025, 0.005184624772267401, -0.0014907995905787536, -0.7358844996767464], [0.005187524473757849, -0.9999846476731491, 0.0019478213066319039, 0.08924444616570618], [-0.0014806779807378552, -0.0019555265222433223, -0.9999969917498446, -0.00013014453870981434], [0.0, 0.0, 0.0, 1.0]]}, "mean_rme": {"type": "float", "data": 0.001701771335578376}, "max_rme": {"type": "float", "data": 0.005444551271509945}, "simu": {"type": "float", "data": 0.002}}]}