{"type": "list", "data": [{"type": "dict", "image_number": {"type": "int", "data": 5}, "Hcamera2end": {"type": "ndarray", "data": [[0.999999303463309, -0.0006780832726319742, -0.0009660620954186178, -0.01600305903374731], [0.0009660918234073146, 4.351503016564173e-05, 0.9999995323864059, 0.04402711759087626], [-0.0006780409173297941, -0.999999769154732, 4.41700905611242e-05, 0.031135050790384203], [0.0, 0.0, 0.0, 1.0]]}, "Hobj2base": {"type": "ndarray", "data": [[0.9999990128257964, -0.0009820582825846068, 0.0010049422681564512, -0.7348966003897751], [-0.00098368094195596, -0.9999982113274284, 0.0016154608469145654, 0.09225075007224878], [0.0010033539939388765, -0.0016164477947302417, -0.999998190187007, -0.00894932379571769], [0.0, 0.0, 0.0, 1.0]]}, "mean_rme": {"type": "float", "data": 0.0017085178008855125}, "max_rme": {"type": "float", "data": 0.006833710458753306}, "simu": {"type": "float", "data": 0.002}}, {"type": "dict", "image_number": {"type": "int", "data": 6}, "Hcamera2end": {"type": "ndarray", "data": [[0.9999997036116425, -0.0006693729274710845, 0.0003804162340890969, -0.0156776677066343], [-0.0003795706362471537, 0.0012629425495322977, 0.9999991304507462, 0.04419452995365115], [-0.0006698527892669189, -0.9999989784574784, 0.001262688100902909, 0.03167281725599205], [0.0, 0.0, 0.0, 1.0]]}, "Hobj2base": {"type": "ndarray", "data": [[0.9999996252243951, -0.0008335353126644165, -0.0002340298098517294, -0.736113475195537], [-0.000832905367193293, -0.9999960644759822, 0.0026790485617669306, 0.09296257082250607], [-0.0002362619704023674, -0.0026788526330401765, -0.9999963839578878, -0.00818066648562162], [0.0, 0.0, 0.0, 1.0]]}, "mean_rme": {"type": "float", "data": 0.0016697115265933641}, "max_rme": {"type": "float", "data": 0.006918026129336674}, "simu": {"type": "float", "data": 0.002}}, {"type": "dict", "image_number": {"type": "int", "data": 7}, "Hcamera2end": {"type": "ndarray", "data": [[0.9999992779752521, -0.0007746183510435635, 0.0009187030992961554, -0.01567794708465267], [-0.0009181073884013805, 0.0007690431291493827, 0.9999992828254869, 0.044204803335437276], [-0.0007753243178132668, -0.9999994042693601, 0.0007683313910499256, 0.03161419238723099], [0.0, 0.0, 0.0, 1.0]]}, "Hobj2base": {"type": "ndarray", "data": [[0.9999995026669048, -0.0009225363373744878, 0.00037893620740665296, -0.7358146531280889], [-0.000923409149255725, -0.9999969064324148, 0.002309640912401647, 0.09275233449012991], [0.0003768043074739074, -0.0023099896769016863, -0.9999972609793526, -0.008427924517369225], [0.0, 0.0, 0.0, 1.0]]}, "mean_rme": {"type": "float", "data": 0.0016043468179324448}, "max_rme": {"type": "float", "data": 0.00693158935552185}, "simu": {"type": "float", "data": 0.002}}, {"type": "dict", "image_number": {"type": "int", "data": 8}, "Hcamera2end": {"type": "ndarray", "data": [[0.999999676877193, -0.0006349434651032938, 0.0004930439185571486, -0.015712132279272296], [-0.0004927902503562961, 0.0003996075469091531, 0.9999997987357687, 0.04393122221311487], [-0.0006351403613826985, -0.9999997185802629, 0.00039929452383768993, 0.03310165262263106], [0.0, 0.0, 0.0, 1.0]]}, "Hobj2base": {"type": "ndarray", "data": [[0.9999994604383146, -0.000739598419185297, 0.0007294636783876091, -0.7372394246355268], [-0.000740979888220446, -0.9999979292658927, 0.0018953661209288421, 0.09235169340693447], [0.0007280603580754737, -0.0018959056161767759, -0.9999979377328785, -0.008660843896165941], [0.0, 0.0, 0.0, 1.0]]}, "mean_rme": {"type": "float", "data": 0.0015868013306227437}, "max_rme": {"type": "float", "data": 0.007033066388940856}, "simu": {"type": "float", "data": 0.002}}, {"type": "dict", "image_number": {"type": "int", "data": 9}, "Hcamera2end": {"type": "ndarray", "data": [[0.999999729551511, -0.0006688420954063812, 0.000305854796279883, -0.015546284748468489], [-0.0003050075681410838, 0.0012664440968513935, 0.9999991515445065, 0.04409896267049256], [-0.0006692288759248733, -0.9999989743842744, 0.001266239752442555, 0.03280129176935768], [0.0, 0.0, 0.0, 1.0]]}, "Hobj2base": {"type": "ndarray", "data": [[0.9999997390399404, -0.0007091521274623834, -0.00013792502033694806, -0.7373596198380159], [-0.0007089195684275583, -0.9999983393133802, 0.0016789292798578125, 0.09243515396928498], [-0.00013911540755738236, -0.0016788310639784347, -0.9999985810855743, -0.008524966685035877], [0.0, 0.0, 0.0, 1.0]]}, "mean_rme": {"type": "float", "data": 0.0014741776143120352}, "max_rme": {"type": "float", "data": 0.007088539637346514}, "simu": {"type": "float", "data": 0.002}}, {"type": "dict", "image_number": {"type": "int", "data": 10}, "Hcamera2end": {"type": "ndarray", "data": [[0.9999997143431699, -0.0006436251917905028, 0.000396308202099856, -0.015062720789576996], [-0.0003955750637610028, 0.0011388046310802924, 0.9999992733219266, 0.04407647472704377], [-0.0006440760416980749, -0.9999991444349464, 0.0011385497036967562, 0.032585338147576304], [0.0, 0.0, 0.0, 1.0]]}, "Hobj2base": {"type": "ndarray", "data": [[0.9999997505095177, -0.0007062385748313462, -1.442143410448496e-05, -0.7368217320486602], [-0.0007062147163741498, -0.9999984829215567, 0.001592298766003794, 0.09238086143075877], [-1.5545955037246383e-05, -0.0015922881841114113, -0.9999987321875279, -0.008346606128876093], [0.0, 0.0, 0.0, 1.0]]}, "mean_rme": {"type": "float", "data": 0.001604862498392456}, "max_rme": {"type": "float", "data": 0.006783772441612712}, "simu": {"type": "float", "data": 0.002}}, {"type": "dict", "image_number": {"type": "int", "data": 11}, "Hcamera2end": {"type": "ndarray", "data": [[0.9999994381851954, -0.001056371528461113, 8.779799111956102e-05, -0.014941723355370688], [-8.681441532098176e-05, 0.0009310987250523706, 0.9999995627591151, 0.0440632223675539], [-0.0010564528151698845, -0.9999990085666876, 0.0009310064936707274, 0.03256075892870368], [0.0, 0.0, 0.0, 1.0]]}, "Hobj2base": {"type": "ndarray", "data": [[0.9999993433862048, -0.0011295134620831842, -0.0001934592933690309, -0.7367317516697921], [-0.0011292763944764387, -0.9999986167383252, 0.0012211700374151417, 0.09226323913701143], [-0.00019483835376095786, -0.0012209507665647552, -0.9999992356583283, -0.008420221672786736], [0.0, 0.0, 0.0, 1.0]]}, "mean_rme": {"type": "float", "data": 0.0015413448811153337}, "max_rme": {"type": "float", "data": 0.006925173962825326}, "simu": {"type": "float", "data": 0.002}}, {"type": "dict", "image_number": {"type": "int", "data": 12}, "Hcamera2end": {"type": "ndarray", "data": [[0.9999994360273521, -0.001040769221726687, -0.00021152873314246747, -0.013653511359628211], [0.00021214734070689053, 0.0005943008513205061, 0.999999800899982, 0.04411803962750501], [-0.0010406433028033312, -0.9999992818027046, 0.0005945213125737592, 0.03247688588171776], [0.0, 0.0, 0.0, 1.0]]}, "Hobj2base": {"type": "ndarray", "data": [[0.9999993606731973, -0.0011307586995206592, 6.161176816382465e-06, -0.7360775093904754], [-0.0011307633514204495, -0.9999990276305044, 0.000816157024579911, 0.0932156334535943], [5.2382941697234405e-06, -0.0008161634696217955, -0.9999996669248201, -0.008470579786355723], [0.0, 0.0, 0.0, 1.0]]}, "mean_rme": {"type": "float", "data": 0.0015804491113405484}, "max_rme": {"type": "float", "data": 0.006625480388639998}, "simu": {"type": "float", "data": 0.002}}, {"type": "dict", "image_number": {"type": "int", "data": 13}, "Hcamera2end": {"type": "ndarray", "data": [[0.9999993384825403, -0.001092222506548832, -0.0003606722585350166, -0.013688321447102792], [0.0003610090207941119, 0.00030814606886919726, 0.999999887359237, 0.04424727490735843], [-0.0010921112437814382, -0.9999993560477906, 0.00030854016720271993, 0.032314536967028025], [0.0, 0.0, 0.0, 1.0]]}, "Hobj2base": {"type": "ndarray", "data": [[0.9999992860313319, -0.0011751677926012541, 0.00021660444527722068, -0.7358258265851376], [-0.0011752919438014087, -0.9999991446423182, 0.0005739368237332761, 0.09300426284282398], [0.0002159297879327054, -0.0005741909874198923, -0.9999998118395002, -0.008553261393273238], [0.0, 0.0, 0.0, 1.0]]}, "mean_rme": {"type": "float", "data": 0.0015460785496663367}, "max_rme": {"type": "float", "data": 0.006674421688274035}, "simu": {"type": "float", "data": 0.002}}, {"type": "dict", "image_number": {"type": "int", "data": 14}, "Hcamera2end": {"type": "ndarray", "data": [[0.9999996893677285, -0.0007343145795076774, -0.0002864376804266707, -0.01409863952147558], [0.0002867003477169909, 0.0003576237329031562, 0.9999998949540829, 0.04408091086739465], [-0.0007342120654584104, -0.9999996664436266, 0.00035783415005896657, 0.032302739659509354], [0.0, 0.0, 0.0, 1.0]]}, "Hobj2base": {"type": "ndarray", "data": [[0.9999996093865404, -0.0008597130599154767, 0.0002052321153572266, -0.7356203514228932], [-0.0008598299670638599, -0.999999467766763, 0.0005702268131192882, 0.0926266711256931], [0.00020474177468752088, -0.000570403055104008, -0.9999998163605632, -0.008596131122003704], [0.0, 0.0, 0.0, 1.0]]}, "mean_rme": {"type": "float", "data": 0.0016137361049856152}, "max_rme": {"type": "float", "data": 0.00685851977596405}, "simu": {"type": "float", "data": 0.002}}, {"type": "dict", "image_number": {"type": "int", "data": 15}, "Hcamera2end": {"type": "ndarray", "data": [[0.9999995525481503, -0.0009037634488169104, -0.0002794908364874643, -0.014055130170629874], [0.000279706199261823, 0.0002381778995632633, 0.999999932517863, 0.04410409443117307], [-0.0009036968192886396, -0.9999995632413632, 0.00023843058122940963, 0.032240228441072674], [0.0, 0.0, 0.0, 1.0]]}, "Hobj2base": {"type": "ndarray", "data": [[0.9999994879371982, -0.0010053874307237285, 0.00011541861009281942, -0.7356821232669684], [-0.0010054323763595892, -0.9999994184953638, 0.0003900188085514202, 0.09252693994088415], [0.0001150264229684991, -0.0003901346544447181, -0.9999999172819334, -0.008500986426919854], [0.0, 0.0, 0.0, 1.0]]}, "mean_rme": {"type": "float", "data": 0.0016346943380152353}, "max_rme": {"type": "float", "data": 0.006657390032298038}, "simu": {"type": "float", "data": 0.002}}, {"type": "dict", "image_number": {"type": "int", "data": 16}, "Hcamera2end": {"type": "ndarray", "data": [[0.9999995093245627, -0.0009101459798159297, -0.00039113287928639373, -0.014103614295500187], [0.0003912944576326976, 0.00017735884849012784, 0.9999999077162389, 0.044263080972090876], [-0.0009100765249471588, -0.9999995700889748, 0.00017771489654194728, 0.03244839572353577], [0.0, 0.0, 0.0, 1.0]]}, "Hobj2base": {"type": "ndarray", "data": [[0.9999994830332248, -0.0010130519815362905, 8.751551723286627e-05, -0.7358948639919884], [-0.0010130757052067877, -0.9999994499928713, 0.000271461914183602, 0.09256369728589854], [8.724046406863257e-05, -0.00027155043369114887, -0.9999999593247311, -0.00856774296713771], [0.0, 0.0, 0.0, 1.0]]}, "mean_rme": {"type": "float", "data": 0.0016279586276267456}, "max_rme": {"type": "float", "data": 0.006685113728346431}, "simu": {"type": "float", "data": 0.002}}, {"type": "dict", "image_number": {"type": "int", "data": 17}, "Hcamera2end": {"type": "ndarray", "data": [[0.9999994392701859, -0.0009240935964661359, -0.0005172140164286746, -0.014289331214058378], [0.0005172808242699165, 7.205799003606739e-05, 0.9999998636140883, 0.044330133947360184], [-0.0009240562010303457, -0.9999995704292435, 7.253596552836417e-05, 0.032472220234576736], [0.0, 0.0, 0.0, 1.0]]}, "Hobj2base": {"type": "ndarray", "data": [[0.99999945903372, -0.0010304302114306808, 0.00014193606549833002, -0.7359478393515221], [-0.0010304467053561302, -0.9999994623404442, 0.0001161826567488503, 0.09232307635354153], [0.00014181627106548978, -0.00011632885144901465, -0.9999999831778714, -0.008675176135693982], [0.0, 0.0, 0.0, 1.0]]}, "mean_rme": {"type": "float", "data": 0.0015718160410156132}, "max_rme": {"type": "float", "data": 0.006784757342217729}, "simu": {"type": "float", "data": 0.002}}, {"type": "dict", "image_number": {"type": "int", "data": 18}, "Hcamera2end": {"type": "ndarray", "data": [[0.9999989286052466, -0.0013504354009953264, -0.0005649005102747689, -0.014501219035971832], [0.0005650411997371876, 0.0001038015604550857, 0.9999998349768259, 0.04427157886107842], [-0.0013503765405877216, -0.9999990827743114, 0.00010456450088180969, 0.032490087479598154], [0.0, 0.0, 0.0, 1.0]]}, "Hobj2base": {"type": "ndarray", "data": [[0.9999989599909946, -0.001440447373153623, 7.161210916338474e-05, -0.7357819858350765], [-0.001440451780848416, -0.9999989606554449, 6.15361445820673e-05, 0.09221159757535109], [7.152339515591178e-05, -6.163923437409749e-05, -0.9999999955425043, -0.008726232395372933], [0.0, 0.0, 0.0, 1.0]]}, "mean_rme": {"type": "float", "data": 0.0015835105650721438}, "max_rme": {"type": "float", "data": 0.0067391032708865595}, "simu": {"type": "float", "data": 0.002}}, {"type": "dict", "image_number": {"type": "int", "data": 19}, "Hcamera2end": {"type": "ndarray", "data": [[0.9999987069801829, -0.0015190956311414356, -0.0005276233749036899, -0.014620451538457969], [0.0005278158370436868, 0.0001262970960896892, 0.999999852729732, 0.044253442020894346], [-0.0015190287701237356, -0.9999988381980787, 0.00012709873551708384, 0.03247536355080834], [0.0, 0.0, 0.0, 1.0]]}, "Hobj2base": {"type": "ndarray", "data": [[0.9999987175095745, -0.001601200568015232, 3.3703816104267856e-05, -0.7356804666692954], [-0.0016012030573030243, -0.9999987153384602, 7.396079369366258e-05, 0.0921754100406417], [3.35853467413984e-05, -7.401466549304174e-05, -0.9999999966969271, -0.008687028843607648], [0.0, 0.0, 0.0, 1.0]]}, "mean_rme": {"type": "float", "data": 0.00154308251298234}, "max_rme": {"type": "float", "data": 0.006793817301719046}, "simu": {"type": "float", "data": 0.002}}, {"type": "dict", "image_number": {"type": "int", "data": 20}, "Hcamera2end": {"type": "ndarray", "data": [[0.999998733012368, -0.0014949326526507115, -0.0005469460877483252, -0.014640938003957386], [0.0005471813296722375, 0.0001569550764453087, 0.999999837978835, 0.04430002738661358], [-0.0014948465644749678, -0.9999988702700958, 0.00015777287682183783, 0.03246257279589062], [0.0, 0.0, 0.0, 1.0]]}, "Hobj2base": {"type": "ndarray", "data": [[0.9999987788142554, -0.0015613386555924983, 6.776134999374281e-05, -0.7356851706591017], [-0.0015613453768654666, -0.9999987761741704, 9.925107495477377e-05, 0.09219198468974057], [6.760630252571645e-05, -9.93567526213188e-05, -0.9999999927788119, -0.008732433110954044], [0.0, 0.0, 0.0, 1.0]]}, "mean_rme": {"type": "float", "data": 0.0014857839069042666}, "max_rme": {"type": "float", "data": 0.006823831412986453}, "simu": {"type": "float", "data": 0.002}}, {"type": "dict", "image_number": {"type": "int", "data": 21}, "Hcamera2end": {"type": "ndarray", "data": [[0.9999986664905413, -0.0015421638516829577, -0.0005373525787662653, -0.014304201630091811], [0.0005375657994892524, 0.0001378495679756897, 0.999999846010242, 0.04422866826358112], [-0.0015420895403846857, -0.9999988013633573, 0.0001386783986958573, 0.03217514486049719], [0.0, 0.0, 0.0, 1.0]]}, "Hobj2base": {"type": "ndarray", "data": [[0.9999986943771024, -0.0016130574334756926, 9.638364440393927e-05, -0.7352752346852995], [-0.001613068305914826, -0.9999986926388544, 0.00011283272073379757, 0.09242032330437151], [9.620151273678854e-05, -0.00011298804681881035, -0.9999999889894853, -0.008716546259847913], [0.0, 0.0, 0.0, 1.0]]}, "mean_rme": {"type": "float", "data": 0.0015092829593338281}, "max_rme": {"type": "float", "data": 0.0069282063127927285}, "simu": {"type": "float", "data": 0.002}}, {"type": "dict", "image_number": {"type": "int", "data": 22}, "Hcamera2end": {"type": "ndarray", "data": [[0.9999984958354927, -0.0016456452266200414, -0.0005478855173266772, -0.014021100428872777], [0.0005480513937981158, 0.00010034796648883404, 0.9999998447849655, 0.04421968732969072], [-0.0016455899919936286, -0.999998640890113, 0.0001012497137091728, 0.031949604439050525], [0.0, 0.0, 0.0, 1.0]]}, "Hobj2base": {"type": "ndarray", "data": [[0.9999985286978963, -0.0017105612959783562, 0.00012877148472443964, -0.7349368458079482], [-0.0017105737401442215, -0.999998532302891, 9.658955954444396e-05, 0.09261442881603393], [0.00012860607336475147, -9.680969055227083e-05, -0.9999999870441807, -0.008617364081211089], [0.0, 0.0, 0.0, 1.0]]}, "mean_rme": {"type": "float", "data": 0.0015353223863686296}, "max_rme": {"type": "float", "data": 0.007026783413026733}, "simu": {"type": "float", "data": 0.002}}, {"type": "dict", "image_number": {"type": "int", "data": 23}, "Hcamera2end": {"type": "ndarray", "data": [[0.9999954389883491, -0.0029662928689681957, -0.0005684268771135445, -0.013887311986121125], [0.0005686195481983331, 6.411054983213038e-05, 0.9999998362808099, 0.04284657652337258], [-0.0029662559411694988, -0.9999955984885397, 6.579694953412485e-05, 0.03206851009960832], [0.0, 0.0, 0.0, 1.0]]}, "Hobj2base": {"type": "ndarray", "data": [[0.9999954445531472, -0.0030183359605542976, 2.2825047233475305e-05, -0.7347719415381814], [-0.003018340926043124, -0.9999954204368566, 0.00022073370639825427, 0.09284944948910039], [2.2158694221001957e-05, -0.0002208015946317898, -0.9999999753778239, -0.007217620575736035], [0.0, 0.0, 0.0, 1.0]]}, "mean_rme": {"type": "float", "data": 0.0014917437488010574}, "max_rme": {"type": "float", "data": 0.0063396380602440405}, "simu": {"type": "float", "data": 0.002}}, {"type": "dict", "image_number": {"type": "int", "data": 24}, "Hcamera2end": {"type": "ndarray", "data": [[0.9999958451789563, -0.002834064522202583, -0.0005269754345995632, -0.013726996838333656], [0.0005269884352057401, 3.840506210051053e-06, 0.99999986113421, 0.042801757796958], [-0.0028340621047955455, -0.9999959840237032, 5.334009481217095e-06, 0.032268199951789485], [0.0, 0.0, 0.0, 1.0]]}, "Hobj2base": {"type": "ndarray", "data": [[0.9999957977922769, -0.0028990317197569197, 3.588248391789918e-06, -0.7350581939770563], [-0.0028990326620145753, -0.999995753211063, 0.00029861256277577793, 0.09283977762803597], [2.7225458618514612e-06, -0.0002986217103930476, -0.9999999554088297, -0.007165791313386055], [0.0, 0.0, 0.0, 1.0]]}, "mean_rme": {"type": "float", "data": 0.0015028563723606756}, "max_rme": {"type": "float", "data": 0.006193939868329473}, "simu": {"type": "float", "data": 0.002}}, {"type": "dict", "image_number": {"type": "int", "data": 25}, "Hcamera2end": {"type": "ndarray", "data": [[0.9999966588484861, -0.0025444427245815008, -0.0004561831714814874, -0.013696163653204533], [0.00045617617896059936, -3.328511544165025e-06, 0.999999895946102, 0.042856889768020434], [-0.002544443978233269, -0.9999967628948317, -2.1677862633850964e-06, 0.03189024334938362], [0.0, 0.0, 0.0, 1.0]]}, "Hobj2base": {"type": "ndarray", "data": [[0.9999966005118016, -0.0026070533639786287, 4.7303250544539824e-05, -0.7347733752823519], [-0.002607069340902267, -0.9999965434833018, 0.0003408972001345679, 0.09255890750186975], [4.641434984768271e-05, -0.00034101936411277885, -0.9999999407757492, -0.007159464287462383], [0.0, 0.0, 0.0, 1.0]]}, "mean_rme": {"type": "float", "data": 0.0015528522290357445}, "max_rme": {"type": "float", "data": 0.007012118857520927}, "simu": {"type": "float", "data": 0.002}}, {"type": "dict", "image_number": {"type": "int", "data": 26}, "Hcamera2end": {"type": "ndarray", "data": [[0.9999967779712782, -0.0025081580534024126, -0.00039139524938763826, -0.013840196577778673], [0.0003914693703697815, 2.9061092098547903e-05, 0.9999999229535893, 0.04287249757175559], [-0.0025081464857844484, -0.9999968541443677, 3.0042865516888284e-05, 0.03159089650904138], [0.0, 0.0, 0.0, 1.0]]}, "Hobj2base": {"type": "ndarray", "data": [[0.9999967181786449, -0.002560492991287516, 8.664630127403648e-05, -0.734647558397419], [-0.0025605259516510424, -0.9999966487127296, 0.00038245282092133615, 0.09225340642423435], [8.56667431299228e-05, -0.00038267342588252785, -0.9999999231111261, -0.007182601529553438], [0.0, 0.0, 0.0, 1.0]]}, "mean_rme": {"type": "float", "data": 0.001605398242632617}, "max_rme": {"type": "float", "data": 0.006665832719880277}, "simu": {"type": "float", "data": 0.002}}, {"type": "dict", "image_number": {"type": "int", "data": 27}, "Hcamera2end": {"type": "ndarray", "data": [[0.9999983561562336, -0.0017817050085508737, -0.00033647004805877653, -0.01387736219645895], [0.0003364958433665345, 1.4178129387643068e-05, 0.9999999432847626, 0.04268375718956583], [-0.0017817001369851745, -0.999998412661862, 1.4777642410424008e-05, 0.03164538104197323], [0.0, 0.0, 0.0, 1.0]]}, "Hobj2base": {"type": "ndarray", "data": [[0.999998336258239, -0.0018238624005933253, 3.172850063047923e-05, -0.734704991687348], [-0.0018238736776670628, -0.9999982722637417, 0.0003591021291891969, 0.09208459519466689], [3.107349294059709e-05, -0.0003591594005131199, -0.9999999350194795, -0.007007074764473994], [0.0, 0.0, 0.0, 1.0]]}, "mean_rme": {"type": "float", "data": 0.0015794775510838714}, "max_rme": {"type": "float", "data": 0.006624961237777421}, "simu": {"type": "float", "data": 0.002}}, {"type": "dict", "image_number": {"type": "int", "data": 28}, "Hcamera2end": {"type": "ndarray", "data": [[0.9999980044804568, -0.0019789513450721146, -0.00027347153072082217, -0.013894341916189264], [0.0002735810267806778, 5.505985408527092e-05, 0.999999961060916, 0.042710189989330447], [-0.001978936210710985, -0.9999980403580728, 5.5601147753159275e-05, 0.03168954438743478], [0.0, 0.0, 0.0, 1.0]]}, "Hobj2base": {"type": "ndarray", "data": [[0.9999979685273378, -0.002015088830093414, 4.856134712731575e-05, -0.7346195404491975], [-0.0020151051985148084, -0.9999979120741891, 0.00033940875257119376, 0.09211911742814864], [4.787730694868352e-05, -0.0003395059192946347, -0.9999999412217455, -0.006979706332058676], [0.0, 0.0, 0.0, 1.0]]}, "mean_rme": {"type": "float", "data": 0.0015853625844998674}, "max_rme": {"type": "float", "data": 0.006653471947322992}, "simu": {"type": "float", "data": 0.002}}, {"type": "dict", "image_number": {"type": "int", "data": 29}, "Hcamera2end": {"type": "ndarray", "data": [[0.9999984647944193, -0.0017245215280710423, -0.0003105387315318419, -0.01402272709435251], [0.0003106663668243386, 7.374462057319064e-05, 0.9999999490240685, 0.04273768780662711], [-0.0017244985396010206, -0.9999985102925055, 7.428025819766759e-05, 0.03177312112525819], [0.0, 0.0, 0.0, 1.0]]}, "Hobj2base": {"type": "ndarray", "data": [[0.9999984363195442, -0.0017682012802384534, 2.8682730811156468e-05, -0.734652108866671], [-0.0017682097019355197, -0.9999983928200529, 0.0002962967441600143, 0.09189718671875367], [2.8158772430492466e-05, -0.0002963469979294846, -0.999999955692769, -0.006912152849441265], [0.0, 0.0, 0.0, 1.0]]}, "mean_rme": {"type": "float", "data": 0.0016081611814302008}, "max_rme": {"type": "float", "data": 0.006638210888798818}, "simu": {"type": "float", "data": 0.002}}, {"type": "dict", "image_number": {"type": "int", "data": 30}, "Hcamera2end": {"type": "ndarray", "data": [[0.9999981096234839, -0.001921963789797526, -0.00029462628773822114, -0.014001350184886616], [0.0002947854418359836, 8.252530441932304e-05, 0.9999999531455579, 0.04278948103848025], [-0.0019219393856208988, -0.9999981496206707, 8.309171536047266e-05, 0.03148963633256371], [0.0, 0.0, 0.0, 1.0]]}, "Hobj2base": {"type": "ndarray", "data": [[0.9999980779940553, -0.001960606728699424, 5.426863286873336e-06, -0.7344231045885498], [-0.00196060829163797, -0.9999980315618, 0.0003047747559299409, 0.09213536815028851], [4.829309167214371e-06, -0.00030478481010420594, -0.9999999535414477, -0.006928304801661639], [0.0, 0.0, 0.0, 1.0]]}, "mean_rme": {"type": "float", "data": 0.0016370389271796405}, "max_rme": {"type": "float", "data": 0.006685290797930649}, "simu": {"type": "float", "data": 0.002}}]}