{"type": "list", "data": [{"type": "dict", "image_number": {"type": "int", "data": 5}, "Hcamera2end": {"type": "ndarray", "data": [[0.9999994729043175, 0.0006729262991709083, 0.0007754748759508684, -0.015322383611950565], [-0.000776062016326273, 0.0008726960754816826, 0.9999993180644209, 0.030917009020854244], [0.0006722490863976455, -0.9999993927856936, 0.0008732178480279629, 0.03282476178583189], [0.0, 0.0, 0.0, 1.0]]}, "Hobj2base": {"type": "ndarray", "data": [[0.9999997322581847, 0.00011601094639288002, -0.0007225129889421062, -0.7355112609379095], [0.00011665564399713864, -0.9999995950774712, 0.0008923207692841109, 0.09406322688664798], [-0.0007224091774033887, -0.0008924048155905496, -0.9999993408690959, 0.003884620831250363], [0.0, 0.0, 0.0, 1.0]]}, "mean_rme": {"type": "float", "data": 0.0011625787091351562}, "max_rme": {"type": "float", "data": 0.004510918217807358}, "simu": {"type": "float", "data": 0.002}}, {"type": "dict", "image_number": {"type": "int", "data": 6}, "Hcamera2end": {"type": "ndarray", "data": [[0.9999979939822865, 0.00037963232737560544, -0.001966700459856228, -0.015617106688354709], [0.0019660346932198116, 0.0017461926203773404, 0.9999965427534827, 0.03122107236069246], [0.0003830652527225581, -0.9999984033440399, 0.0017454427471577105, 0.03221530512652452], [0.0, 0.0, 0.0, 1.0]]}, "Hobj2base": {"type": "ndarray", "data": [[0.9999985618611649, -0.00036834142804290717, -0.001655475821167117, -0.7354082981590652], [-0.0003713861881844319, -0.9999982395692424, -0.0018392745078313621, 0.0926569697885772], [-0.0016547954258177857, 0.0018398866835541185, -0.9999969382298577, 0.0050566628920269046], [0.0, 0.0, 0.0, 1.0]]}, "mean_rme": {"type": "float", "data": 0.0010976532316499033}, "max_rme": {"type": "float", "data": 0.004509683509461404}, "simu": {"type": "float", "data": 0.002}}, {"type": "dict", "image_number": {"type": "int", "data": 7}, "Hcamera2end": {"type": "ndarray", "data": [[0.9999978085613717, 0.0001331187595771991, -0.0020892945819520198, -0.014549130875704499], [0.0020890833184050448, 0.001567881966620277, 0.9999965887326954, 0.031141222884012887], [0.00013639407277152705, -0.999998762012001, 0.0015676004345230865, 0.03140625766450133], [0.0, 0.0, 0.0, 1.0]]}, "Hobj2base": {"type": "ndarray", "data": [[0.9999985545437251, -0.0005648840211722791, -0.001603688405869138, -0.7342342218197491], [-0.0005682987196171572, -0.9999975708716504, -0.0021296214134984264, 0.09298110699739486], [-0.001602481521196535, 0.0021305297092915117, -0.9999964464417526, 0.004878224511882412], [0.0, 0.0, 0.0, 1.0]]}, "mean_rme": {"type": "float", "data": 0.0015295627850732479}, "max_rme": {"type": "float", "data": 0.004171498558409037}, "simu": {"type": "float", "data": 0.002}}, {"type": "dict", "image_number": {"type": "int", "data": 8}, "Hcamera2end": {"type": "ndarray", "data": [[0.9999993316159842, 0.0004297513635740637, -0.0010733505254442507, -0.014930720353351756], [0.0010728094322594427, 0.0012573412773549952, 0.9999986340854845, 0.031062622689366933], [0.00043110034449114976, -0.9999991172029494, 0.0012568793956517776, 0.030766942558148717], [0.0, 0.0, 0.0, 1.0]]}, "Hobj2base": {"type": "ndarray", "data": [[0.9999981552664602, -0.0004319484733576572, -0.0018715993676400456, -0.7336110490454384], [-0.0004339496549799657, -0.9999993345037723, -0.0010689619773849425, 0.09369832657521682], [-0.0018711363856035183, 0.0010697721853347782, -0.9999976772153512, 0.00526155910176971], [0.0, 0.0, 0.0, 1.0]]}, "mean_rme": {"type": "float", "data": 0.0015656779034937997}, "max_rme": {"type": "float", "data": 0.004870812519105094}, "simu": {"type": "float", "data": 0.002}}, {"type": "dict", "image_number": {"type": "int", "data": 9}, "Hcamera2end": {"type": "ndarray", "data": [[0.9999989250745293, 0.0003960416310586887, -0.0014117368071151024, -0.014216602599780581], [0.0014114348208214451, 0.000761757512649619, 0.999998713787792, 0.031218048740450872], [0.0003971165227838118, -0.9999996314381913, 0.0007611977068684439, 0.031482575776090926], [0.0, 0.0, 0.0, 1.0]]}, "Hobj2base": {"type": "ndarray", "data": [[0.9999990115366844, -0.00016826695417464054, -0.0013959268915084634, -0.7342814276718442], [-0.00016991358052610207, -0.9999992898849221, -0.0011795588272121467, 0.0939858586494007], [-0.001395727419468605, 0.0011797948481978063, -0.999998330013149, 0.0051091778783823], [0.0, 0.0, 0.0, 1.0]]}, "mean_rme": {"type": "float", "data": 0.0015573773142946072}, "max_rme": {"type": "float", "data": 0.0048286885634507}, "simu": {"type": "float", "data": 0.002}}, {"type": "dict", "image_number": {"type": "int", "data": 10}, "Hcamera2end": {"type": "ndarray", "data": [[0.9999981135482768, 0.000913115144408037, -0.0017143863685386085, -0.013857470559293362], [0.0017136702466545874, 0.0007844682497848421, 0.9999982239703482, 0.031115338330884566], [0.0009144584043624474, -0.9999992754148865, 0.0007829019916686386, 0.03162095713847574], [0.0, 0.0, 0.0, 1.0]]}, "Hobj2base": {"type": "ndarray", "data": [[0.9999980927819622, 0.00017789164312151818, -0.0019449388168869385, -0.7343062920105135], [0.0001753349292904446, -0.9999991204910308, -0.0013146386680740279, 0.09411901676463959], [-0.0019451709695285794, 0.0013142951450615136, -0.9999972444652891, 0.005021782116423556], [0.0, 0.0, 0.0, 1.0]]}, "mean_rme": {"type": "float", "data": 0.0015414712457879763}, "max_rme": {"type": "float", "data": 0.004719085352039909}, "simu": {"type": "float", "data": 0.002}}, {"type": "dict", "image_number": {"type": "int", "data": 11}, "Hcamera2end": {"type": "ndarray", "data": [[0.9999983047285579, 0.0007206259735284752, -0.0016944728432435544, -0.013880071436945605], [0.0016938611139050521, 0.000848650845869825, 0.9999982053115237, 0.031214351823118575], [0.0007220626960410669, -0.999999380244782, 0.0008474287668620573, 0.03154109966794165], [0.0, 0.0, 0.0, 1.0]]}, "Hobj2base": {"type": "ndarray", "data": [[0.9999983048004127, -4.676400002284299e-06, -0.0018412969429574828, -0.734348320285136], [-6.9252257950193164e-06, -0.999999254161315, -0.001221322584353557, 0.0941677757026965], [-0.001841289858254056, 0.0012213332653651019, -0.9999975589953771, 0.004823851216315799], [0.0, 0.0, 0.0, 1.0]]}, "mean_rme": {"type": "float", "data": 0.0014584397589424204}, "max_rme": {"type": "float", "data": 0.004606196603811674}, "simu": {"type": "float", "data": 0.002}}, {"type": "dict", "image_number": {"type": "int", "data": 12}, "Hcamera2end": {"type": "ndarray", "data": [[0.9999977513908104, 0.0007431548436454729, -0.001986185842603982, -0.013669629019136343], [0.001985403880281964, 0.0010514822575251603, 0.9999974762750624, 0.0310656679647175], [0.000745241407300707, -0.9999991710526265, 0.0010500044306421819, 0.031636378372201415], [0.0, 0.0, 0.0, 1.0]]}, "Hobj2base": {"type": "ndarray", "data": [[0.9999976625284448, -0.00010180541063037641, -0.002159762326046798, -0.7345501905055012], [-0.00010494075693040186, -0.9999989408561192, -0.0014516453003916984, 0.09423605424780883], [-0.0021596122532018492, 0.0014518685543053855, -0.9999966140705765, 0.004707940219229961], [0.0, 0.0, 0.0, 1.0]]}, "mean_rme": {"type": "float", "data": 0.0014557269971368976}, "max_rme": {"type": "float", "data": 0.004633748563906415}, "simu": {"type": "float", "data": 0.002}}, {"type": "dict", "image_number": {"type": "int", "data": 13}, "Hcamera2end": {"type": "ndarray", "data": [[0.9999974695109533, 0.0007678664706107719, -0.0021145573469152153, -0.01356649495364234], [0.002113825200120398, 0.0009530449801372631, 0.9999973117205314, 0.031035130781695976], [0.0007698796746357948, -0.9999992510428943, 0.0009514194329715009, 0.03170642753839787], [0.0, 0.0, 0.0, 1.0]]}, "Hobj2base": {"type": "ndarray", "data": [[0.9999975547891626, -8.401730224813633e-05, -0.002209831846235535, -0.7345393919633618], [-8.761749814415379e-05, -0.9999986691357117, -0.0016291255257821445, 0.09427381671179481], [-0.002209692030517548, 0.0016293151621644397, -0.9999962312895143, 0.004757477158678896], [0.0, 0.0, 0.0, 1.0]]}, "mean_rme": {"type": "float", "data": 0.00138218529258832}, "max_rme": {"type": "float", "data": 0.004655070676686357}, "simu": {"type": "float", "data": 0.002}}, {"type": "dict", "image_number": {"type": "int", "data": 14}, "Hcamera2end": {"type": "ndarray", "data": [[0.9999975405483502, 0.0008426820290641498, -0.0020515321709978656, -0.013466802371091902], [0.0020506027529777334, 0.0011023157172758147, 0.9999972899605324, 0.03108960130776905], [0.0008449411815191805, -0.9999990373930655, 0.0011005850000949113, 0.03189241015566574], [0.0, 0.0, 0.0, 1.0]]}, "Hobj2base": {"type": "ndarray", "data": [[0.9999971949915556, -0.00010404477019464554, -0.002366259433469507, -0.7348268670112225], [-0.0001080217979201533, -0.9999985818593911, -0.0016806577576893792, 0.09421547008185671], [-0.002366081214130738, 0.0016809086510285256, -0.9999957880940278, 0.004845323919476583], [0.0, 0.0, 0.0, 1.0]]}, "mean_rme": {"type": "float", "data": 0.0013919113602761843}, "max_rme": {"type": "float", "data": 0.004674389156660075}, "simu": {"type": "float", "data": 0.002}}, {"type": "dict", "image_number": {"type": "int", "data": 15}, "Hcamera2end": {"type": "ndarray", "data": [[0.9999970861603436, 0.0008964159359525658, -0.0022414524960890393, -0.013234970470174925], [0.0022401956641959655, 0.0014006182816502788, 0.9999965098898171, 0.031071878913112732], [0.0008995522267056524, -0.9999986173524935, 0.001398606053380047, 0.03148015692246651], [0.0, 0.0, 0.0, 1.0]]}, "Hobj2base": {"type": "ndarray", "data": [[0.9999962472272677, -0.00018035404047994026, -0.0027336795352689677, -0.7345505192577505], [-0.0001851899039134562, -0.9999984184458688, -0.001768844385447038, 0.09421928607758052], [-0.002733356193574911, 0.0017693439972265273, -0.9999946990788191, 0.004819480148090209], [0.0, 0.0, 0.0, 1.0]]}, "mean_rme": {"type": "float", "data": 0.00138522448471392}, "max_rme": {"type": "float", "data": 0.004606901107912509}, "simu": {"type": "float", "data": 0.002}}, {"type": "dict", "image_number": {"type": "int", "data": 16}, "Hcamera2end": {"type": "ndarray", "data": [[0.9999970416377666, 0.0007288258193204494, -0.002320674177895047, -0.013932686867749577], [0.0023196523265743628, 0.0013997810913023434, 0.9999963299062553, 0.03116287760051935], [0.00073207158029466, -0.9999987547121354, 0.001398086327735304, 0.03153643361281557], [0.0, 0.0, 0.0, 1.0]]}, "Hobj2base": {"type": "ndarray", "data": [[0.9999963331755995, -0.0003134469596297846, -0.002689867349659985, -0.7348285329175626], [-0.00031840991814373917, -0.9999982476124716, -0.0018448271220019748, 0.09359642767027088], [-0.0026892843805175538, 0.0018456768377874918, -0.9999946805991176, 0.005034423747651274], [0.0, 0.0, 0.0, 1.0]]}, "mean_rme": {"type": "float", "data": 0.0014444217382133934}, "max_rme": {"type": "float", "data": 0.005204513282639434}, "simu": {"type": "float", "data": 0.002}}, {"type": "dict", "image_number": {"type": "int", "data": 17}, "Hcamera2end": {"type": "ndarray", "data": [[0.9999969216863388, 0.0007308936464585102, -0.002371162652345262, -0.013786423894417456], [0.002370252911149871, 0.0012430603198835266, 0.9999964183446751, 0.031267130389578825], [0.0007338385268545098, -0.9999989602972189, 0.0012413240905606582, 0.03161971709324718], [0.0, 0.0, 0.0, 1.0]]}, "Hobj2base": {"type": "ndarray", "data": [[0.9999966385391202, -0.0002573169187634151, -0.002580057841114887, -0.7349304521835415], [-0.00026183671863586923, -0.9999984316044537, -0.0017516364250671425, 0.0936517762786548], [-0.002579603068875968, 0.0017523060908888324, -0.9999951375238636, 0.004966319590433839], [0.0, 0.0, 0.0, 1.0]]}, "mean_rme": {"type": "float", "data": 0.0014097965707955847}, "max_rme": {"type": "float", "data": 0.005206940132274407}, "simu": {"type": "float", "data": 0.002}}, {"type": "dict", "image_number": {"type": "int", "data": 18}, "Hcamera2end": {"type": "ndarray", "data": [[0.9999964313480082, 0.0008874817618008443, -0.002519854632875749, -0.013561437999594875], [0.002518699436792774, 0.0013003772864644825, 0.99999598257796, 0.031226063299380945], [0.0008907549581418386, -0.9999987606967496, 0.0012981373460568824, 0.03164301618720003], [0.0, 0.0, 0.0, 1.0]]}, "Hobj2base": {"type": "ndarray", "data": [[0.9999961569052432, -0.00015236113825111192, -0.0027682053442020143, -0.7349518506608104], [-0.00015756508293470598, -0.9999982208032436, -0.0018797775379604282, 0.09375720242285532], [-0.0027679140139747023, 0.0018802064863018676, -0.9999944017221198, 0.004912780393226324], [0.0, 0.0, 0.0, 1.0]]}, "mean_rme": {"type": "float", "data": 0.0013785969316544128}, "max_rme": {"type": "float", "data": 0.005369774274930961}, "simu": {"type": "float", "data": 0.002}}, {"type": "dict", "image_number": {"type": "int", "data": 19}, "Hcamera2end": {"type": "ndarray", "data": [[0.9999968113106872, 0.0008423561395020381, -0.002380715142998495, -0.013442642587004448], [0.002379852578080698, 0.001023515646671358, 0.9999966443530837, 0.031204553707987193], [0.0008447900120513827, -0.9999991214255417, 0.0010215076995676586, 0.03150466363200643], [0.0, 0.0, 0.0, 1.0]]}, "Hobj2base": {"type": "ndarray", "data": [[0.9999965748885185, -0.0001280728153719835, -0.0026141554249225164, -0.7348170272665608], [-0.00013228346964446575, -0.9999986942275372, -0.001610603708053031, 0.0940819922509786], [-0.0026139457368790095, 0.001610944001105577, -0.9999952860624444, 0.004813323791348414], [0.0, 0.0, 0.0, 1.0]]}, "mean_rme": {"type": "float", "data": 0.0013432749857598082}, "max_rme": {"type": "float", "data": 0.005521843136242821}, "simu": {"type": "float", "data": 0.002}}, {"type": "dict", "image_number": {"type": "int", "data": 20}, "Hcamera2end": {"type": "ndarray", "data": [[0.9999968863514326, 0.0007815281609532606, -0.002369915857947997, -0.013709563961443218], [0.002369098941367666, 0.0010445554188176498, 0.999996648131474, 0.030983755311551356], [0.0007840010498251772, -0.9999991490584933, 0.001042700648900441, 0.031773023355334655], [0.0, 0.0, 0.0, 1.0]]}, "Hobj2base": {"type": "ndarray", "data": [[0.9999965880528336, -0.00020332205679255634, -0.0026043315519688665, -0.7347617045734933], [-0.00020752456248567205, -0.9999986767885873, -0.0016134914408889255, 0.09381305503405138], [-0.0026040000474892564, 0.001614026398507266, -0.9999953070402565, 0.005076679491233438], [0.0, 0.0, 0.0, 1.0]]}, "mean_rme": {"type": "float", "data": 0.001485020078136497}, "max_rme": {"type": "float", "data": 0.005478426892386423}, "simu": {"type": "float", "data": 0.002}}, {"type": "dict", "image_number": {"type": "int", "data": 21}, "Hcamera2end": {"type": "ndarray", "data": [[0.9999968019363625, 0.0007827572495386164, -0.0024048717503561317, -0.013702714352683984], [0.0024040349243989855, 0.0010682656109020083, 0.9999965397063465, 0.031039540186100553], [0.0007853235827582085, -0.9999991230494517, 0.0010663804187553971, 0.03177480066501601], [0.0, 0.0, 0.0, 1.0]]}, "Hobj2base": {"type": "ndarray", "data": [[0.9999964723911055, -0.00020628881098895107, -0.002648140908560311, -0.734777368678733], [-0.0002105598277133226, -0.9999986774977938, -0.001612658433413912, 0.09380321906365456], [-0.002647804732997356, 0.0016132103366791456, -0.9999951933297009, 0.005064305590775644], [0.0, 0.0, 0.0, 1.0]]}, "mean_rme": {"type": "float", "data": 0.0014299719029053656}, "max_rme": {"type": "float", "data": 0.005459926276137728}, "simu": {"type": "float", "data": 0.002}}, {"type": "dict", "image_number": {"type": "int", "data": 22}, "Hcamera2end": {"type": "ndarray", "data": [[0.9999968106187711, 0.0009898694506960248, -0.0023235556279760385, -0.013465795445432683], [0.0023224055428801107, 0.0011614247321137805, 0.9999966287568601, 0.030996216360454527], [0.000992564748578203, -0.9999988356248529, 0.0011591221495884652, 0.031597208205290675], [0.0, 0.0, 0.0, 1.0]]}, "Hobj2base": {"type": "ndarray", "data": [[0.9999959040853122, -0.00010674822463543367, -0.002860142901251641, -0.7348466553988652], [-0.0001113165114119947, -0.9999987184206334, -0.0015971116820596809, 0.09405209412073709], [-0.002859968746914909, 0.0015974235215563915, -0.9999946343940347, 0.004976641243227134], [0.0, 0.0, 0.0, 1.0]]}, "mean_rme": {"type": "float", "data": 0.0014154868634723137}, "max_rme": {"type": "float", "data": 0.005608852823818233}, "simu": {"type": "float", "data": 0.002}}, {"type": "dict", "image_number": {"type": "int", "data": 23}, "Hcamera2end": {"type": "ndarray", "data": [[0.9999973980436736, 0.0007830521177150747, -0.0021426001175365366, -0.01348127991675625], [0.0021417074964344557, 0.001138991829346292, 0.9999970578889784, 0.03101660992741515], [0.0007854902179162393, -0.9999990447630408, 0.0011373117971487101, 0.03166103373604701], [0.0, 0.0, 0.0, 1.0]]}, "Hobj2base": {"type": "ndarray", "data": [[0.9999965774433737, -0.0002235634147677043, -0.0026067452768458984, -0.734802938405524], [-0.00022754506675348252, -0.9999988078716646, -0.0015272453935356422, 0.09414940987911526], [-0.0026064007330756237, 0.0015278333184798297, -0.9999954361898706, 0.004864338568552057], [0.0, 0.0, 0.0, 1.0]]}, "mean_rme": {"type": "float", "data": 0.0013936121649583849}, "max_rme": {"type": "float", "data": 0.005716943770588179}, "simu": {"type": "float", "data": 0.002}}, {"type": "dict", "image_number": {"type": "int", "data": 24}, "Hcamera2end": {"type": "ndarray", "data": [[0.9999972166595341, 0.0009007533494472182, -0.002180668839662743, -0.013421313988828386], [0.0021796490778691543, 0.001131555457476785, 0.9999969843515251, 0.031013990758200008], [0.0009032181808182239, -0.9999989541122782, 0.0011295889817651839, 0.031780780681156945], [0.0, 0.0, 0.0, 1.0]]}, "Hobj2base": {"type": "ndarray", "data": [[0.9999965414997269, -0.00011747795368155899, -0.0026273917704346793, -0.7349197783937781], [-0.0001215438446567442, -0.9999987953976255, -0.0015473947112632795, 0.0940351310990606], [-0.002627206820708096, 0.0015477087028954461, -0.9999953511802406, 0.004865036248632021], [0.0, 0.0, 0.0, 1.0]]}, "mean_rme": {"type": "float", "data": 0.0013891758988347693}, "max_rme": {"type": "float", "data": 0.00571095785258996}, "simu": {"type": "float", "data": 0.002}}, {"type": "dict", "image_number": {"type": "int", "data": 25}, "Hcamera2end": {"type": "ndarray", "data": [[0.9999970626711747, 0.0008224206063506684, -0.002279972229856664, -0.013428194670049921], [0.002279012913572271, 0.001165511812257325, 0.9999967238358111, 0.03102253422329988], [0.0008250752465312462, -0.9999989826027634, 0.0011636340815837087, 0.03167851952840125], [0.0, 0.0, 0.0, 1.0]]}, "Hobj2base": {"type": "ndarray", "data": [[0.9999963988857049, -0.00019524912497938235, -0.0026765824107185567, -0.7348695070924657], [-0.00019960089724357666, -0.9999986586314178, -0.0016256982643862367, 0.0939478555806163], [-0.002676261404271401, 0.0016262266583117033, -0.9999950964938535, 0.004875836479386208], [0.0, 0.0, 0.0, 1.0]]}, "mean_rme": {"type": "float", "data": 0.0013675077586517378}, "max_rme": {"type": "float", "data": 0.005648115414144894}, "simu": {"type": "float", "data": 0.002}}, {"type": "dict", "image_number": {"type": "int", "data": 26}, "Hcamera2end": {"type": "ndarray", "data": [[0.9999970327535238, 0.0007726139041574761, -0.0023103142433240787, -0.013481859262669694], [0.00230934326521132, 0.00125528382354545, 0.9999965455921366, 0.03102910067483075], [0.0007755113353308817, -0.9999989136645487, 0.0012534958680927577, 0.03173906587666615], [0.0, 0.0, 0.0, 1.0]]}, "Hobj2base": {"type": "ndarray", "data": [[0.9999961957563446, -0.000271211768992529, -0.0027449803305066734, -0.7349933885139078], [-0.0002756485619901599, -0.9999986561501495, -0.0016160803711166552, 0.0939325023351089], [-0.002744538341648981, 0.0016168308730339523, -0.9999949266707404, 0.004868616396034845], [0.0, 0.0, 0.0, 1.0]]}, "mean_rme": {"type": "float", "data": 0.0013537451528826477}, "max_rme": {"type": "float", "data": 0.005508424801588585}, "simu": {"type": "float", "data": 0.002}}, {"type": "dict", "image_number": {"type": "int", "data": 27}, "Hcamera2end": {"type": "ndarray", "data": [[0.9999965759705292, 0.0011332554090469713, -0.0023587664987562242, -0.013557106305939353], [0.0023574181217578807, 0.001189692326163172, 0.9999965135999067, 0.030975432899989268], [0.0011360576644679882, -0.9999986501812625, 0.0011870166957836936, 0.031879899959646095], [0.0, 0.0, 0.0, 1.0]]}, "Hobj2base": {"type": "ndarray", "data": [[0.9999959890909853, 7.074057631650758e-05, -0.00283139501179616, -0.7350226615271354], [6.618694574997457e-05, -0.9999987044535805, -0.001608325355408884, 0.09367929595177496], [-0.002831505117455036, 0.0016081315031741751, -0.9999946982318648, 0.004921251887285386], [0.0, 0.0, 0.0, 1.0]]}, "mean_rme": {"type": "float", "data": 0.0014179634927572802}, "max_rme": {"type": "float", "data": 0.005510929431750078}, "simu": {"type": "float", "data": 0.002}}, {"type": "dict", "image_number": {"type": "int", "data": 28}, "Hcamera2end": {"type": "ndarray", "data": [[0.9999970125217919, 0.0010009856312970457, -0.002230016873735245, -0.013585373887743217], [0.0022288442445129817, 0.0011710654004444265, 0.9999968304245579, 0.03092737203984796], [0.0010035939542008096, -0.9999988133160931, 0.0011688308608488462, 0.03199747983103387], [0.0, 0.0, 0.0, 1.0]]}, "Hobj2base": {"type": "ndarray", "data": [[0.9999959825253314, -9.378702009886914e-05, -0.0028330438033818484, -0.7350916166115754], [-9.806582953256492e-05, -0.9999988548068282, -0.0015102212171437062, 0.0937179140155321], [-0.0028328989198517836, 0.001510492974658903, -0.9999948465340625, 0.005041595625693291], [0.0, 0.0, 0.0, 1.0]]}, "mean_rme": {"type": "float", "data": 0.0014122058605933298}, "max_rme": {"type": "float", "data": 0.005505547325499238}, "simu": {"type": "float", "data": 0.002}}, {"type": "dict", "image_number": {"type": "int", "data": 29}, "Hcamera2end": {"type": "ndarray", "data": [[0.9999969943201934, 0.0009533603645755649, -0.002258861349066514, -0.013453473496729233], [0.002257765251209227, 0.0011492348992625523, 0.9999967908724593, 0.030897324286141732], [0.0009559532674155054, -0.9999988851809595, 0.0011470789811274251, 0.03193691132123959], [0.0, 0.0, 0.0, 1.0]]}, "Hobj2base": {"type": "ndarray", "data": [[0.9999960479859109, -0.000126789258683546, -0.002808547141073293, -0.7349728421613482], [-0.0001311218448020873, -0.9999988017299786, -0.0015425127773626617, 0.09375666577379675], [-0.002808348201623899, 0.0015428749432127842, -0.9999948663454667, 0.004932017718710066], [0.0, 0.0, 0.0, 1.0]]}, "mean_rme": {"type": "float", "data": 0.0014367750570805002}, "max_rme": {"type": "float", "data": 0.0056818009574264305}, "simu": {"type": "float", "data": 0.002}}, {"type": "dict", "image_number": {"type": "int", "data": 30}, "Hcamera2end": {"type": "ndarray", "data": [[0.999996949527407, 0.0010389853606337384, -0.002240858161738811, -0.013457626329820786], [0.0022396641455504646, 0.0011489564700852828, 0.9999968318967536, 0.030920029371442195], [0.0010415567175043172, -0.999998800203505, 0.001146625986965133, 0.03187345474506546], [0.0, 0.0, 0.0, 1.0]]}, "Hobj2base": {"type": "ndarray", "data": [[0.9999959587677288, -6.555814785527095e-05, -0.0028422087080209515, -0.7350255607239973], [-7.002708992309597e-05, -0.9999987615193651, -0.0015722773109429938, 0.09373585119848732], [-0.0028421021124120866, 0.0015724699886099623, -0.9999947248829453, 0.00488475198716379], [0.0, 0.0, 0.0, 1.0]]}, "mean_rme": {"type": "float", "data": 0.0014200395106115649}, "max_rme": {"type": "float", "data": 0.005618062134501389}, "simu": {"type": "float", "data": 0.002}}]}