{"type": "list", "data": [{"type": "dict", "image_number": {"type": "int", "data": 5}, "Hcamera2end": {"type": "ndarray", "data": [[0.9999357586156044, -0.005117985514234567, -0.010113598079409305, -0.01535877035483751], [0.010115346086146995, 0.0003157713524178929, 0.9999487887197075, 0.02612380631731503], [-0.00511452983110052, -0.9999868531699448, 0.00036752126156935905, 0.031249834517668763], [0.0, 0.0, 0.0, 1.0]]}, "Hobj2base": {"type": "ndarray", "data": [[0.9999891009431225, -0.004653239723325798, -0.00038125456419422967, -0.7329644429778277], [-0.004655004221276974, -0.9999778082555193, -0.004765913573234089, 0.08950390585415884], [-0.00035906916513344853, 0.004767636370876686, -0.9999885702910656, 0.010434648649491063], [0.0, 0.0, 0.0, 1.0]]}, "mean_rme": {"type": "float", "data": 0.0031643712094140833}, "max_rme": {"type": "float", "data": 0.006814621001246218}, "simu": {"type": "float", "data": 0.002}}, {"type": "dict", "image_number": {"type": "int", "data": 6}, "Hcamera2end": {"type": "ndarray", "data": [[0.9999809749383961, -0.004212584392753905, -0.004505984241944082, -0.016627465952745564], [0.004494424829391465, -0.0027494706197137564, 0.9999861201820577, 0.027118475236580463], [-0.004224914994135584, -0.999987347191976, -0.0027304851669751606, 0.03391338274452328], [0.0, 0.0, 0.0, 1.0]]}, "Hobj2base": {"type": "ndarray", "data": [[0.9999927451828012, -0.0025135522326422918, 0.002862103586334778, -0.7340448542537686], [-0.0025140911882594237, -0.9999968226059861, 0.00018472528160155493, 0.09128634162443684], [0.00286163017565998, -0.0001919195308596949, -0.9999958871113579, 0.009323403412964115], [0.0, 0.0, 0.0, 1.0]]}, "mean_rme": {"type": "float", "data": 0.002727721995638784}, "max_rme": {"type": "float", "data": 0.00700552294493309}, "simu": {"type": "float", "data": 0.002}}, {"type": "dict", "image_number": {"type": "int", "data": 7}, "Hcamera2end": {"type": "ndarray", "data": [[0.9999763397963616, -0.004348509287757856, -0.005330132685583134, -0.014396860354205605], [0.005328445328413747, -0.000399524474568258, 0.9999857239233851, 0.027562168422565356], [-0.004350576726566688, -0.99999046537813, -0.0003763442277378015, 0.03272065268775701], [0.0, 0.0, 0.0, 1.0]]}, "Hobj2base": {"type": "ndarray", "data": [[0.9999927291900494, -0.0036496210482489895, 0.0011053656591832916, -0.7344009571723839], [-0.003648403206650939, -0.9999927375973936, -0.0011017742562003008, 0.09267554119743013], [0.001109378690088695, 0.0010977334257935897, -0.9999987821293821, 0.008090322110390624], [0.0, 0.0, 0.0, 1.0]]}, "mean_rme": {"type": "float", "data": 0.002441452409260339}, "max_rme": {"type": "float", "data": 0.006653623783108853}, "simu": {"type": "float", "data": 0.002}}, {"type": "dict", "image_number": {"type": "int", "data": 8}, "Hcamera2end": {"type": "ndarray", "data": [[0.9999843095320705, -0.002205022100405634, -0.005149618161087666, -0.01445401570878052], [0.005148781925109565, -0.0003847503787675066, 0.9999866709170848, 0.02861567335850525], [-0.0022069740270212125, -0.9999974949192039, -0.0003733911639189902, 0.03264898945238621], [0.0, 0.0, 0.0, 1.0]]}, "Hobj2base": {"type": "ndarray", "data": [[0.9999982675937744, -0.0018607671124923186, 4.853043492415558e-05, -0.7344987173433636], [-0.0018607122675163429, -0.9999976564992568, -0.0011066823626225443, 0.09167174162704703], [5.0589599337388596e-05, 0.0011065901442235183, -0.9999993864492842, 0.0074199837227742135], [0.0, 0.0, 0.0, 1.0]]}, "mean_rme": {"type": "float", "data": 0.0021235756295037104}, "max_rme": {"type": "float", "data": 0.006538261020584746}, "simu": {"type": "float", "data": 0.002}}, {"type": "dict", "image_number": {"type": "int", "data": 9}, "Hcamera2end": {"type": "ndarray", "data": [[0.9999845325926365, -0.002451073085842083, -0.004992676257690523, -0.015046474447239503], [0.004992441750399659, -0.00010178450244180404, 0.9999875325049227, 0.028897184613561288], [-0.0024515507041691937, -0.9999969909357941, -8.954608849243151e-05, 0.03158110383434424], [0.0, 0.0, 0.0, 1.0]]}, "Hobj2base": {"type": "ndarray", "data": [[0.9999975668279942, -0.0022039168379106703, -9.533447845171446e-05, -0.7333752228306618], [-0.0022040297450323042, -0.9999968500487133, -0.0012008936399187712, 0.09148392380233912], [-9.268750843919458e-05, 0.0012011008379642191, -0.9999992743826382, 0.007081124236332293], [0.0, 0.0, 0.0, 1.0]]}, "mean_rme": {"type": "float", "data": 0.0021608247686279707}, "max_rme": {"type": "float", "data": 0.006007030005042102}, "simu": {"type": "float", "data": 0.002}}, {"type": "dict", "image_number": {"type": "int", "data": 10}, "Hcamera2end": {"type": "ndarray", "data": [[0.9999861154706814, -0.0024382555097839714, -0.004671592440066419, -0.01505673549489537], [0.00466969797645691, -0.0007820905492639252, 0.9999887910647703, 0.02911088434859274], [-0.0024418817878332794, -0.9999967216168467, -0.0007706937734845987, 0.03231914420753093], [0.0, 0.0, 0.0, 1.0]]}, "Hobj2base": {"type": "ndarray", "data": [[0.9999978715628624, -0.0019579865373107476, 0.0006505063142288447, -0.7335959582633143], [-0.001957143344851179, -0.9999972471496132, -0.0012943272858919515, 0.09158595893457688], [0.0006530387988829365, 0.0012930513968940113, -0.9999989507786555, 0.006558308972861404], [0.0, 0.0, 0.0, 1.0]]}, "mean_rme": {"type": "float", "data": 0.002003819044794025}, "max_rme": {"type": "float", "data": 0.005917650217347581}, "simu": {"type": "float", "data": 0.002}}, {"type": "dict", "image_number": {"type": "int", "data": 11}, "Hcamera2end": {"type": "ndarray", "data": [[0.9999861054275246, -0.00272630753767061, -0.004511784469756547, -0.01518022933118402], [0.00450998951479868, -0.0006641727221883276, 0.9999896093806033, 0.029408931968961226], [-0.0027292758138198325, -0.9999960630531528, -0.000651867875383294, 0.03215744313056401], [0.0, 0.0, 0.0, 1.0]]}, "Hobj2base": {"type": "ndarray", "data": [[0.9999971259158024, -0.002277377750391296, 0.000749473626535465, -0.7337065468501056], [-0.0022763292342806185, -0.999996433497983, -0.0013968953184631376, 0.09130211035585294], [0.0007526522118541582, 0.001395185254941972, -0.9999987434855866, 0.0064250571343451475], [0.0, 0.0, 0.0, 1.0]]}, "mean_rme": {"type": "float", "data": 0.0020127288525836518}, "max_rme": {"type": "float", "data": 0.005996066621834051}, "simu": {"type": "float", "data": 0.002}}, {"type": "dict", "image_number": {"type": "int", "data": 12}, "Hcamera2end": {"type": "ndarray", "data": [[0.9999854316860682, -0.002716831250325778, -0.004664251663996279, -0.015190356385560665], [0.004662382588672266, -0.0006938892139463082, 0.9999888902914649, 0.029426027137556297], [-0.0027200375410432274, -0.9999960686651301, -0.0006812121984325348, 0.03223173953052214], [0.0, 0.0, 0.0, 1.0]]}, "Hobj2base": {"type": "ndarray", "data": [[0.9999970055208995, -0.0023379337204187957, 0.0007231978657424884, -0.7336978432048588], [-0.002336974642941765, -0.9999963925467457, -0.0013241763527136788, 0.09143829778002387], [0.0007262910933867846, 0.0013224822924211956, -0.9999988617702691, 0.0064066059516462255], [0.0, 0.0, 0.0, 1.0]]}, "mean_rme": {"type": "float", "data": 0.0019247741181460788}, "max_rme": {"type": "float", "data": 0.005916591555690132}, "simu": {"type": "float", "data": 0.002}}, {"type": "dict", "image_number": {"type": "int", "data": 13}, "Hcamera2end": {"type": "ndarray", "data": [[0.9999865728898458, -0.002564633721355476, -0.004502965011675165, -0.014328692997381874], [0.0045027976020453634, -7.104654533818255e-05, 0.9999898598316604, 0.029858328417905516], [-0.002564927635645668, -0.9999967087977161, -5.9497564817601045e-05, 0.03162020060080653], [0.0, 0.0, 0.0, 1.0]]}, "Hobj2base": {"type": "ndarray", "data": [[0.9999969231738449, -0.002479569068189857, 7.334902424484705e-05, -0.733625651308504], [-0.0024794720104801588, -0.9999960876139078, -0.0012949808599492297, 0.09236109111673095], [7.655973175937271e-05, 0.0012947950086656386, -0.999999158821893, 0.0060494657293924115], [0.0, 0.0, 0.0, 1.0]]}, "mean_rme": {"type": "float", "data": 0.0019551367857086202}, "max_rme": {"type": "float", "data": 0.006351877539048423}, "simu": {"type": "float", "data": 0.002}}, {"type": "dict", "image_number": {"type": "int", "data": 14}, "Hcamera2end": {"type": "ndarray", "data": [[0.999987492421002, -0.0026993366476930443, -0.004210532415129178, -0.014554814408146263], [0.004210054019985943, -0.00018288465062110681, 0.9999911209597583, 0.030030138589651333], [-0.0027000827219239923, -0.9999963400607361, -0.00017151801007209144, 0.031700225808037455], [0.0, 0.0, 0.0, 1.0]]}, "Hobj2base": {"type": "ndarray", "data": [[0.9999967777230858, -0.0025253526005836633, 0.00025910941312577, -0.7334520507730906], [-0.0025249826780380617, -0.9999958065773806, -0.0014181996085880484, 0.09208212343847677], [0.0002626897806401907, 0.0014175407919763308, -0.9999989607855513, 0.006189370016597279], [0.0, 0.0, 0.0, 1.0]]}, "mean_rme": {"type": "float", "data": 0.002031477386910654}, "max_rme": {"type": "float", "data": 0.0066041620692193215}, "simu": {"type": "float", "data": 0.002}}, {"type": "dict", "image_number": {"type": "int", "data": 15}, "Hcamera2end": {"type": "ndarray", "data": [[0.9999879127297856, -0.0026672611432234164, -0.004130388882484737, -0.014482279803388481], [0.004129804419757945, -0.00022459517538053753, 0.999991447099655, 0.030440230090500595], [-0.002668165995820114, -0.9999964176310842, -0.0002135771937801234, 0.03166489258899555], [0.0, 0.0, 0.0, 1.0]]}, "Hobj2base": {"type": "ndarray", "data": [[0.9999968159528313, -0.002505823020830817, 0.00029822003207357494, -0.7333526288521806], [-0.002505358181293704, -0.9999956618632289, -0.0015490110088733243, 0.09175094118746177], [0.0003021002857998432, 0.001548258928752026, -0.999998755814079, 0.00585210465975445], [0.0, 0.0, 0.0, 1.0]]}, "mean_rme": {"type": "float", "data": 0.0019944309009637478}, "max_rme": {"type": "float", "data": 0.006670670239344867}, "simu": {"type": "float", "data": 0.002}}, {"type": "dict", "image_number": {"type": "int", "data": 16}, "Hcamera2end": {"type": "ndarray", "data": [[0.9999884300184981, -0.0023277666471268536, -0.004209671195684692, -0.01470224506695236], [0.004209007428786091, -0.0002899771565938458, 0.999991100045252, 0.030357454284107566], [-0.0023289666385925495, -0.9999972487040579, -0.0002801762144533093, 0.0317641107368359], [0.0, 0.0, 0.0, 1.0]]}, "Hobj2base": {"type": "ndarray", "data": [[0.9999975493253622, -0.002209995886023492, 0.0001313828508345857, -0.733351544099207], [-0.0022097571142579557, -0.9999959554287643, -0.0017905584630361507, 0.09155324657860875], [0.00013533944628428074, 0.0017902637507706146, -0.99999838831817, 0.006218646244091922], [0.0, 0.0, 0.0, 1.0]]}, "mean_rme": {"type": "float", "data": 0.0019796285873762555}, "max_rme": {"type": "float", "data": 0.006815278075061548}, "simu": {"type": "float", "data": 0.002}}, {"type": "dict", "image_number": {"type": "int", "data": 17}, "Hcamera2end": {"type": "ndarray", "data": [[0.9999893408654928, -0.002003120662199021, -0.004160007573302159, -0.014926139917489971], [0.004159584385916825, -0.0002153838224698834, 0.9999913256961512, 0.030456558079123928], [-0.002003999284854391, -0.9999979705566517, -0.00020704937723525774, 0.0316820489661638], [0.0, 0.0, 0.0, 1.0]]}, "Hobj2base": {"type": "ndarray", "data": [[0.9999981161402399, -0.0019361167182403982, 0.00013844863538843715, -0.7334641116519437], [-0.0019358651578838964, -0.9999965158904742, -0.0017946122153901936, 0.0912879371442897], [0.0001419227317312031, 0.0017943408167030508, -0.999998380098174, 0.006011735554483409], [0.0, 0.0, 0.0, 1.0]]}, "mean_rme": {"type": "float", "data": 0.001960027136105025}, "max_rme": {"type": "float", "data": 0.006556302195596775}, "simu": {"type": "float", "data": 0.002}}, {"type": "dict", "image_number": {"type": "int", "data": 18}, "Hcamera2end": {"type": "ndarray", "data": [[0.999988758685454, -0.002077187694911547, -0.004262369529367243, -0.014460525299367998], [0.004261496153478183, -0.0004247055086210594, 0.9999908295958341, 0.030844406691432447], [-0.0020789788980797586, -0.9999977524557296, -0.0004158488070009625, 0.0325746489888806], [0.0, 0.0, 0.0, 1.0]]}, "Hobj2base": {"type": "ndarray", "data": [[0.9999980203933526, -0.0019614334935584205, 0.00033464612092687834, -0.7341174743273113], [-0.0019607806614587854, -0.9999961956408918, -0.001940114156686736, 0.09180119300729864], [0.0003384502527011124, 0.0019394541483815093, -0.9999980619826385, 0.00556438731693097], [0.0, 0.0, 0.0, 1.0]]}, "mean_rme": {"type": "float", "data": 0.0019135755270572774}, "max_rme": {"type": "float", "data": 0.006750835419639389}, "simu": {"type": "float", "data": 0.002}}, {"type": "dict", "image_number": {"type": "int", "data": 19}, "Hcamera2end": {"type": "ndarray", "data": [[0.9999880579575479, -0.0021977943795945505, -0.004365047784030327, -0.01449733298305736], [0.004364277978959561, -0.0003549367278641302, 0.9999904135028704, 0.03160106418045264], [-0.0021993226262224733, -0.9999975218568217, -0.0003453407035816092, 0.032574851767232765], [0.0, 0.0, 0.0, 1.0]]}, "Hobj2base": {"type": "ndarray", "data": [[0.9999977027182074, -0.0021035470353644747, 0.00041188369420484556, -0.7340659187640103], [-0.002102656734831923, -0.9999954778004347, -0.0021501658855569397, 0.09118869671195577], [0.00041640480665868786, 0.0021492948959964124, -0.999997603566372, 0.005075855588406709], [0.0, 0.0, 0.0, 1.0]]}, "mean_rme": {"type": "float", "data": 0.001949101035827022}, "max_rme": {"type": "float", "data": 0.0068118012394443594}, "simu": {"type": "float", "data": 0.002}}, {"type": "dict", "image_number": {"type": "int", "data": 20}, "Hcamera2end": {"type": "ndarray", "data": [[0.999989602064926, -0.0023529610894630457, -0.003906320025596398, -0.014636594183271668], [0.003905978037875069, -0.00014992135145286412, 0.9999923604003963, 0.031687367007443915], [-0.0023535287545598835, -0.9999972205449873, -0.00014072917824092812, 0.032509868915142515], [0.0, 0.0, 0.0, 1.0]]}, "Hobj2base": {"type": "ndarray", "data": [[0.9999971933061749, -0.0023616563325929126, 0.00018962895182747874, -0.7341091308741874], [-0.002361317481624066, -0.9999956497220317, -0.0017676868394777344, 0.09132542849131449], [0.0001938027957073212, 0.0017672341039630252, -0.9999984196608003, 0.005088363302093663], [0.0, 0.0, 0.0, 1.0]]}, "mean_rme": {"type": "float", "data": 0.0018702225254707482}, "max_rme": {"type": "float", "data": 0.006774383873402012}, "simu": {"type": "float", "data": 0.002}}, {"type": "dict", "image_number": {"type": "int", "data": 21}, "Hcamera2end": {"type": "ndarray", "data": [[0.9999897327025653, -0.0024235642841663033, -0.0038289457573168852, -0.01462029233340139], [0.0038285560667417483, -0.00016541132273251158, 0.999992657371812, 0.03176406709023274], [-0.002424179839817264, -0.9999970494832747, -0.0001561308726620858, 0.03257240863599854], [0.0, 0.0, 0.0, 1.0]]}, "Hobj2base": {"type": "ndarray", "data": [[0.9999970630943307, -0.002411421107405031, 0.00024259215966185172, -0.7340745395362778], [-0.0024109822585324588, -0.9999954855872419, -0.0017933124896918743, 0.09138889007007259], [0.0002469154960905271, 0.0017927223375092528, -0.9999983625883389, 0.005040747741430841], [0.0, 0.0, 0.0, 1.0]]}, "mean_rme": {"type": "float", "data": 0.0018137043552155655}, "max_rme": {"type": "float", "data": 0.0068298677027384125}, "simu": {"type": "float", "data": 0.002}}, {"type": "dict", "image_number": {"type": "int", "data": 22}, "Hcamera2end": {"type": "ndarray", "data": [[0.9999911679794715, -0.0022584190732321623, -0.0035445036806367137, -0.014404452568723022], [0.003544469486570117, -1.9142995803189677e-05, 0.9999937181650719, 0.031980659119834165], [-0.0022584727386354263, -0.9999974495851657, -1.1137929238902444e-05, 0.032465141344323975], [0.0, 0.0, 0.0, 1.0]]}, "Hobj2base": {"type": "ndarray", "data": [[0.9999972772973141, -0.002333523505484442, 8.124531307229487e-06, -0.7342036196592882], [-0.0023335073802713286, -0.9999959785394121, -0.0016117221563802576, 0.09172547190681], [1.1885490170970445e-05, 0.0016116988094862466, -0.9999987011419975, 0.004941725169462924], [0.0, 0.0, 0.0, 1.0]]}, "mean_rme": {"type": "float", "data": 0.0018356776005293376}, "max_rme": {"type": "float", "data": 0.007020889746216619}, "simu": {"type": "float", "data": 0.002}}, {"type": "dict", "image_number": {"type": "int", "data": 23}, "Hcamera2end": {"type": "ndarray", "data": [[0.9999910807965147, -0.0023081601808444753, -0.003537050183150867, -0.014308150913525379], [0.0035365846920648457, -0.00020572228299742257, 0.9999937251038415, 0.03240803256118186], [-0.00230887334741778, -0.9999973150338561, -0.00019755744415617116, 0.033452475895285785], [0.0, 0.0, 0.0, 1.0]]}, "Hobj2base": {"type": "ndarray", "data": [[0.9999972224438054, -0.0023482242356506543, 0.0002023551664946225, -0.73500808930622], [-0.0023478853398712436, -0.9999958675193912, -0.0016590294064485816, 0.09193288975012232], [0.00020625010332570048, 0.0016585496916723167, -0.9999986033359323, 0.004394298674911085], [0.0, 0.0, 0.0, 1.0]]}, "mean_rme": {"type": "float", "data": 0.0018191934400618617}, "max_rme": {"type": "float", "data": 0.006896954330905869}, "simu": {"type": "float", "data": 0.002}}, {"type": "dict", "image_number": {"type": "int", "data": 24}, "Hcamera2end": {"type": "ndarray", "data": [[0.9999905961274174, -0.0026971051490706525, -0.003396068395566839, -0.014241024103951592], [0.003395624851152924, -0.00016901420602444261, 0.9999942205663336, 0.03243892820733704], [-0.0026976635451338316, -0.9999963485223401, -0.0001598542593661545, 0.033396230423779816], [0.0, 0.0, 0.0, 1.0]]}, "Hobj2base": {"type": "ndarray", "data": [[0.9999962936436837, -0.002699254828521833, 0.00035598071048105267, -0.7350528775384938], [-0.0026986696907879567, -0.9999950234422625, -0.0016340968785702834, 0.09201699858494099], [0.0003603897828122469, 0.0016331301476711156, -0.9999986015015845, 0.004219330805106111], [0.0, 0.0, 0.0, 1.0]]}, "mean_rme": {"type": "float", "data": 0.0018673563729197738}, "max_rme": {"type": "float", "data": 0.006852850524229792}, "simu": {"type": "float", "data": 0.002}}, {"type": "dict", "image_number": {"type": "int", "data": 25}, "Hcamera2end": {"type": "ndarray", "data": [[0.9999906965973165, -0.002668117127332707, -0.0033893760205077525, -0.014266817593847436], [0.0033890044236314573, -0.00014378190816000114, 0.9999942469713414, 0.03261986950899867], [-0.002668589108530108, -0.9999964302325075, -0.00013473830975163636, 0.033414293390672166], [0.0, 0.0, 0.0, 1.0]]}, "Hobj2base": {"type": "ndarray", "data": [[0.9999963393073489, -0.002680517753754587, 0.00036904806380037424, -0.7350124537770459], [-0.0026798757350485636, -0.9999949138777979, -0.0017293017608596278, 0.09183486731772654], [0.00037368161084840664, 0.0017283064274661352, -0.9999984366582513, 0.0041165593160465705], [0.0, 0.0, 0.0, 1.0]]}, "mean_rme": {"type": "float", "data": 0.0018562633733977291}, "max_rme": {"type": "float", "data": 0.0068888643735909305}, "simu": {"type": "float", "data": 0.002}}, {"type": "dict", "image_number": {"type": "int", "data": 26}, "Hcamera2end": {"type": "ndarray", "data": [[0.9999909832752583, -0.002668361804710508, -0.0033035153187770485, -0.014233042773764061], [0.003303087056402545, -0.00016488736005682014, 0.9999945311990742, 0.03275083819483178], [-0.0026688919198908207, -0.9999964263223332, -0.00015607204197398694, 0.0333187099262013], [0.0, 0.0, 0.0, 1.0]]}, "Hobj2base": {"type": "ndarray", "data": [[0.9999963127173557, -0.0026930611974909286, 0.0003492464448522782, -0.734957860885783], [-0.002692484877261882, -0.9999950299831886, -0.0016402847640204672, 0.09194552033283254], [0.0003536620963423951, 0.0016393383750557228, -0.9999985937454177, 0.004007407986033792], [0.0, 0.0, 0.0, 1.0]]}, "mean_rme": {"type": "float", "data": 0.0018253592735993209}, "max_rme": {"type": "float", "data": 0.006894077511540697}, "simu": {"type": "float", "data": 0.002}}, {"type": "dict", "image_number": {"type": "int", "data": 27}, "Hcamera2end": {"type": "ndarray", "data": [[0.9999898944701104, -0.0027568334874929997, -0.0035511725921899173, -0.013914828335347226], [0.0035511307082399953, -2.0087588749495566e-05, 0.9999936945137113, 0.03269512094901797], [-0.002756887438811854, -0.9999961997255844, -1.029750969872012e-05, 0.0332822448265532], [0.0, 0.0, 0.0, 1.0]]}, "Hobj2base": {"type": "ndarray", "data": [[0.9999959798142227, -0.0028311844977856643, 0.00015732047597107694, -0.7348880507112688], [-0.002830903992420726, -0.9999944520548345, -0.0017555176263902457, 0.09222399727754318], [0.0001622897974551284, 0.0017550652097197362, -0.9999984467028591, 0.004123012600334696], [0.0, 0.0, 0.0, 1.0]]}, "mean_rme": {"type": "float", "data": 0.00183361514516792}, "max_rme": {"type": "float", "data": 0.0070955705705446626}, "simu": {"type": "float", "data": 0.002}}, {"type": "dict", "image_number": {"type": "int", "data": 28}, "Hcamera2end": {"type": "ndarray", "data": [[0.9999905975392351, -0.0025731313267754246, -0.0034905340993455648, -0.013950640836499266], [0.003490621368009735, 2.9425201187316397e-05, 0.9999939073297511, 0.0328018168097869], [-0.002573012939866619, -0.9999966890591853, 3.840675170996288e-05, 0.0332495640106555], [0.0, 0.0, 0.0, 1.0]]}, "Hobj2base": {"type": "ndarray", "data": [[0.9999964789438429, -0.0026505193926465585, 0.0001297954754143568, -0.7349334218500232], [-0.002650285472596546, -0.9999949208292465, -0.0017703961766004554, 0.09217749013277898], [0.00013448728555972103, 0.0017700459478731982, -0.9999984244240148, 0.00403765302663593], [0.0, 0.0, 0.0, 1.0]]}, "mean_rme": {"type": "float", "data": 0.0017794398941456168}, "max_rme": {"type": "float", "data": 0.007082341777361556}, "simu": {"type": "float", "data": 0.002}}, {"type": "dict", "image_number": {"type": "int", "data": 29}, "Hcamera2end": {"type": "ndarray", "data": [[0.9999921171574365, -0.0023117325455009573, -0.003228237231964972, -0.013728423708760552], [0.0032282126737896823, -1.435459510878978e-05, 0.9999947892048632, 0.03292561563455368], [-0.0023117668395746297, -0.9999973278397217, -6.891717651891227e-06, 0.03327399594295123], [0.0, 0.0, 0.0, 1.0]]}, "Hobj2base": {"type": "ndarray", "data": [[0.9999971180006363, -0.002398781774098354, 9.917873669316005e-05, -0.7348647653966596], [-0.002398620174473843, -0.9999958455460263, -0.0015985968680393692, 0.09223161734323163], [0.00010301300969084685, 0.0015983543687655016, -0.9999987173249931, 0.003688921443720208], [0.0, 0.0, 0.0, 1.0]]}, "mean_rme": {"type": "float", "data": 0.0018656889585416609}, "max_rme": {"type": "float", "data": 0.007016161003501109}, "simu": {"type": "float", "data": 0.002}}, {"type": "dict", "image_number": {"type": "int", "data": 30}, "Hcamera2end": {"type": "ndarray", "data": [[0.999992270879205, -0.0022365794704413077, -0.003233557502705685, -0.013495213137023478], [0.0032335758949216665, 4.607328149552892e-06, 0.9999947719691857, 0.032919012603861764], [-0.0022365528794744136, -0.9999974988423943, 1.1839442001670974e-05, 0.033422263649701245], [0.0, 0.0, 0.0, 1.0]]}, "Hobj2base": {"type": "ndarray", "data": [[0.9999972346447515, -0.0023509820164158684, 5.988662862797342e-05, -0.7350915819610283], [-0.002350882612994821, -0.9999959420470723, -0.001609111657685694, 0.09239793662315393], [6.366937818047769e-05, 0.0016089664214863336, -0.9999987035857913, 0.0036400104287710494], [0.0, 0.0, 0.0, 1.0]]}, "mean_rme": {"type": "float", "data": 0.0018397058181513976}, "max_rme": {"type": "float", "data": 0.007118731935964795}, "simu": {"type": "float", "data": 0.002}}]}