{"type": "list", "data": [{"type": "dict", "image_number": {"type": "int", "data": 5}, "Hcamera2end": {"type": "ndarray", "data": [[0.9999599447375042, -0.007341222721656409, -0.005120094678679641, -0.022845871517177894], [0.005129554919445879, 0.0012703971058974917, 0.9999860367812753, 0.027701841058613258], [-0.0073346156610961215, -0.9999722458849268, 0.001308003424934645, 0.030972917004764147], [0.0, 0.0, 0.0, 1.0]]}, "Hobj2base": {"type": "ndarray", "data": [[0.9999766593093108, -0.006536589687585189, -0.001988424463402146, -0.7343731469992081], [-0.006542405903161238, -0.9999742976724941, -0.00293273241189244, 0.08250728169558164], [-0.001969203287825345, 0.0029456730398396925, -0.9999937226046736, -0.006558994459642586], [0.0, 0.0, 0.0, 1.0]]}, "mean_rme": {"type": "float", "data": 0.0020596208462729036}, "max_rme": {"type": "float", "data": 0.004196019630872155}, "simu": {"type": "float", "data": 0.002}}, {"type": "dict", "image_number": {"type": "int", "data": 6}, "Hcamera2end": {"type": "ndarray", "data": [[0.9999886717253678, -0.0030181498935962117, -0.003680651050351144, -0.02058784570570164], [0.003685841606642259, 0.0017160258014272678, 0.9999917348793933, 0.025020142655687628], [-0.0030118088560548814, -0.9999939729951716, 0.0017271307842686712, 0.030640061473162998], [0.0, 0.0, 0.0, 1.0]]}, "Hobj2base": {"type": "ndarray", "data": [[0.9999960615284285, -0.0028060630623441083, 5.42007542433274e-05, -0.7343930963622306], [-0.0028059925816583675, -0.9999952701624291, -0.0012593881064406447, 0.08281550148149898], [5.7734420329202176e-05, 0.0012592310594620629, -0.9999992055016222, -0.003132019072105178], [0.0, 0.0, 0.0, 1.0]]}, "mean_rme": {"type": "float", "data": 0.0015987015320651512}, "max_rme": {"type": "float", "data": 0.0035227891081069107}, "simu": {"type": "float", "data": 0.002}}, {"type": "dict", "image_number": {"type": "int", "data": 7}, "Hcamera2end": {"type": "ndarray", "data": [[0.9999896758118204, -0.0033473379765478367, -0.0030730438072192902, -0.020978723299263643], [0.0030781125995867384, 0.001510177906765553, 0.999994122275483, 0.025605743810448108], [-0.003342677458953162, -0.9999932573228482, 0.0015204657986054304, 0.031002010825108693], [0.0, 0.0, 0.0, 1.0]]}, "Hobj2base": {"type": "ndarray", "data": [[0.9999950312353638, -0.0031503787533693557, 0.00011233118069475918, -0.7339483801930157], [-0.003150245943587059, -0.9999943610872843, -0.0011635051044435046, 0.08346553003823332], [0.00011599602902951166, 0.0011631454524141656, -0.999999316818555, -0.003495024011518149], [0.0, 0.0, 0.0, 1.0]]}, "mean_rme": {"type": "float", "data": 0.001865895846407553}, "max_rme": {"type": "float", "data": 0.004318318031198781}, "simu": {"type": "float", "data": 0.002}}, {"type": "dict", "image_number": {"type": "int", "data": 8}, "Hcamera2end": {"type": "ndarray", "data": [[0.999990557156074, -0.0034255596165226883, -0.0026741615505377534, -0.020636923920002815], [0.00267937384136984, 0.001517903692701661, 0.9999952584508578, 0.025911089715429443], [-0.0034214842543709846, -0.9999929807302117, 0.0015270677142025235, 0.03107061102979907], [0.0, 0.0, 0.0, 1.0]]}, "Hobj2base": {"type": "ndarray", "data": [[0.9999947989967399, -0.0032236890687516702, -9.903664864516036e-05, -0.7342410868053895], [-0.0032237744764526824, -0.9999944210897516, -0.0008746813691605082, 0.08411059149652954], [-9.621639536018279e-05, 0.0008749960917599913, -0.9999996125620472, -0.003156243863369032], [0.0, 0.0, 0.0, 1.0]]}, "mean_rme": {"type": "float", "data": 0.0018411808564333303}, "max_rme": {"type": "float", "data": 0.004584682106163279}, "simu": {"type": "float", "data": 0.002}}, {"type": "dict", "image_number": {"type": "int", "data": 9}, "Hcamera2end": {"type": "ndarray", "data": [[0.9999883886071386, -0.003443059775542311, -0.003371645040709972, -0.02096804755963104], [0.00337656437340944, 0.0014239557589516005, 0.9999932855589725, 0.025834818632569503], [-0.003438235583947634, -0.9999930588205993, 0.0014355649378154922, 0.03088362149904296], [0.0, 0.0, 0.0, 1.0]]}, "Hobj2base": {"type": "ndarray", "data": [[0.9999948782483776, -0.0032004317102015695, -2.671854851550095e-05, -0.7341053594106401], [-0.0032004799337352566, -0.9999927593853675, -0.00205866583779777, 0.08333011697106693], [-2.0129735628790955e-05, 0.0020587408060010574, -0.9999978805882976, -0.0036898839178541], [0.0, 0.0, 0.0, 1.0]]}, "mean_rme": {"type": "float", "data": 0.0018420509566184004}, "max_rme": {"type": "float", "data": 0.004443410543690157}, "simu": {"type": "float", "data": 0.002}}, {"type": "dict", "image_number": {"type": "int", "data": 10}, "Hcamera2end": {"type": "ndarray", "data": [[0.9999882085108449, -0.003651643883766265, -0.003201302268924835, -0.020936216884027498], [0.0032052712705749795, 0.001081574234763072, 0.999994278200259, 0.02584682372604913], [-0.003648160543739479, -0.9999927478207634, 0.0010932659906232045, 0.03102281361555888], [0.0, 0.0, 0.0, 1.0]]}, "Hobj2base": {"type": "ndarray", "data": [[0.9999939257707914, -0.0034852929444012205, -3.397959172610115e-05, -0.7339579522421714], [-0.003485357151063139, -0.9999916788673253, -0.002120019254248945, 0.08341799497690774], [-2.659042082858157e-05, 0.002120124807779081, -0.9999977521793484, -0.0036439950756475825], [0.0, 0.0, 0.0, 1.0]]}, "mean_rme": {"type": "float", "data": 0.0017210131663767893}, "max_rme": {"type": "float", "data": 0.004419069428658801}, "simu": {"type": "float", "data": 0.002}}, {"type": "dict", "image_number": {"type": "int", "data": 11}, "Hcamera2end": {"type": "ndarray", "data": [[0.9999826296678779, -0.004128812408208783, -0.004206336959104658, -0.02002452945271241], [0.00420943999429398, 0.0007431542237816835, 0.999990864126635, 0.026118732954691543], [-0.004125648730823665, -0.9999912002762311, 0.0007605213030260627, 0.03227417871772884], [0.0, 0.0, 0.0, 1.0]]}, "Hobj2base": {"type": "ndarray", "data": [[0.9999921171770996, -0.003956987904142226, 0.00032837537745932356, -0.7351928648784125], [-0.003955935780027041, -0.9999872293640484, -0.00314510427775488, 0.08367351300491163], [0.00034081632348126464, 0.003143780453549884, -0.9999950002318476, -0.003920868094819896], [0.0, 0.0, 0.0, 1.0]]}, "mean_rme": {"type": "float", "data": 0.0017144566681092004}, "max_rme": {"type": "float", "data": 0.0045802885937373805}, "simu": {"type": "float", "data": 0.002}}, {"type": "dict", "image_number": {"type": "int", "data": 12}, "Hcamera2end": {"type": "ndarray", "data": [[0.9999893919495177, -0.003041320639242449, -0.0034592422874291547, -0.019387304810021242], [0.0034628811652558647, 0.0011920288661432243, 0.9999932937381218, 0.025283919347870935], [-0.003037176726688188, -0.9999946647037431, 0.0012025479529998995, 0.03221310771796249], [0.0, 0.0, 0.0, 1.0]]}, "Hobj2base": {"type": "ndarray", "data": [[0.9999958741472351, -0.0028543980956717645, 0.00032264534470256845, -0.7354278693009185], [-0.0028536859613656567, -0.9999935378359752, -0.0021864955348586033, 0.08415659435999205], [0.00032888438840632435, 0.002185565785209278, -0.9999975575656461, -0.0027264417911160624], [0.0, 0.0, 0.0, 1.0]]}, "mean_rme": {"type": "float", "data": 0.0015922681850452948}, "max_rme": {"type": "float", "data": 0.0044981578480864925}, "simu": {"type": "float", "data": 0.002}}, {"type": "dict", "image_number": {"type": "int", "data": 13}, "Hcamera2end": {"type": "ndarray", "data": [[0.9999862387605252, -0.0032021663582143044, -0.004155528870345828, -0.018843453890440474], [0.004159654667910928, 0.001282858449340063, 0.9999905257287404, 0.025259708976520998], [-0.003196805064698809, -0.9999940501847063, 0.0012961607018571186, 0.031994701241055364], [0.0, 0.0, 0.0, 1.0]]}, "Hobj2base": {"type": "ndarray", "data": [[0.9999955679424879, -0.0029693968879578457, 0.00021628107352416684, -0.7354487058517514], [-0.002968740293059023, -0.9999911667437598, -0.0029754017421088634, 0.08425426067275964], [0.00022511431173146684, 0.002974746472619624, -0.9999955500935847, -0.0026148346828467296], [0.0, 0.0, 0.0, 1.0]]}, "mean_rme": {"type": "float", "data": 0.0015771694724761153}, "max_rme": {"type": "float", "data": 0.004708976365999762}, "simu": {"type": "float", "data": 0.002}}, {"type": "dict", "image_number": {"type": "int", "data": 14}, "Hcamera2end": {"type": "ndarray", "data": [[0.9999857265728439, -0.003611550672642915, -0.003937429659108133, -0.01876044876346998], [0.0039413272537581565, 0.0010727209683090155, 0.9999916575698035, 0.02542607249784516], [-0.0036072967801769606, -0.9999929029605475, 0.0010869399599987561, 0.03237312853695617], [0.0, 0.0, 0.0, 1.0]]}, "Hobj2base": {"type": "ndarray", "data": [[0.9999943921415696, -0.003341639619253487, 0.00022165303460300754, -0.7353865949690009], [-0.0033409172463605397, -0.9999893532065882, -0.0031830402794897307, 0.08458569268201906], [0.00023228724821656177, 0.003182281905004452, -0.9999949095492986, -0.0025685145856395425], [0.0, 0.0, 0.0, 1.0]]}, "mean_rme": {"type": "float", "data": 0.0016485330499647337}, "max_rme": {"type": "float", "data": 0.004433968991275461}, "simu": {"type": "float", "data": 0.002}}, {"type": "dict", "image_number": {"type": "int", "data": 15}, "Hcamera2end": {"type": "ndarray", "data": [[0.9999874670659946, -0.003258439666918798, -0.003801089563987126, -0.018556427306548468], [0.0038052793943878834, 0.0012806056306351454, 0.9999919399164922, 0.024673895491143044], [-0.0032535457069247874, -0.9999938712912974, 0.0012929888542116963, 0.032453961642908834], [0.0, 0.0, 0.0, 1.0]]}, "Hobj2base": {"type": "ndarray", "data": [[0.9999955779522981, -0.0029652138121760603, 0.0002271186855705489, -0.7354659184978707], [-0.0029645653007163734, -0.9999916733255614, -0.0028043951434822125, 0.08457845845115555], [0.00023543242564144824, 0.0028037094341387264, -0.9999960418846572, -0.0017538477358750692], [0.0, 0.0, 0.0, 1.0]]}, "mean_rme": {"type": "float", "data": 0.0015803558370776996}, "max_rme": {"type": "float", "data": 0.004282864984288315}, "simu": {"type": "float", "data": 0.002}}, {"type": "dict", "image_number": {"type": "int", "data": 16}, "Hcamera2end": {"type": "ndarray", "data": [[0.9999917487916364, -0.0030614485025269463, -0.002670183834691565, -0.0177521281302159], [0.002674948569342629, 0.0015533292562791567, 0.9999952158977427, 0.024666529998759297], [-0.0030572861815741843, -0.9999941073332822, 0.0015615056567277463, 0.03238601997063692], [0.0, 0.0, 0.0, 1.0]]}, "Hobj2base": {"type": "ndarray", "data": [[0.9999961956580833, -0.0027525001719227804, 0.000180033785886487, -0.7353612651906963], [-0.0027522192703995684, -0.9999950232256103, -0.0015423401369764897, 0.08591884604553696], [0.00018427818139114336, 0.001541838776932417, -0.999998794386642, -0.0011755158126502616], [0.0, 0.0, 0.0, 1.0]]}, "mean_rme": {"type": "float", "data": 0.0016368027018111033}, "max_rme": {"type": "float", "data": 0.0054199872124153226}, "simu": {"type": "float", "data": 0.002}}, {"type": "dict", "image_number": {"type": "int", "data": 17}, "Hcamera2end": {"type": "ndarray", "data": [[0.9999912772695845, -0.0030808231956868195, -0.0028202682819173167, -0.017705172183773103], [0.0028246589643044933, 0.0014217450426934342, 0.9999949999588841, 0.024752743628774308], [-0.00307679808899529, -0.9999942435681669, 0.0014304349160518814, 0.03270219966799825], [0.0, 0.0, 0.0, 1.0]]}, "Hobj2base": {"type": "ndarray", "data": [[0.9999960605391147, -0.002806440309102102, 5.290597980110447e-05, -0.7355529068960561], [-0.002806354376293085, -0.999994845677781, -0.001559805431864171, 0.08610525899995165], [5.72832079449773e-05, 0.0015596508141437367, -0.9999987821032441, -0.000995931340321172], [0.0, 0.0, 0.0, 1.0]]}, "mean_rme": {"type": "float", "data": 0.0017085254015777277}, "max_rme": {"type": "float", "data": 0.005219245808931461}, "simu": {"type": "float", "data": 0.002}}, {"type": "dict", "image_number": {"type": "int", "data": 18}, "Hcamera2end": {"type": "ndarray", "data": [[0.9999929255756674, -0.003080073839536614, -0.002159153482398156, -0.01726570258499681], [0.002164015041989032, 0.001575932107024114, 0.9999964167320262, 0.0247259469617359], [-0.003076660123509763, -0.9999940147736571, 0.0015825862843308336, 0.032712048262389194], [0.0, 0.0, 0.0, 1.0]]}, "Hobj2base": {"type": "ndarray", "data": [[0.9999960717453292, -0.0028007807504049254, 0.0001100958603780325, -0.7353280036433176], [-0.0028006911183676157, -0.9999957532207433, -0.0008060209291935414, 0.08690157251949993], [0.00011235288072812513, 0.0008057094184397317, -0.9999996691045272, -0.0006927958145161019], [0.0, 0.0, 0.0, 1.0]]}, "mean_rme": {"type": "float", "data": 0.0017954502055636374}, "max_rme": {"type": "float", "data": 0.005086733022424572}, "simu": {"type": "float", "data": 0.002}}, {"type": "dict", "image_number": {"type": "int", "data": 19}, "Hcamera2end": {"type": "ndarray", "data": [[0.9999928341292806, -0.0030347219577536336, -0.0022632173400194406, -0.017234928090864007], [0.0022677495318230343, 0.0014908370849874286, 0.9999963173516425, 0.02474431780883195], [-0.003031336693597913, -0.9999942839173758, 0.0014977083911404954, 0.032880326263005674], [0.0, 0.0, 0.0, 1.0]]}, "Hobj2base": {"type": "ndarray", "data": [[0.9999961426681058, -0.002775240618041084, 0.00011264289318931668, -0.7353895645469768], [-0.0027751225523027644, -0.9999956136182602, -0.001035103404922414, 0.08690337023516488], [0.0001155150601078002, 0.0010347868143517902, -0.9999994579361129, -0.0006670423500549507], [0.0, 0.0, 0.0, 1.0]]}, "mean_rme": {"type": "float", "data": 0.0017485227864578337}, "max_rme": {"type": "float", "data": 0.0051149166333726015}, "simu": {"type": "float", "data": 0.002}}, {"type": "dict", "image_number": {"type": "int", "data": 20}, "Hcamera2end": {"type": "ndarray", "data": [[0.9999932076093575, -0.0029886868491929503, -0.0021569622309912076, -0.016946897022689606], [0.0021620682314848734, 0.0017062664599549748, 0.9999962070506719, 0.024610147908934368], [-0.002984995160945043, -0.9999940781853088, 0.0017127166152172135, 0.033334987535283966], [0.0, 0.0, 0.0, 1.0]]}, "Hobj2base": {"type": "ndarray", "data": [[0.999996209983022, -0.002752825091322297, -4.4425312884172946e-05, -0.7358492901630552], [-0.0027528663435145537, -0.9999957530398709, -0.00095688511172486, 0.08727050322059828], [-4.179098686657145e-05, 0.0009570037820626795, -0.9999995411985323, -0.0006828928503653658], [0.0, 0.0, 0.0, 1.0]]}, "mean_rme": {"type": "float", "data": 0.0017667667222283183}, "max_rme": {"type": "float", "data": 0.004946215900280881}, "simu": {"type": "float", "data": 0.002}}, {"type": "dict", "image_number": {"type": "int", "data": 21}, "Hcamera2end": {"type": "ndarray", "data": [[0.9999902563671751, -0.003112838484345356, -0.003130081034368051, -0.016324974145543583], [0.0031348853390320347, 0.0015397041137164003, 0.9999939008839771, 0.024278198577877535], [-0.0031080001001373967, -0.9999939697557245, 0.0015494475031322397, 0.032210814462893804], [0.0, 0.0, 0.0, 1.0]]}, "Hobj2base": {"type": "ndarray", "data": [[0.9999959369530503, -0.0028474519516745417, 0.00013451681611025202, -0.7347025646758183], [-0.0028471894536524736, -0.9999941171739752, -0.0019128851655036564, 0.08748883471007016], [0.00013996287336906813, 0.0019124943985012518, -0.9999981613860944, -0.0004723333285471677], [0.0, 0.0, 0.0, 1.0]]}, "mean_rme": {"type": "float", "data": 0.0018111994583318667}, "max_rme": {"type": "float", "data": 0.004884168998068095}, "simu": {"type": "float", "data": 0.002}}, {"type": "dict", "image_number": {"type": "int", "data": 22}, "Hcamera2end": {"type": "ndarray", "data": [[0.9999901759004045, -0.0031540618571253218, -0.0031144817352757406, -0.016407516802728294], [0.003119154256348044, 0.0014775958597631478, 0.9999940437758619, 0.024322310741986986], [-0.0031494411255086033, -0.9999939342837418, 0.0014874193491807297, 0.03235219630878909], [0.0, 0.0, 0.0, 1.0]]}, "Hobj2base": {"type": "ndarray", "data": [[0.9999957143967757, -0.00292229798606091, 0.00017709478482951467, -0.7348532852849128], [-0.0029219365356056856, -0.9999937150915479, -0.0020080000712175694, 0.08751720688915243], [0.00018296164636913393, 0.0020074740060039313, -0.9999979682845115, -0.0005037095637469694], [0.0, 0.0, 0.0, 1.0]]}, "mean_rme": {"type": "float", "data": 0.0017708138809703618}, "max_rme": {"type": "float", "data": 0.004881219626527655}, "simu": {"type": "float", "data": 0.002}}, {"type": "dict", "image_number": {"type": "int", "data": 23}, "Hcamera2end": {"type": "ndarray", "data": [[0.9999913802292156, -0.003296620407587165, -0.0025242347665483797, -0.016649835858068125], [0.0025306981499866933, 0.0019579114378517337, 0.999994881061736, 0.02454408019704328], [-0.00329166130426957, -0.9999926494113295, 0.0019662373122706356, 0.031774992160015086], [0.0, 0.0, 0.0, 1.0]]}, "Hobj2base": {"type": "ndarray", "data": [[0.9999952569795586, -0.0030738811772466628, -0.00019306189379806384, -0.7345258303933409], [-0.003074121320522476, -0.9999944859334249, -0.001256137274082398, 0.0876299064560877], [-0.0001891996125190886, 0.0012567248118815347, -0.9999991924228004, -0.000581802715744812], [0.0, 0.0, 0.0, 1.0]]}, "mean_rme": {"type": "float", "data": 0.0017053192332061342}, "max_rme": {"type": "float", "data": 0.004990271592714479}, "simu": {"type": "float", "data": 0.002}}, {"type": "dict", "image_number": {"type": "int", "data": 24}, "Hcamera2end": {"type": "ndarray", "data": [[0.9999907720243081, -0.0033648746490582714, -0.0026708584433597633, -0.016623801887465574], [0.0026769950157003977, 0.0018205329849548813, 0.9999947596649377, 0.024396035907152634], [-0.0033599946300933866, -0.9999926816123439, 0.0018295239377847938, 0.031151946816893396], [0.0, 0.0, 0.0, 1.0]]}, "Hobj2base": {"type": "ndarray", "data": [[0.9999950983547052, -0.0031303345544083246, -6.536161561092016e-05, -0.7338603218671013], [-0.0031304209876686817, -0.9999941658148621, -0.0013670408473201445, 0.08765745800981169], [-6.108193907749988e-05, 0.001367238755944104, -0.9999990634631519, -0.0004278832385117143], [0.0, 0.0, 0.0, 1.0]]}, "mean_rme": {"type": "float", "data": 0.0017120674817410091}, "max_rme": {"type": "float", "data": 0.005017504550685614}, "simu": {"type": "float", "data": 0.002}}, {"type": "dict", "image_number": {"type": "int", "data": 25}, "Hcamera2end": {"type": "ndarray", "data": [[0.9999908846729886, -0.0033290013394131172, -0.0026736344207614906, -0.01657570762994281], [0.0026794928161228337, 0.0017565909918159095, 0.9999948673399959, 0.024367150130171964], [-0.00332428777064217, -0.9999929160439938, 0.0017654950150883808, 0.03117345982909364], [0.0, 0.0, 0.0, 1.0]]}, "Hobj2base": {"type": "ndarray", "data": [[0.9999951441795153, -0.0031158332458830302, -5.657361880544549e-05, -0.7337898457750468], [-0.00311591170095448, -0.999994102777451, -0.0014441276231628327, 0.08762994911479195], [-5.207362431867622e-05, 0.0014442968891391387, -0.9999989556468711, -0.0004275093208892322], [0.0, 0.0, 0.0, 1.0]]}, "mean_rme": {"type": "float", "data": 0.0016905912229185343}, "max_rme": {"type": "float", "data": 0.004979199919298516}, "simu": {"type": "float", "data": 0.002}}, {"type": "dict", "image_number": {"type": "int", "data": 26}, "Hcamera2end": {"type": "ndarray", "data": [[0.9999918689583772, -0.0030008237805280082, -0.002693895649401382, -0.01655983222055449], [0.002699354738045016, 0.0018166344362299247, 0.999994706647652, 0.02411167965510842], [-0.00299591407250609, -0.9999938474290548, 0.0018247199529897173, 0.0312186024630736], [0.0, 0.0, 0.0, 1.0]]}, "Hobj2base": {"type": "ndarray", "data": [[0.9999961038258562, -0.002791457092287887, -1.00204406404395e-05, -0.7338977677803159], [-0.002791468268603543, -0.9999951502867981, -0.001380980734718889, 0.08751820124708905], [-6.165443577932255e-06, 0.0013810033259195427, -0.9999990463954458, -0.00018514418709810016], [0.0, 0.0, 0.0, 1.0]]}, "mean_rme": {"type": "float", "data": 0.0016340002496644439}, "max_rme": {"type": "float", "data": 0.004988726604658988}, "simu": {"type": "float", "data": 0.002}}, {"type": "dict", "image_number": {"type": "int", "data": 27}, "Hcamera2end": {"type": "ndarray", "data": [[0.9999935491558514, -0.002498017172787159, -0.0025809992034735766, -0.016438718574763478], [0.0025856397693087645, 0.001856256512820953, 0.9999949343765407, 0.02385187566412015], [-0.002493213522191733, -0.9999951570992548, 0.0018627035109458623, 0.031229486149396635], [0.0, 0.0, 0.0, 1.0]]}, "Hobj2base": {"type": "ndarray", "data": [[0.999997311889922, -0.0023171458172874795, 8.395350763608066e-05, -0.7340381339165717], [-0.002317042218523033, -0.9999965790316121, -0.0012137711605317155, 0.08751396818867328], [8.676570520155523e-05, 0.0012135733739596407, -0.9999992598554153, 0.00012976899378203534], [0.0, 0.0, 0.0, 1.0]]}, "mean_rme": {"type": "float", "data": 0.0016326614989214932}, "max_rme": {"type": "float", "data": 0.005074620696347121}, "simu": {"type": "float", "data": 0.002}}, {"type": "dict", "image_number": {"type": "int", "data": 28}, "Hcamera2end": {"type": "ndarray", "data": [[0.9999942309450919, -0.00202313847748731, -0.0027285503908237516, -0.01648040561456181], [0.0027323141366769462, 0.0018599258466052149, 0.9999945375527327, 0.023950862947366338], [-0.002018052524804404, -0.9999962237861432, 0.0018654429664534122, 0.031250989855829844], [0.0, 0.0, 0.0, 1.0]]}, "Hobj2base": {"type": "ndarray", "data": [[0.9999982298839083, -0.001864493250814884, 0.0002527725615272623, -0.7340901492746729], [-0.0018641780572076672, -0.9999974917573751, -0.0012414987427955232, 0.08742309136344582], [0.0002550866935391866, 0.0012410253321359574, -0.9999991973931293, -3.540468807439983e-05], [0.0, 0.0, 0.0, 1.0]]}, "mean_rme": {"type": "float", "data": 0.001624597353173982}, "max_rme": {"type": "float", "data": 0.005059699507063864}, "simu": {"type": "float", "data": 0.002}}, {"type": "dict", "image_number": {"type": "int", "data": 29}, "Hcamera2end": {"type": "ndarray", "data": [[0.9999945575954383, -0.0018263471678686774, -0.002747587218988213, -0.016341672592386794], [0.0027509388545648356, 0.0018351861983008089, 0.9999945321985698, 0.02380842951364178], [-0.0018212948476221057, -0.9999966482682031, 0.001840200379861101, 0.03128503024376513], [0.0, 0.0, 0.0, 1.0]]}, "Hobj2base": {"type": "ndarray", "data": [[0.9999985045885113, -0.0016911288973045057, 0.0003618062933369887, -0.7340958672708319], [-0.0016906942536798546, -0.9999978528513978, -0.001198267722804334, 0.08748227903673288], [0.00036383194165785326, 0.0011976542270799246, -0.9999992166250289, 0.00014113323800316334], [0.0, 0.0, 0.0, 1.0]]}, "mean_rme": {"type": "float", "data": 0.001593010104716196}, "max_rme": {"type": "float", "data": 0.005120131156848062}, "simu": {"type": "float", "data": 0.002}}, {"type": "dict", "image_number": {"type": "int", "data": 30}, "Hcamera2end": {"type": "ndarray", "data": [[0.9999945833237815, -0.0018103379136096263, -0.002748817879563585, -0.016353301873874092], [0.002752080297913227, 0.001802085869194503, 0.9999945892556389, 0.02382707222944309], [-0.0018053745124762173, -0.9999967375762576, 0.0018070583031835064, 0.03138054564518516], [0.0, 0.0, 0.0, 1.0]]}, "Hobj2base": {"type": "ndarray", "data": [[0.9999984832988126, -0.0016936981239053903, 0.0004059393297959807, -0.7341464156083278], [-0.0016931658003768008, -0.9999977110117586, -0.0013081134571148493, 0.08746911064949396], [0.00040815394991379874, 0.0013074241505073774, -0.9999990620257824, 0.0001608855764593557], [0.0, 0.0, 0.0, 1.0]]}, "mean_rme": {"type": "float", "data": 0.0015635201636780324}, "max_rme": {"type": "float", "data": 0.005163546709637812}, "simu": {"type": "float", "data": 0.002}}]}