{"type": "list", "data": [{"type": "dict", "image_number": {"type": "int", "data": 5}, "Hcamera2end": {"type": "ndarray", "data": [[0.9999833425324792, -0.005458681527286177, -0.00187548755100792, -0.017289628796472126], [0.001881381543835415, 0.0010748119829092628, 0.9999976525885891, 0.03202056509068621], [-0.005456652917021249, -0.9999845236678343, 0.0010850639419426322, 0.03202980725734549], [0.0, 0.0, 0.0, 1.0]]}, "Hobj2base": {"type": "ndarray", "data": [[0.9999858082853033, -0.0052819787505380515, 0.0006956496730225874, -0.7357802692632848], [-0.005279478543424998, -0.9999797686588587, -0.0035481515308678387, 0.08903781596523459], [0.0007143768600864703, 0.0035444285089911483, -0.9999934633247596, -0.0010354857254243123], [0.0, 0.0, 0.0, 1.0]]}, "mean_rme": {"type": "float", "data": 0.0009136809959466133}, "max_rme": {"type": "float", "data": 0.0027116502702420053}, "simu": {"type": "float", "data": 0.002}}, {"type": "dict", "image_number": {"type": "int", "data": 6}, "Hcamera2end": {"type": "ndarray", "data": [[0.9999816228566982, -0.005575366988959626, -0.002381014872387057, -0.016875102346966285], [0.00238503511385435, 0.0007145343531301807, 0.9999969005192788, 0.032089756303685615], [-0.005573648391295493, -0.999984202237014, 0.0007278186680712562, 0.03218498346561378], [0.0, 0.0, 0.0, 1.0]]}, "Hobj2base": {"type": "ndarray", "data": [[0.9999848186175644, -0.005451327368814562, 0.0008034701704356611, -0.7354928940357225], [-0.005448800542963963, -0.9999803058927181, -0.003114225320980749, 0.08914322038778026], [0.000820431008532844, 0.0031098000940342355, -0.9999948280047934, -0.0006961051164198021], [0.0, 0.0, 0.0, 1.0]]}, "mean_rme": {"type": "float", "data": 0.0009751269492770553}, "max_rme": {"type": "float", "data": 0.003032996645453312}, "simu": {"type": "float", "data": 0.002}}, {"type": "dict", "image_number": {"type": "int", "data": 7}, "Hcamera2end": {"type": "ndarray", "data": [[0.9999844464505181, -0.005140697982419416, -0.002163349556695909, -0.015100408975995318], [0.002164749950852426, 0.00026686464312586367, 0.9999976213176273, 0.03209793247555686], [-0.005140108432824337, -0.9999867509159889, 0.0002779888181381196, 0.031174872280379306], [0.0, 0.0, 0.0, 1.0]]}, "Hobj2base": {"type": "ndarray", "data": [[0.9999862253840177, -0.005082641526696143, 0.0013098844741730744, -0.7340237246700964], [-0.005078751601458324, -0.9999827337834672, -0.002956081378156345, 0.09067248720703362], [0.001324886559393021, 0.002949388081399616, -0.9999947728791136, -0.0007455811650288191], [0.0, 0.0, 0.0, 1.0]]}, "mean_rme": {"type": "float", "data": 0.000977918130631279}, "max_rme": {"type": "float", "data": 0.003647246805187465}, "simu": {"type": "float", "data": 0.002}}, {"type": "dict", "image_number": {"type": "int", "data": 8}, "Hcamera2end": {"type": "ndarray", "data": [[0.9999856383004742, -0.00492301733651611, -0.002118275972971921, -0.014948961871840532], [0.00211920019897067, 0.0001825267942944242, 0.9999977378346846, 0.032033908628542815], [-0.004922619557714265, -0.9999878652185107, 0.00019295703221844374, 0.031659574486901036], [0.0, 0.0, 0.0, 1.0]]}, "Hobj2base": {"type": "ndarray", "data": [[0.9999872338242538, -0.004908461034457906, 0.0011996661162179257, -0.7342544417305432], [-0.004905190858054957, -0.9999842870352162, -0.002713813795457338, 0.09031739904482447], [0.001212967915176266, 0.0027078945591674924, -0.9999955979982578, -0.00048372994737692215], [0.0, 0.0, 0.0, 1.0]]}, "mean_rme": {"type": "float", "data": 0.001153855067361752}, "max_rme": {"type": "float", "data": 0.003855561471529656}, "simu": {"type": "float", "data": 0.002}}, {"type": "dict", "image_number": {"type": "int", "data": 9}, "Hcamera2end": {"type": "ndarray", "data": [[0.9999860632766653, -0.0047162604911577255, -0.0023727914819288883, -0.015539694658719065], [0.0023725259691960016, -6.189126722366822e-05, 0.9999971836410322, 0.032175221256515826], [-0.004716394063546872, -0.9999888764663587, -5.0700954169480283e-05, 0.032420309612038734], [0.0, 0.0, 0.0, 1.0]]}, "Hobj2base": {"type": "ndarray", "data": [[0.9999877974738359, -0.004709199319377982, 0.0014927642803839966, -0.7350047316450712], [-0.00470482046311138, -0.9999846589324624, -0.002923450724230233, 0.08975985773465826], [0.0015065084919471334, 0.002916391862813329, -0.9999946125308208, -0.0005329080795422972], [0.0, 0.0, 0.0, 1.0]]}, "mean_rme": {"type": "float", "data": 0.0012106032569332657}, "max_rme": {"type": "float", "data": 0.0038497226482122615}, "simu": {"type": "float", "data": 0.002}}, {"type": "dict", "image_number": {"type": "int", "data": 10}, "Hcamera2end": {"type": "ndarray", "data": [[0.999987777719174, -0.004529722338373107, -0.0019814206532211467, -0.01558722535412078], [0.0019823925643574205, 0.00021008326966331925, 0.9999980129903963, 0.03251000405286663], [-0.004529297074441911, -0.9999897186874258, 0.00021906038984886855, 0.03181452600826004], [0.0, 0.0, 0.0, 1.0]]}, "Hobj2base": {"type": "ndarray", "data": [[0.999989075314035, -0.0045218041690753335, 0.0011842886631600285, -0.7346230731542506], [-0.004518817843886557, -0.9999866342990349, -0.002512271598014774, 0.08977832385355498], [0.0011956328344976531, 0.0025068925674931065, -0.9999961429684519, -8.819771850989145e-05], [0.0, 0.0, 0.0, 1.0]]}, "mean_rme": {"type": "float", "data": 0.0013586003114009848}, "max_rme": {"type": "float", "data": 0.00584937103261618}, "simu": {"type": "float", "data": 0.002}}, {"type": "dict", "image_number": {"type": "int", "data": 11}, "Hcamera2end": {"type": "ndarray", "data": [[0.9999885138548545, -0.004759340288479057, -0.000566425968588905, -0.015762082410198528], [0.000566134569577981, -6.257376351848087e-05, 0.9999998377880736, 0.0325710833900516], [-0.004759374959861909, -0.9999886723181132, -5.987861772149827e-05, 0.03154497509171728], [0.0, 0.0, 0.0, 1.0]]}, "Hobj2base": {"type": "ndarray", "data": [[0.9999879985686727, -0.004778164017290319, 0.0010825281724372463, -0.7343215492456913], [-0.004777025557612151, -0.9999880367755116, -0.0010518235022030963, 0.09045641637425364], [0.0010875410071204716, 0.0010466396140689982, -0.9999988608993893, 0.00012490936641295687], [0.0, 0.0, 0.0, 1.0]]}, "mean_rme": {"type": "float", "data": 0.0012878885988946264}, "max_rme": {"type": "float", "data": 0.005860600744181654}, "simu": {"type": "float", "data": 0.002}}, {"type": "dict", "image_number": {"type": "int", "data": 12}, "Hcamera2end": {"type": "ndarray", "data": [[0.9999873032031416, -0.0050386377568848485, 7.457924050786142e-05, -0.01640064566159699], [-7.520148497000036e-05, -0.00012330523684744854, 0.9999999895702774, 0.032575560607676385], [-0.005038628508322341, -0.999987298382021, -0.0001236825843073941, 0.03252076841776315], [0.0, 0.0, 0.0, 1.0]]}, "Hobj2base": {"type": "ndarray", "data": [[0.9999867746785829, -0.005048503878166048, 0.000981364619933482, -0.7351357674015885], [-0.005048109215656432, -0.9999871765180539, -0.000404218748210923, 0.08996303806344785], [0.0009833927353399665, 0.0003992593665062497, -0.9999994367651843, 0.00024888803707184365], [0.0, 0.0, 0.0, 1.0]]}, "mean_rme": {"type": "float", "data": 0.0013196379640607514}, "max_rme": {"type": "float", "data": 0.005850993206001631}, "simu": {"type": "float", "data": 0.002}}, {"type": "dict", "image_number": {"type": "int", "data": 13}, "Hcamera2end": {"type": "ndarray", "data": [[0.9999856888316903, -0.005349733751898419, -4.98055603595322e-05, -0.015725295867645126], [4.902316120842425e-05, -0.00014638114206921848, 0.9999999880846453, 0.032645267124286795], [-0.005349740978749251, -0.9999856793581321, -0.00014611678632392433, 0.0327465119187441], [0.0, 0.0, 0.0, 1.0]]}, "Hobj2base": {"type": "ndarray", "data": [[0.9999852850622832, -0.005347407374799964, 0.0009137249433706742, -0.7349852305283657], [-0.005346995297955775, -0.9999856021872537, -0.0004528349367169007, 0.09068527790031292], [0.0009161332806102047, 0.00044794259030318307, -0.999999480023489, 0.00029803313573802435], [0.0, 0.0, 0.0, 1.0]]}, "mean_rme": {"type": "float", "data": 0.001365063591119359}, "max_rme": {"type": "float", "data": 0.005708609180952728}, "simu": {"type": "float", "data": 0.002}}, {"type": "dict", "image_number": {"type": "int", "data": 14}, "Hcamera2end": {"type": "ndarray", "data": [[0.9999910930341762, -0.004218272542417396, -0.00014152410195314826, -0.015648650337271218], [0.0001411497866773137, -8.903420005146323e-05, 0.9999999860748245, 0.03134989642847156], [-0.004218285084162415, -0.9999910990852217, -8.843799875757341e-05, 0.03271281609294501], [0.0, 0.0, 0.0, 1.0]]}, "Hobj2base": {"type": "ndarray", "data": [[0.9999904831707341, -0.0042190860842857, 0.0011103515546984275, -0.735050534511606], [-0.004218801952795774, -0.9999910675044585, -0.00025811117115785584, 0.09041530728854916], [0.0011114306297385463, 0.0002534243614506568, -0.9999993502488131, 0.0015945389238194798], [0.0, 0.0, 0.0, 1.0]]}, "mean_rme": {"type": "float", "data": 0.0013351393608461637}, "max_rme": {"type": "float", "data": 0.005688068393655876}, "simu": {"type": "float", "data": 0.002}}, {"type": "dict", "image_number": {"type": "int", "data": 15}, "Hcamera2end": {"type": "ndarray", "data": [[0.9999918502707177, -0.004034809726709992, -0.0001403660068515129, -0.015792527464250316], [0.00014235434611264107, 0.0004925133259888748, 0.9999998685829236, 0.03129420758927135], [-0.0040347400643382025, -0.9999917388364233, 0.0004930836848389131, 0.03274208486563362], [0.0, 0.0, 0.0, 1.0]]}, "Hobj2base": {"type": "ndarray", "data": [[0.9999914128638122, -0.004094912558452636, 0.0006370947929456086, -0.7353979544456969], [-0.004094937028534182, -0.9999916150216674, 3.710916011271525e-05, 0.09045521863626127], [0.0006369374921537947, -3.971770450962283e-05, -0.999999796366547, 0.0016642204049697185], [0.0, 0.0, 0.0, 1.0]]}, "mean_rme": {"type": "float", "data": 0.0013487867871996174}, "max_rme": {"type": "float", "data": 0.005799896252506098}, "simu": {"type": "float", "data": 0.002}}, {"type": "dict", "image_number": {"type": "int", "data": 16}, "Hcamera2end": {"type": "ndarray", "data": [[0.9999918489531004, -0.004028478441872454, -0.0002709036782290125, -0.0163601280921745], [0.0002739130452762287, 0.0007464902829946718, 0.9999996838619006, 0.032039738230148614], [-0.00402827494135351, -0.9999916070216294, 0.0007475876511151558, 0.032963577665530173], [0.0, 0.0, 0.0, 1.0]]}, "Hobj2base": {"type": "ndarray", "data": [[0.9999916573342429, -0.004039272613541298, 0.0006078969219126354, -0.7351852950627875], [-0.004039047688008791, -0.9999917742741591, -0.0003707799794755364, 0.08981363968535261], [0.0006093896029359611, 0.0003683215615250993, -0.9999997464917374, 0.0006663336536470166], [0.0, 0.0, 0.0, 1.0]]}, "mean_rme": {"type": "float", "data": 0.001583078843207227}, "max_rme": {"type": "float", "data": 0.0074346918069473356}, "simu": {"type": "float", "data": 0.002}}, {"type": "dict", "image_number": {"type": "int", "data": 17}, "Hcamera2end": {"type": "ndarray", "data": [[0.9999929213512361, -0.003756681365931345, 0.00021116944724230654, -0.017052138782877015], [-0.0002092625846300514, 0.0005079781471434286, 0.9999998490836751, 0.031918119988865734], [-0.0037567880684513423, -0.9999928146258438, 0.0005071884184921771, 0.03297086500654846], [0.0, 0.0, 0.0, 1.0]]}, "Hobj2base": {"type": "ndarray", "data": [[0.9999926696075918, -0.0037609423193788517, 0.00071836199231436, -0.7349757753303644], [-0.00376103640897927, -0.9999929188700778, 0.0001296720175463322, 0.08935536267158103], [0.0007178692165213321, -0.00013237285260748043, -0.9999997335705724, 0.0006467602761098747], [0.0, 0.0, 0.0, 1.0]]}, "mean_rme": {"type": "float", "data": 0.0016452580234927435}, "max_rme": {"type": "float", "data": 0.007279355018106837}, "simu": {"type": "float", "data": 0.002}}, {"type": "dict", "image_number": {"type": "int", "data": 18}, "Hcamera2end": {"type": "ndarray", "data": [[0.9999934128845348, -0.0036295994906486214, -1.3967026040315883e-05, -0.017055281799006058], [1.5686243659433123e-05, 0.0004736378944282249, 0.9999998877105372, 0.03197609622073474], [-0.003629592467770039, -0.9999933008149018, 0.00047369170930267046, 0.03310823802945773], [0.0, 0.0, 0.0, 1.0]]}, "Hobj2base": {"type": "ndarray", "data": [[0.999993182439945, -0.0036281193908364365, 0.0006868939633758403, -0.7351423422850308], [-0.0036280539299152234, -0.9999934139324069, -9.652196810087329e-05, 0.08925530512752393], [0.0006872396326698771, 9.402922171329837e-05, -0.9999997594300669, 0.0006119238714477985], [0.0, 0.0, 0.0, 1.0]]}, "mean_rme": {"type": "float", "data": 0.0015819719264193598}, "max_rme": {"type": "float", "data": 0.007290321476019157}, "simu": {"type": "float", "data": 0.002}}, {"type": "dict", "image_number": {"type": "int", "data": 19}, "Hcamera2end": {"type": "ndarray", "data": [[0.9999924864816124, -0.003875635250023598, 8.01980732562154e-05, -0.01676423036106359], [-7.85957343581434e-05, 0.00041358957132520136, 0.9999999113831844, 0.03213082587940496], [-0.0038756680756638837, -0.9999924041686891, 0.0004132818554136719, 0.033576075166372316], [0.0, 0.0, 0.0, 1.0]]}, "Hobj2base": {"type": "ndarray", "data": [[0.9999922996662939, -0.003864470866910929, 0.0006829883131882726, -0.7356594991554024], [-0.0038644905301102226, -0.9999925324512178, 2.7472589152377306e-05, 0.08946743693540771], [0.0006828770459193081, -3.0111779472765098e-05, -0.9999997663860833, 0.0006749107027357461], [0.0, 0.0, 0.0, 1.0]]}, "mean_rme": {"type": "float", "data": 0.0016146522835028911}, "max_rme": {"type": "float", "data": 0.0074422233937591065}, "simu": {"type": "float", "data": 0.002}}, {"type": "dict", "image_number": {"type": "int", "data": 20}, "Hcamera2end": {"type": "ndarray", "data": [[0.9999932269448742, -0.0036793868932744256, -9.04238183804841e-05, -0.01640772398543385], [9.201656075592183e-05, 0.00043271556832580327, 0.99999990214509, 0.03218348345143461], [-0.0036793474054343917, -0.9999931374111157, 0.0004330512020470634, 0.03352038756784504], [0.0, 0.0, 0.0, 1.0]]}, "Hobj2base": {"type": "ndarray", "data": [[0.9999930752478581, -0.0036719978142595714, 0.0006048870834442289, -0.7355445384564713], [-0.0036719254662409798, -0.9999932511779264, -0.00012067298909987008, 0.08967639202548854], [0.0006053261121211431, 0.00011845105318343125, -0.9999998097748044, 0.0006056902261953295], [0.0, 0.0, 0.0, 1.0]]}, "mean_rme": {"type": "float", "data": 0.00159201820308473}, "max_rme": {"type": "float", "data": 0.007315495634388602}, "simu": {"type": "float", "data": 0.002}}, {"type": "dict", "image_number": {"type": "int", "data": 21}, "Hcamera2end": {"type": "ndarray", "data": [[0.9999931159874036, -0.003710289744183605, 4.156702222960786e-05, -0.016427423114985587], [-4.006013897007196e-05, 0.0004062096696453299, 0.9999999166944412, 0.03203985917955099], [-0.0037103063200222127, -0.999993034347599, 0.00040605823857009504, 0.03316132209907387], [0.0, 0.0, 0.0, 1.0]]}, "Hobj2base": {"type": "ndarray", "data": [[0.9999929785849083, -0.0037036549106127, 0.0005707198840884686, -0.735217178969797], [-0.0037036614928547137, -0.9999931413673715, 1.0476778355232034e-05, 0.08987894675256583], [0.000570677167358847, -1.2590458051327345e-05, -0.9999998370845125, 0.0006814859861728182], [0.0, 0.0, 0.0, 1.0]]}, "mean_rme": {"type": "float", "data": 0.0016163746034263053}, "max_rme": {"type": "float", "data": 0.007372651680963627}, "simu": {"type": "float", "data": 0.002}}, {"type": "dict", "image_number": {"type": "int", "data": 22}, "Hcamera2end": {"type": "ndarray", "data": [[0.9999941598569239, -0.0034061662240957493, -0.0002797922423069209, -0.016440806071158186], [0.0002813933515384466, 0.0004695918154152823, 0.9999998501506432, 0.032051235010031716], [-0.003406034325536927, -0.999994088740119, 0.00047054754546160815, 0.03299295924191337], [0.0, 0.0, 0.0, 1.0]]}, "Hobj2base": {"type": "ndarray", "data": [[0.9999941439185721, -0.003403304029262649, 0.0003600697801185552, -0.7352562915032596], [-0.003403243671596055, -0.9999941948192872, -0.0001681078143332, 0.0896205734272034], [0.0003606398118502831, 0.00016688142467962913, -0.999999921044755, 0.0005483740909426352], [0.0, 0.0, 0.0, 1.0]]}, "mean_rme": {"type": "float", "data": 0.0016406771748437756}, "max_rme": {"type": "float", "data": 0.0074564181986994105}, "simu": {"type": "float", "data": 0.002}}, {"type": "dict", "image_number": {"type": "int", "data": 23}, "Hcamera2end": {"type": "ndarray", "data": [[0.9999942388205507, -0.003380030524712257, -0.00031260095865144524, -0.016235566607739678], [0.0003142184471512555, 0.00047802212632630514, 0.9999998363807937, 0.03212717181518025], [-0.0033798805414993996, -0.9999941734272749, 0.00047908144029784605, 0.03302537678837043], [0.0, 0.0, 0.0, 1.0]]}, "Hobj2base": {"type": "ndarray", "data": [[0.9999942319625378, -0.003379523399941565, 0.00033891480271340676, -0.7352169208191068], [-0.0033794591843955392, -0.9999942715864687, -0.00018986802911781858, 0.08980406666494872], [0.0003395545247165695, 0.00018872158520915632, -0.999999924543441, 0.0005343794966453266], [0.0, 0.0, 0.0, 1.0]]}, "mean_rme": {"type": "float", "data": 0.0016286563607131631}, "max_rme": {"type": "float", "data": 0.007372272391349188}, "simu": {"type": "float", "data": 0.002}}, {"type": "dict", "image_number": {"type": "int", "data": 24}, "Hcamera2end": {"type": "ndarray", "data": [[0.9999941966292075, -0.0033988761304720146, -0.0002331286246699618, -0.016359898340117824], [0.00023475379648321758, 0.0004777586524409294, 0.9999998583186525, 0.032017911086397836], [-0.0033987642696970966, -0.9999941096765119, 0.0004785537789057104, 0.03285357221615758], [0.0, 0.0, 0.0, 1.0]]}, "Hobj2base": {"type": "ndarray", "data": [[0.9999941770129797, -0.0033994356916598125, 0.0002996282891961314, -0.7350221742763973], [-0.0033994011127800217, -0.9999942153098822, -0.00011583975060503158, 0.08981398282344642], [0.0003000203457220475, 0.00011482051933195366, -0.999999948402019, 0.0005840599467662466], [0.0, 0.0, 0.0, 1.0]]}, "mean_rme": {"type": "float", "data": 0.001631996151287977}, "max_rme": {"type": "float", "data": 0.007355849024099359}, "simu": {"type": "float", "data": 0.002}}, {"type": "dict", "image_number": {"type": "int", "data": 25}, "Hcamera2end": {"type": "ndarray", "data": [[0.9999977232100559, -0.0021279986450800353, -0.00015873396283607637, -0.01632989669231287], [0.00015978506138144828, 0.0004937766891981443, 0.9999998653266484, 0.03233435373328697], [-0.0021279199793646938, -0.999997613900327, 0.0004941155873664504, 0.03275091658797269], [0.0, 0.0, 0.0, 1.0]]}, "Hobj2base": {"type": "ndarray", "data": [[0.9999976241085483, -0.0021476770998148267, 0.0003731760087211509, -0.7351919076285356], [-0.0021476550837365503, -0.9999976920227363, -5.93872146049975e-05, 0.08970622596377549], [0.00037330269200023646, 5.858562015516349e-05, -0.9999999286064096, 0.0003385962302796308], [0.0, 0.0, 0.0, 1.0]]}, "mean_rme": {"type": "float", "data": 0.001616830661143739}, "max_rme": {"type": "float", "data": 0.007257199238969614}, "simu": {"type": "float", "data": 0.002}}, {"type": "dict", "image_number": {"type": "int", "data": 26}, "Hcamera2end": {"type": "ndarray", "data": [[0.9999972875570502, -0.002322212956295238, -0.00017945898638132272, -0.01641211941695506], [0.0001805817174879321, 0.0004832740118346779, 0.9999998669182275, 0.03227441952833113], [-0.002322125919386713, -0.9999971868826507, 0.00048369205018550243, 0.03285027806059012], [0.0, 0.0, 0.0, 1.0]]}, "Hobj2base": {"type": "ndarray", "data": [[0.9999972139908528, -0.0023322316410425174, 0.0003642884914943438, -0.7351545085232318], [-0.0023322056166852163, -0.999997277823756, -7.184733672267788e-05, 0.08961551384166434], [0.0003644550644688954, 7.099754088938367e-05, -0.9999999310659253, 0.00024601498195831763], [0.0, 0.0, 0.0, 1.0]]}, "mean_rme": {"type": "float", "data": 0.0016602949654857292}, "max_rme": {"type": "float", "data": 0.007180884368638174}, "simu": {"type": "float", "data": 0.002}}, {"type": "dict", "image_number": {"type": "int", "data": 27}, "Hcamera2end": {"type": "ndarray", "data": [[0.9999965487387994, -0.0026229929152997216, -0.00014972860899019075, -0.016447560119008046], [0.0001512479440082279, 0.0005790483944468905, 0.9999998209134922, 0.03227368892209641], [-0.0026229057454464416, -0.9999963922990538, 0.0005794431182851723, 0.0329687415341962], [0.0, 0.0, 0.0, 1.0]]}, "Hobj2base": {"type": "ndarray", "data": [[0.999996454466154, -0.0026506211940007583, 0.0002554650800404012, -0.7352090411263594], [-0.0026505952100472105, -0.9999964819646028, -0.00010199730385287611, 0.08954821456348458], [0.0002557345375205303, 0.00010131980770049368, -0.9999999621670705, 0.00018314013944903396], [0.0, 0.0, 0.0, 1.0]]}, "mean_rme": {"type": "float", "data": 0.0016755236262616584}, "max_rme": {"type": "float", "data": 0.007151355323788189}, "simu": {"type": "float", "data": 0.002}}, {"type": "dict", "image_number": {"type": "int", "data": 28}, "Hcamera2end": {"type": "ndarray", "data": [[0.9999963848234925, -0.002688838798872069, 2.2042214959853415e-05, -0.016353414372242747], [-2.038466180153656e-05, 0.0006164827210916046, 0.9999998097667419, 0.03222236030370486], [-0.002688851876010162, -0.9999961950402451, 0.0006164256813282476, 0.03299881514074799], [0.0, 0.0, 0.0, 1.0]]}, "Hobj2base": {"type": "ndarray", "data": [[0.9999963088675259, -0.002711845401815142, 0.000167767221231049, -0.735310417771654], [-0.002711852912698088, -0.9999963219274006, 4.4558399471965966e-05, 0.08971234150173557], [0.00016764576868030917, -4.501319502856136e-05, -0.9999999849343544, 0.00014635003113200318], [0.0, 0.0, 0.0, 1.0]]}, "mean_rme": {"type": "float", "data": 0.0016783242293381539}, "max_rme": {"type": "float", "data": 0.007219449054898963}, "simu": {"type": "float", "data": 0.002}}, {"type": "dict", "image_number": {"type": "int", "data": 29}, "Hcamera2end": {"type": "ndarray", "data": [[0.9999965163097035, -0.002638907529685269, 5.94601266528114e-05, -0.016225036774428124], [-5.7965293572984165e-05, 0.0005665319281307202, 0.9999998378407862, 0.03223490465087341], [-0.002638940787822299, -0.9999963575976782, 0.0005663769894592718, 0.033075900990448], [0.0, 0.0, 0.0, 1.0]]}, "Hobj2base": {"type": "ndarray", "data": [[0.9999964432913832, -0.0026600719144733794, 0.00019344764992904498, -0.7354273122541], [-0.0026600910851634816, -0.9999964570597932, 9.89104647390481e-05, 0.08981764140161536], [0.00019318385560628825, -9.942470131236794e-05, -0.9999999763973633, 0.00011228354185268953], [0.0, 0.0, 0.0, 1.0]]}, "mean_rme": {"type": "float", "data": 0.0016461552224496354}, "max_rme": {"type": "float", "data": 0.007273557495514171}, "simu": {"type": "float", "data": 0.002}}, {"type": "dict", "image_number": {"type": "int", "data": 30}, "Hcamera2end": {"type": "ndarray", "data": [[0.999996778522259, -0.0025377301815144864, 5.3578259639852676e-05, -0.016281266719772272], [-5.213221572642878e-05, 0.0005698805545928387, 0.9999998362591793, 0.03222783719401411], [-0.0025377602991927817, -0.9999966175751192, 0.000569746421237971, 0.033093568470542636], [0.0, 0.0, 0.0, 1.0]]}, "Hobj2base": {"type": "ndarray", "data": [[0.9999966278407229, -0.0025900766927078375, 0.000189235062296222, -0.7354003739275341], [-0.002590092812292692, -0.9999966420925352, 8.498751242912884e-05, 0.08975176407511198], [0.00018901430268727985, -8.547736221238755e-05, -0.9999999784836067, 0.0001362195632039024], [0.0, 0.0, 0.0, 1.0]]}, "mean_rme": {"type": "float", "data": 0.0016219853083797179}, "max_rme": {"type": "float", "data": 0.007204079900298699}, "simu": {"type": "float", "data": 0.002}}]}