{"type": "list", "data": [{"type": "dict", "image_number": {"type": "int", "data": 5}, "Hcamera2end": {"type": "ndarray", "data": [[0.9999968589242978, 0.0020117306994535526, -0.0014950187727553123, -0.017454306427425265], [0.0014947087699057572, 0.000155592244208691, 0.9999988708177356, 0.027965216343241492], [0.0020119610411689134, -0.9999979643632511, 0.00015258480396251883, 0.038789550012709], [0.0, 0.0, 0.0, 1.0]]}, "Hobj2base": {"type": "ndarray", "data": [[0.9999946265897786, 0.002350364671657227, 0.002285295928210543, -0.7413780966401846], [0.002348733697132954, -0.9999969853179724, 0.0007161040334394265, 0.08790984493521674], [0.0022869721443914076, -0.0007107326339641849, -0.999997132304655, 0.0026837586436538998], [0.0, 0.0, 0.0, 1.0]]}, "mean_rme": {"type": "float", "data": 0.0014437142706951133}, "max_rme": {"type": "float", "data": 0.002690004819144276}, "simu": {"type": "float", "data": 0.002}}, {"type": "dict", "image_number": {"type": "int", "data": 6}, "Hcamera2end": {"type": "ndarray", "data": [[0.9999984562734906, 0.0014615005349731714, -0.0009754316080334671, -0.018741202044298542], [0.0009731210670759853, 0.0015808153970501282, 0.9999982770275505, 0.02781026336220328], [0.0014630399941527633, -0.9999976825167481, 0.001579390739743447, 0.038456171165055134], [0.0, 0.0, 0.0, 1.0]]}, "Hobj2base": {"type": "ndarray", "data": [[0.9999984856176745, 0.0014425851116721586, 0.0009735042646649127, -0.74135660644392], [0.00144160581836111, -0.9999984549680707, 0.0010058996646507624, 0.08712822551864309], [0.000974953856449802, -0.0010044947319219485, -0.9999990202271754, 0.0034670287812286114], [0.0, 0.0, 0.0, 1.0]]}, "mean_rme": {"type": "float", "data": 0.0012665390636614632}, "max_rme": {"type": "float", "data": 0.003010899284743518}, "simu": {"type": "float", "data": 0.002}}, {"type": "dict", "image_number": {"type": "int", "data": 7}, "Hcamera2end": {"type": "ndarray", "data": [[0.9999976469686624, 0.001059611600654334, -0.001892955465430805, -0.016810467758951564], [0.001890733555985716, 0.002093998125143326, 0.9999960201413167, 0.027682143939247228], [0.0010635712287454962, -0.9999972461937623, 0.002091989754690493, 0.036670310811167194], [0.0, 0.0, 0.0, 1.0]]}, "Hobj2base": {"type": "ndarray", "data": [[0.9999995587972592, 0.0008519107104377912, 0.0003957946795774461, -0.7393668147811921], [0.0008518091925571902, -0.9999996042914936, 0.0002565890803403381, 0.0882205848954297], [0.00039601311394384786, -0.00025625182558610326, -0.9999998887543018, 0.0033615163895140726], [0.0, 0.0, 0.0, 1.0]]}, "mean_rme": {"type": "float", "data": 0.001416174016949469}, "max_rme": {"type": "float", "data": 0.0029551172009427695}, "simu": {"type": "float", "data": 0.002}}, {"type": "dict", "image_number": {"type": "int", "data": 8}, "Hcamera2end": {"type": "ndarray", "data": [[0.9999990502422564, 0.0009323646900450573, -0.0010149929408321784, -0.015385233453244785], [0.0010127467488912389, 0.002406455734968893, 0.9999965916516006, 0.027992661391787663], [0.000934804047804777, -0.9999966698278951, 0.0024055092001102896, 0.036710210823396344], [0.0, 0.0, 0.0, 1.0]]}, "Hobj2base": {"type": "ndarray", "data": [[0.999999793470774, 0.0005861896620519317, 0.0002635148754792303, -0.7393160662667131], [0.0005858738949554114, -0.9999991122417182, 0.001196773811350766, 0.08969755357304232], [0.00026421617797774545, -0.0011966191776955214, -0.999999249145896, 0.002317585175400476], [0.0, 0.0, 0.0, 1.0]]}, "mean_rme": {"type": "float", "data": 0.001416017189191315}, "max_rme": {"type": "float", "data": 0.0030620023046074585}, "simu": {"type": "float", "data": 0.002}}, {"type": "dict", "image_number": {"type": "int", "data": 9}, "Hcamera2end": {"type": "ndarray", "data": [[0.9999990430167319, 0.0007689602463418247, -0.0011500720672076197, -0.015727725084590992], [0.0011477992081394914, 0.0029496930461453408, 0.9999949909214105, 0.027930423096730685], [0.0007723487541387273, -0.9999953539947442, 0.0029488076113766137, 0.03425430660284944], [0.0, 0.0, 0.0, 1.0]]}, "Hobj2base": {"type": "ndarray", "data": [[0.9999999313489651, 0.00030541439171093365, -0.00020981924185362353, -0.7371100369606838], [0.0003056076909228634, -0.9999995283963983, 0.0009218518972041713, 0.08934985601849751], [-0.00020953759606568117, -0.0009219159562920987, -0.9999995530823829, 0.0019767429956900804], [0.0, 0.0, 0.0, 1.0]]}, "mean_rme": {"type": "float", "data": 0.0014533309182799838}, "max_rme": {"type": "float", "data": 0.004399987463369559}, "simu": {"type": "float", "data": 0.002}}, {"type": "dict", "image_number": {"type": "int", "data": 10}, "Hcamera2end": {"type": "ndarray", "data": [[0.9999993120921413, 0.00041715048097457086, -0.001096266719563953, -0.01573989014656116], [0.001095072292456987, 0.0028528362465447543, 0.9999953310601127, 0.028295201164962848], [0.000420276002757504, -0.9999958436467756, 0.0028523774741227026, 0.034031064712481796], [0.0, 0.0, 0.0, 1.0]]}, "Hobj2base": {"type": "ndarray", "data": [[0.9999999959712198, 5.213424894834116e-06, -8.961239045334741e-05, -0.7371278650525195], [5.29173288783568e-06, -0.9999996181578052, 0.0008738742710887576, 0.08912493909888104], [-8.96078003576757e-05, -0.0008738747417729439, -0.9999996141566145, 0.0016347691309153256], [0.0, 0.0, 0.0, 1.0]]}, "mean_rme": {"type": "float", "data": 0.0014820187195493746}, "max_rme": {"type": "float", "data": 0.004513035194435022}, "simu": {"type": "float", "data": 0.002}}, {"type": "dict", "image_number": {"type": "int", "data": 11}, "Hcamera2end": {"type": "ndarray", "data": [[0.9999990252329797, 0.0004545075435547139, -0.0013202105829367354, -0.0156170264865986], [0.0013188613663880724, 0.0029561345356852176, 0.9999947609229278, 0.028423212623969383], [0.00045840788245325986, -0.9999955273357477, 0.0029555322217028612, 0.03337467249915824], [0.0, 0.0, 0.0, 1.0]]}, "Hobj2base": {"type": "ndarray", "data": [[0.9999999809095467, 6.26211641243637e-05, -0.000185093209416461, -0.7365369633737514], [6.273974717700561e-05, -0.9999997927641662, 0.0006407303251954188, 0.08917279158368631], [-0.0001850530477796618, -0.0006407419256647494, -0.9999997776025527, 0.0014912688516593089], [0.0, 0.0, 0.0, 1.0]]}, "mean_rme": {"type": "float", "data": 0.001427151689196475}, "max_rme": {"type": "float", "data": 0.004705079097756137}, "simu": {"type": "float", "data": 0.002}}, {"type": "dict", "image_number": {"type": "int", "data": 12}, "Hcamera2end": {"type": "ndarray", "data": [[0.9999994111217331, 0.00023161443442526035, -0.0010602409824481693, -0.015980922247911464], [0.0010595280664768944, 0.0030567672724516326, 0.9999947667733657, 0.028482143683048616], [0.0002348541322704928, -0.9999953012532588, 0.003056520070394031, 0.032888258255368154], [0.0, 0.0, 0.0, 1.0]]}, "Hobj2base": {"type": "ndarray", "data": [[0.9999999703633488, -0.00011567972447903937, -0.00021422302129648423, -0.7359379528210971], [-0.00011548766214920267, -0.9999995916107898, 0.0008963486229948871, 0.0890950972704655], [-0.0002143266231718589, -0.0008963238563142075, -0.9999995753337316, 0.0016413610467203577], [0.0, 0.0, 0.0, 1.0]]}, "mean_rme": {"type": "float", "data": 0.001421069825408084}, "max_rme": {"type": "float", "data": 0.004834958450675553}, "simu": {"type": "float", "data": 0.002}}, {"type": "dict", "image_number": {"type": "int", "data": 13}, "Hcamera2end": {"type": "ndarray", "data": [[0.999998556501671, -0.000368459542132389, -0.0016586838578161772, -0.01508644473743671], [0.0016597700117467833, 0.0029673413503080726, 0.9999942200077053, 0.028508741602982113], [-0.00036353553124068795, -0.9999955295514459, 0.0029679486250543397, 0.03312116859845525], [0.0, 0.0, 0.0, 1.0]]}, "Hobj2base": {"type": "ndarray", "data": [[0.9999997641478243, -0.0006737878736242953, -0.00013309469181264257, -0.7356505615866872], [-0.0006737414723533278, -0.9999997123549129, 0.0003483712382256513, 0.08966389286521793], [-0.00013332938184444428, -0.0003482814846479126, -0.9999999304616392, 0.001175070184300084], [0.0, 0.0, 0.0, 1.0]]}, "mean_rme": {"type": "float", "data": 0.0014566857236076533}, "max_rme": {"type": "float", "data": 0.004809438129696253}, "simu": {"type": "float", "data": 0.002}}, {"type": "dict", "image_number": {"type": "int", "data": 14}, "Hcamera2end": {"type": "ndarray", "data": [[0.9999984830319095, -0.0004509528539780674, -0.0016824313962661938, -0.014958313952474211], [0.0016837091246349252, 0.0028481534498114858, 0.9999945265577755, 0.028617607287675526], [-0.00044615856292832894, -0.9999958423230816, 0.002848908402688588, 0.03326460491986347], [0.0, 0.0, 0.0, 1.0]]}, "Hobj2base": {"type": "ndarray", "data": [[0.999999758872249, -0.0006943440251340492, -1.1908758633359635e-05, -0.7356460687138361], [-0.0006943408323474572, -0.9999997235554372, 0.00026604484164512876, 0.08975665407347656], [-1.2093481987462089e-05, -0.00026603650875695273, -0.9999999645391613, 0.0010017815216684894], [0.0, 0.0, 0.0, 1.0]]}, "mean_rme": {"type": "float", "data": 0.0013809048383950963}, "max_rme": {"type": "float", "data": 0.004773313456483963}, "simu": {"type": "float", "data": 0.002}}, {"type": "dict", "image_number": {"type": "int", "data": 15}, "Hcamera2end": {"type": "ndarray", "data": [[0.9999980267298192, -0.0003554930193946258, -0.0019545232618406283, -0.014394216102227499], [0.0019555877707034736, 0.003019174646691658, 0.9999935301095323, 0.028472135847942656], [-0.0003495896723152099, -0.9999953790939068, 0.0030198638868457195, 0.03355168450171357], [0.0, 0.0, 0.0, 1.0]]}, "Hobj2base": {"type": "ndarray", "data": [[0.9999997925966049, -0.0006285303881119087, -0.00014055710036906872, -0.7362509827562255], [-0.0006285354658625551, -0.9999998018205138, -3.6084638007615355e-05, 0.08995756751996672], [-0.00014053439222200297, 3.617297564609968e-05, -0.9999999894708, 0.0009298381117413435], [0.0, 0.0, 0.0, 1.0]]}, "mean_rme": {"type": "float", "data": 0.0015180728358995287}, "max_rme": {"type": "float", "data": 0.004653098211078094}, "simu": {"type": "float", "data": 0.002}}, {"type": "dict", "image_number": {"type": "int", "data": 16}, "Hcamera2end": {"type": "ndarray", "data": [[0.9999978087941235, -0.0004473511336741975, -0.0020450633033701885, -0.014153701035387309], [0.002046413580822895, 0.003039043227924365, 0.9999932881813332, 0.02812382439219107], [-0.00044113309535172415, -0.9999952820354814, 0.003039952034190385, 0.033144633685130064], [0.0, 0.0, 0.0, 1.0]]}, "Hobj2base": {"type": "ndarray", "data": [[0.9999997112319049, -0.0007319621100507942, -0.000204371172766909, -0.7358469773285586], [-0.0007319778086083835, -0.9999997291589471, -7.674972418112085e-05, 0.0899092148249569], [-0.00020431493952474794, 7.689929718143384e-05, -0.9999999761709515, 0.0012949333174857441], [0.0, 0.0, 0.0, 1.0]]}, "mean_rme": {"type": "float", "data": 0.0015840865077466576}, "max_rme": {"type": "float", "data": 0.004664401457859901}, "simu": {"type": "float", "data": 0.002}}, {"type": "dict", "image_number": {"type": "int", "data": 17}, "Hcamera2end": {"type": "ndarray", "data": [[0.9999978986897288, -0.0005145985442972191, -0.001984390199806155, -0.014406469778184362], [0.0019859409409934154, 0.003030701919614409, 0.9999934354206795, 0.02799544326798309], [-0.000508581070986441, -0.9999952750059432, 0.0030317175134866314, 0.03303177272270233], [0.0, 0.0, 0.0, 1.0]]}, "Hobj2base": {"type": "ndarray", "data": [[0.9999996626212334, -0.0007948950832144704, -0.00020712128325469474, -0.7356621106498955], [-0.0007948994577268544, -0.9999996838460545, -2.103907108743397e-05, 0.0897036179623548], [-0.0002071044939183211, 2.1203704585040963e-05, -0.9999999783290652, 0.0012887908679921688], [0.0, 0.0, 0.0, 1.0]]}, "mean_rme": {"type": "float", "data": 0.001604576587485971}, "max_rme": {"type": "float", "data": 0.0049805603928721465}, "simu": {"type": "float", "data": 0.002}}, {"type": "dict", "image_number": {"type": "int", "data": 18}, "Hcamera2end": {"type": "ndarray", "data": [[0.9999979187571088, -0.0004870469119390594, -0.001981228597764966, -0.014441625083519212], [0.0019826664701589553, 0.0029696859201788772, 0.999993624979281, 0.02801732200672628], [-0.00048116018033346724, -0.9999954718651681, 0.002970645391122906, 0.03295069504556118], [0.0, 0.0, 0.0, 1.0]]}, "Hobj2base": {"type": "ndarray", "data": [[0.9999997074292564, -0.0007467529318117969, -0.0001658356428805552, -0.7355455520138414], [-0.0007467507242309084, -0.9999997210922158, 1.3373380166470204e-05, 0.08971343266949991], [-0.00016584558323855096, -1.3249538367386072e-05, -0.9999999861598463, 0.00128003615849019], [0.0, 0.0, 0.0, 1.0]]}, "mean_rme": {"type": "float", "data": 0.001545665218488142}, "max_rme": {"type": "float", "data": 0.005077958411827926}, "simu": {"type": "float", "data": 0.002}}, {"type": "dict", "image_number": {"type": "int", "data": 19}, "Hcamera2end": {"type": "ndarray", "data": [[0.9999978148885442, -0.0005745854236315815, -0.0020099924695927153, -0.014435466952058176], [0.002011666351036403, 0.002927617876270827, 0.9999936911061303, 0.02789254613825261], [-0.0005686973087479751, -0.9999955494426772, 0.002928767353261974, 0.033006579729390334], [0.0, 0.0, 0.0, 1.0]]}, "Hobj2base": {"type": "ndarray", "data": [[0.9999996444698163, -0.0008314571504799582, -0.00014049643438225284, -0.7355665785933899], [-0.0008314520109206297, -0.9999996536726228, 3.6635870963983454e-05, 0.08968546472809306], [-0.00014052684688136837, -3.651904189593121e-05, -0.9999999894592819, 0.001330966903951765], [0.0, 0.0, 0.0, 1.0]]}, "mean_rme": {"type": "float", "data": 0.001512955856898118}, "max_rme": {"type": "float", "data": 0.005068633736609873}, "simu": {"type": "float", "data": 0.002}}, {"type": "dict", "image_number": {"type": "int", "data": 20}, "Hcamera2end": {"type": "ndarray", "data": [[0.9999978358928183, -0.0005850180554680592, -0.0019964878047983325, -0.014557132950156487], [0.001998186113517571, 0.0029169421337109647, 0.9999937493308869, 0.028054547303919115], [-0.0005791907593165124, -0.9999955745914398, 0.002918104796090115, 0.03293390814603753], [0.0, 0.0, 0.0, 1.0]]}, "Hobj2base": {"type": "ndarray", "data": [[0.9999996534478703, -0.0008218595720578463, -0.0001328570023776883, -0.7354177443950679], [-0.000821850482341364, -0.9999996599376255, 6.8457415394404e-05, 0.08972975898384855], [-0.00013291321958014085, -6.834820307885438e-05, -0.9999999888312996, 0.001216819790840659], [0.0, 0.0, 0.0, 1.0]]}, "mean_rme": {"type": "float", "data": 0.0015210442255676336}, "max_rme": {"type": "float", "data": 0.005278034905548706}, "simu": {"type": "float", "data": 0.002}}, {"type": "dict", "image_number": {"type": "int", "data": 21}, "Hcamera2end": {"type": "ndarray", "data": [[0.9999977258408331, -0.0010274126016455818, -0.0018688864352895294, -0.014408888584532563], [0.0018718999928280273, 0.002940057516347183, 0.9999939260076623, 0.028058411420277443], [-0.0010219117275380384, -0.9999951502308134, 0.00294197404383012, 0.03298753334491491], [0.0, 0.0, 0.0, 1.0]]}, "Hobj2base": {"type": "ndarray", "data": [[0.9999992626589405, -0.0012078964596873936, 0.0001251707558154087, -0.7353087769600113], [-0.0012079123957588625, -0.9999992623686946, 0.00012731736100228108, 0.08992671168670019], [0.00012501687729592935, -0.00012746846243349915, -0.9999999840612854, 0.0010360238289889062], [0.0, 0.0, 0.0, 1.0]]}, "mean_rme": {"type": "float", "data": 0.001498378585940149}, "max_rme": {"type": "float", "data": 0.005185546221692594}, "simu": {"type": "float", "data": 0.002}}, {"type": "dict", "image_number": {"type": "int", "data": 22}, "Hcamera2end": {"type": "ndarray", "data": [[0.9999976355235424, -0.0010767786336222409, -0.0018893107470132112, -0.01443034807691859], [0.0018924656993570862, 0.0029365431637158323, 0.9999938976252927, 0.028205084264389745], [-0.0010712240201572651, -0.9999951086190482, 0.002938573986958626, 0.03298517754893198], [0.0, 0.0, 0.0, 1.0]]}, "Hobj2base": {"type": "ndarray", "data": [[0.9999992089212719, -0.0012486009868770014, 0.00015215914664567953, -0.7352882986461093], [-0.0012486197557246494, -0.9999992128704267, 0.00012331760722222455, 0.08984498096178897], [0.00015200505239063838, -0.0001235074985848047, -0.9999999808201805, 0.0009291847126162358], [0.0, 0.0, 0.0, 1.0]]}, "mean_rme": {"type": "float", "data": 0.0014439495087916708}, "max_rme": {"type": "float", "data": 0.005222247386076628}, "simu": {"type": "float", "data": 0.002}}, {"type": "dict", "image_number": {"type": "int", "data": 23}, "Hcamera2end": {"type": "ndarray", "data": [[0.9999976980594647, -0.0010755802385926543, -0.0018566106005108046, -0.014663190294530429], [0.001859806498726991, 0.0029779838274054393, 0.9999938363470597, 0.028473633780776515], [-0.0010700446527472452, -0.9999949873571732, 0.0029799773433814014, 0.03347192113683818], [0.0, 0.0, 0.0, 1.0]]}, "Hobj2base": {"type": "ndarray", "data": [[0.9999992139972811, -0.0012478760830278235, 0.00012169675980370873, -0.7358337182567354], [-0.001247896905769336, -0.9999992067253998, 0.000171177931001065, 0.08981992740999234], [0.00012148305441872182, -0.00017132966146474706, -0.9999999779440072, 0.0006368561459826193], [0.0, 0.0, 0.0, 1.0]]}, "mean_rme": {"type": "float", "data": 0.0014736098951754987}, "max_rme": {"type": "float", "data": 0.005120358800026759}, "simu": {"type": "float", "data": 0.002}}, {"type": "dict", "image_number": {"type": "int", "data": 24}, "Hcamera2end": {"type": "ndarray", "data": [[0.9999978881382374, -0.0010608543691528927, -0.001760200861453432, -0.014606951921231945], [0.0017632745992841063, 0.0029034803754102168, 0.9999942303155537, 0.028553611631148345], [-0.0010557375396999299, -0.9999952221834446, 0.002905344821223732, 0.03337791788624443], [0.0, 0.0, 0.0, 1.0]]}, "Hobj2base": {"type": "ndarray", "data": [[0.9999992637720498, -0.0012055653575073371, 0.000138085216727074, -0.7358815113581807], [-0.0012055765890607454, -0.999999269988773, 8.128350549510004e-05, 0.08965906971862186], [0.0001379871233449539, -8.144991795649295e-05, -0.9999999871627319, 0.0004989932689255539], [0.0, 0.0, 0.0, 1.0]]}, "mean_rme": {"type": "float", "data": 0.0015589089164714709}, "max_rme": {"type": "float", "data": 0.005113895276638192}, "simu": {"type": "float", "data": 0.002}}, {"type": "dict", "image_number": {"type": "int", "data": 25}, "Hcamera2end": {"type": "ndarray", "data": [[0.9999977861554606, -0.0012846469318470403, -0.001666543260173809, -0.014787495052954243], [0.0016702845072097121, 0.002916725837726064, 0.9999943514140729, 0.02848001052011956], [-0.0012797788256218227, -0.9999949211834268, 0.0029188651064159243, 0.033438540206311894], [0.0, 0.0, 0.0, 1.0]]}, "Hobj2base": {"type": "ndarray", "data": [[0.9999990344034102, -0.0013829599837495122, 0.0001364328793671642, -0.735859292358733], [-0.0013829825194583893, -0.9999990300300237, 0.00016522216228349767, 0.08956626642378662], [0.00013620425139250077, -0.0001654106870327854, -0.9999999770438532, 0.0006004813257604069], [0.0, 0.0, 0.0, 1.0]]}, "mean_rme": {"type": "float", "data": 0.0015348693628289235}, "max_rme": {"type": "float", "data": 0.005154577620529621}, "simu": {"type": "float", "data": 0.002}}, {"type": "dict", "image_number": {"type": "int", "data": 26}, "Hcamera2end": {"type": "ndarray", "data": [[0.9999979727170821, -0.0010596099693665276, -0.0017122466057072749, -0.014692733140089492], [0.0017152244338459366, 0.0028158074399546873, 0.9999945646020296, 0.02866742703272453], [-0.0010547828532332629, -0.9999954742173456, 0.0028176192004262246, 0.0334325438172022], [0.0, 0.0, 0.0, 1.0]]}, "Hobj2base": {"type": "ndarray", "data": [[0.999999304144804, -0.0011784663577973852, -5.410130578752422e-05, -0.7358725909315983], [-0.0011784598220607935, -0.9999992983342829, 0.000120678871700364, 0.08938371293228939], [-5.424348381688851e-05, -0.00012061503151015248, -0.9999999912548294, 0.00043741678520283254], [0.0, 0.0, 0.0, 1.0]]}, "mean_rme": {"type": "float", "data": 0.0015471538133436634}, "max_rme": {"type": "float", "data": 0.005171892957161972}, "simu": {"type": "float", "data": 0.002}}, {"type": "dict", "image_number": {"type": "int", "data": 27}, "Hcamera2end": {"type": "ndarray", "data": [[0.9999981392678633, -0.0009734811317312134, -0.0016654714939525624, -0.014732704710200786], [0.00166824294698656, 0.002853106234474323, 0.9999945383602278, 0.028767305579959164], [-0.0009687240478252109, -0.9999954560493269, 0.002854724928639918, 0.03345836152922058], [0.0, 0.0, 0.0, 1.0]]}, "Hobj2base": {"type": "ndarray", "data": [[0.9999993991851095, -0.0010958242614525536, -2.825965456380551e-05, -0.735887799912633], [-0.0010958201216858064, -0.9999993889174905, 0.00014609211676085406, 0.08940125623108795], [-2.8419728580778384e-05, -0.000146061061488432, -0.9999999889292426, 0.0003586285424607026], [0.0, 0.0, 0.0, 1.0]]}, "mean_rme": {"type": "float", "data": 0.0015171330967146837}, "max_rme": {"type": "float", "data": 0.00516334795374962}, "simu": {"type": "float", "data": 0.002}}, {"type": "dict", "image_number": {"type": "int", "data": 28}, "Hcamera2end": {"type": "ndarray", "data": [[0.9999981012798176, -0.0010074029982097773, -0.0016681054999287508, -0.014528923850118563], [0.0016709725250055663, 0.0028518523369225335, 0.9999945373796147, 0.028694402452478972], [-0.0010026403045814173, -0.9999954260282634, 0.0028535302647845207, 0.03335043044405126], [0.0, 0.0, 0.0, 1.0]]}, "Hobj2base": {"type": "ndarray", "data": [[0.999999375010195, -0.0011180020367870247, -7.117940896676916e-06, -0.7356682953012792], [-0.0011180009639665048, -0.9999993639389622, 0.0001489815950888775, 0.08953156281305799], [-7.284498095985186e-06, -0.0001489735441121155, -0.9999999888769096, 0.0003639947345704743], [0.0, 0.0, 0.0, 1.0]]}, "mean_rme": {"type": "float", "data": 0.0015107498911789514}, "max_rme": {"type": "float", "data": 0.005145644153536799}, "simu": {"type": "float", "data": 0.002}}, {"type": "dict", "image_number": {"type": "int", "data": 29}, "Hcamera2end": {"type": "ndarray", "data": [[0.999998064578532, -0.000920225688457982, -0.0017389720734892705, -0.014382112069682025], [0.0017415897324910272, 0.0028514692688625942, 0.9999944179785265, 0.02875887636281051], [-0.0009152619263114641, -0.9999955111437704, 0.002853066405678284, 0.033157641415458246], [0.0, 0.0, 0.0, 1.0]]}, "Hobj2base": {"type": "ndarray", "data": [[0.9999994641667397, -0.0010345994148840416, -3.5641047345429504e-05, -0.7355865219662515], [-0.0010345962886721724, -0.9999994609664067, 8.762085753967105e-05, 0.08963251181359029], [-3.5731680621649875e-05, -8.758393649419331e-05, -0.99999999552615, 0.00019926986757491422], [0.0, 0.0, 0.0, 1.0]]}, "mean_rme": {"type": "float", "data": 0.0015510698486582918}, "max_rme": {"type": "float", "data": 0.005246556502327693}, "simu": {"type": "float", "data": 0.002}}, {"type": "dict", "image_number": {"type": "int", "data": 30}, "Hcamera2end": {"type": "ndarray", "data": [[0.9999980659907438, -0.000877962921427021, -0.0017598851895907347, -0.014494188369989811], [0.0017624213990313198, 0.002896382008153342, 0.9999942524045204, 0.028880669581766917], [-0.0008728605754517558, -0.9999954200656982, 0.002897923747164022, 0.03324012080492041], [0.0, 0.0, 0.0, 1.0]]}, "Hobj2base": {"type": "ndarray", "data": [[0.9999994765794771, -0.0010197865959768757, -8.292207478094205e-05, -0.7357555004147877], [-0.0010197765510820214, -0.9999994726965122, 0.00012108874298302678, 0.08960979292218794], [-8.304551573286057e-05, -0.00012100411761526492, -0.9999999892307232, 0.00011014038449295161], [0.0, 0.0, 0.0, 1.0]]}, "mean_rme": {"type": "float", "data": 0.001554106737206389}, "max_rme": {"type": "float", "data": 0.0052722990871910125}, "simu": {"type": "float", "data": 0.002}}]}