{"type": "list", "data": [{"type": "dict", "image_number": {"type": "int", "data": 5}, "Hcamera2end": {"type": "ndarray", "data": [[0.9999955416249775, 0.002416218827858864, -0.001754598741562665, -0.01660747715279809], [0.0017569419074084523, -0.0009679846991055285, 0.9999979880783539, 0.023201150540920163], [0.002414515541881, -0.9999966124403611, -0.0009722255395829826, 0.028984253751439863], [0.0, 0.0, 0.0, 1.0]]}, "Hobj2base": {"type": "ndarray", "data": [[0.9999961726564466, 0.002676570621177427, 0.0007004585413314698, -0.7311225557831211], [0.002670444724385275, -0.9999594101556057, 0.008605043069459705, 0.08728347876262349], [0.0007234621153019549, -0.008603139599187237, -0.9999627306012986, 0.0006961391324044941], [0.0, 0.0, 0.0, 1.0]]}, "mean_rme": {"type": "float", "data": 0.0017019766375157431}, "max_rme": {"type": "float", "data": 0.006774421496080318}, "simu": {"type": "float", "data": 0.002}}, {"type": "dict", "image_number": {"type": "int", "data": 6}, "Hcamera2end": {"type": "ndarray", "data": [[0.999992694130469, 0.0015375324530253127, -0.0034996685046258507, -0.012803988050869339], [0.0035062985233106914, -0.00433079295803851, 0.9999844749309961, 0.023086901081860053], [0.0015223522430125808, -0.999989440057399, -0.00433615236559981, 0.03240750444070499], [0.0, 0.0, 0.0, 1.0]]}, "Hobj2base": {"type": "ndarray", "data": [[0.9999870229723145, 0.0033490450037842573, 0.003838982225846332, -0.7324860686646141], [0.003324033667836328, -0.9999733301131417, 0.006503065631679171, 0.08968188953713309], [0.0038606589000877716, -0.006490220335047489, -0.9999714857698998, -0.0016750870909949072], [0.0, 0.0, 0.0, 1.0]]}, "mean_rme": {"type": "float", "data": 0.0017124947633168248}, "max_rme": {"type": "float", "data": 0.006234190158654562}, "simu": {"type": "float", "data": 0.002}}, {"type": "dict", "image_number": {"type": "int", "data": 7}, "Hcamera2end": {"type": "ndarray", "data": [[0.9999922167998423, 0.0016642801937198416, -0.003577221152510178, -0.013710786974705801], [0.0035853863510611817, -0.004929305628002867, 0.9999814233028227, 0.022934580063953144], [0.001646616060530986, -0.9999864659671461, -0.004935234349721318, 0.03267895982145812], [0.0, 0.0, 0.0, 1.0]]}, "Hobj2base": {"type": "ndarray", "data": [[0.9999839054701872, 0.0037380331910736083, 0.004268009893854862, -0.7328498678360958], [0.0037121001290566363, -0.9999746995971366, 0.006067987990094808, 0.08871191751041375], [0.004290584251995134, -0.006052047048603405, -0.9999724814280129, -0.0015444554749249409], [0.0, 0.0, 0.0, 1.0]]}, "mean_rme": {"type": "float", "data": 0.0018268847629430076}, "max_rme": {"type": "float", "data": 0.006799458295821403}, "simu": {"type": "float", "data": 0.002}}, {"type": "dict", "image_number": {"type": "int", "data": 8}, "Hcamera2end": {"type": "ndarray", "data": [[0.9999929595337643, 0.00186992585517755, -0.0032533460005516215, -0.013788248415587668], [0.0032640722166609737, -0.00576203293112143, 0.9999780721641175, 0.02322406492737701], [0.0018511389649587743, -0.9999816510085556, -0.005768095936754314, 0.03334550905812205], [0.0, 0.0, 0.0, 1.0]]}, "Hobj2base": {"type": "ndarray", "data": [[0.9999776046528369, 0.004363076504027945, 0.005074815877910755, -0.733026033587294], [0.004332346432333774, -0.9999723094094708, 0.006050718030045411, 0.08885926267425218], [0.005101075098931661, -0.006028596661651123, -0.9999688170413743, -0.0018319141448007378], [0.0, 0.0, 0.0, 1.0]]}, "mean_rme": {"type": "float", "data": 0.0017658084363066104}, "max_rme": {"type": "float", "data": 0.006875550759555149}, "simu": {"type": "float", "data": 0.002}}, {"type": "dict", "image_number": {"type": "int", "data": 9}, "Hcamera2end": {"type": "ndarray", "data": [[0.9999926864765756, 0.001989572142119163, -0.0032662816860261337, -0.014652522034281468], [0.0032694713777741006, -0.001602067809880925, 0.9999933719458556, 0.02317078810514937], [0.0019843261503800945, -0.9999967374853898, -0.0016085609422933356, 0.03197642545492129], [0.0, 0.0, 0.0, 1.0]]}, "Hobj2base": {"type": "ndarray", "data": [[0.9999948992661171, 0.0027967995840654275, 0.0015425154245379982, -0.7333749143736346], [0.0027899573968615224, -0.9999863389370935, 0.0044201896918590455, 0.08808323049743767], [0.0015548567368294309, -0.004415863593329253, -0.9999890412245791, -0.0009451145478656356], [0.0, 0.0, 0.0, 1.0]]}, "mean_rme": {"type": "float", "data": 0.0016419252594208618}, "max_rme": {"type": "float", "data": 0.007091634225747323}, "simu": {"type": "float", "data": 0.002}}, {"type": "dict", "image_number": {"type": "int", "data": 10}, "Hcamera2end": {"type": "ndarray", "data": [[0.9999925907684964, 0.002285161665305699, -0.003097812820983962, -0.014366710493175946], [0.003098392396015228, -0.0002501288343981223, 0.9999951686883922, 0.02317352716905901], [0.0022843757726675232, -0.9999973577323739, -0.0002572073086630766, 0.03167254526151178], [0.0, 0.0, 0.0, 1.0]]}, "Hobj2base": {"type": "ndarray", "data": [[0.9999971027527798, 0.002362533482858224, 0.0004614342736642527, -0.7338930669622039], [0.0023607962596393847, -0.9999902576590101, 0.003729775876381962, 0.08810450102368739], [0.0004702414986057233, -0.003728675717991836, -0.9999929379002253, -0.000985943360962699], [0.0, 0.0, 0.0, 1.0]]}, "mean_rme": {"type": "float", "data": 0.0016284924471358121}, "max_rme": {"type": "float", "data": 0.007105205269309023}, "simu": {"type": "float", "data": 0.002}}, {"type": "dict", "image_number": {"type": "int", "data": 11}, "Hcamera2end": {"type": "ndarray", "data": [[0.9999937755650621, 0.0020499852056304817, -0.0028716531456538666, -0.014306000408585987], [0.002871890369725636, -0.00011278559973049163, 0.9999958697540271, 0.02270814112948598], [0.0020496528575650918, -0.9999978924178118, -0.0001186722304740151, 0.03174870438031279], [0.0, 0.0, 0.0, 1.0]]}, "Hobj2base": {"type": "ndarray", "data": [[0.9999977074658364, 0.002080992763469291, 0.0005045118332467849, -0.7338914170250697], [0.002079163129190866, -0.9999913572700945, 0.003600342455499239, 0.08839282689256203], [0.0005119997594831811, -0.003599285239189232, -0.9999933914791705, -0.0006960895609295258], [0.0, 0.0, 0.0, 1.0]]}, "mean_rme": {"type": "float", "data": 0.0015119785651068142}, "max_rme": {"type": "float", "data": 0.007082862547908575}, "simu": {"type": "float", "data": 0.002}}, {"type": "dict", "image_number": {"type": "int", "data": 12}, "Hcamera2end": {"type": "ndarray", "data": [[0.9999950751794022, 0.0018704040331937188, -0.0025201598548979403, -0.014420095944847514], [0.0025207793826646863, -0.0003289432069364384, 0.9999967687286149, 0.02314542129178282], [0.0018695689999460251, -0.9999981966909337, -0.0003336564628741989, 0.032082593695178], [0.0, 0.0, 0.0, 1.0]]}, "Hobj2base": {"type": "ndarray", "data": [[0.9999978395687117, 0.0019794060883892997, 0.0006346727080393566, -0.7342558667407436], [0.0019770266064310683, -0.999991096244865, 0.0037281090100052612, 0.0887170406739118], [0.0006420464987415569, -0.00372684619085174, -0.9999928491713144, -0.0007064392075564521], [0.0, 0.0, 0.0, 1.0]]}, "mean_rme": {"type": "float", "data": 0.0017391404820700374}, "max_rme": {"type": "float", "data": 0.0068181723146377715}, "simu": {"type": "float", "data": 0.002}}, {"type": "dict", "image_number": {"type": "int", "data": 13}, "Hcamera2end": {"type": "ndarray", "data": [[0.9999951905333522, 0.0015531324409178257, -0.002684527851534798, -0.013986602658958007], [0.0026853552452865046, -0.000530885949753257, 0.9999962535066395, 0.023094934852626134], [0.0015517014439993472, -0.9999986529689574, -0.0005350541088220417, 0.03248278551544077], [0.0, 0.0, 0.0, 1.0]]}, "Hobj2base": {"type": "ndarray", "data": [[0.9999979240870576, 0.0018144182830051665, 0.0009272043301466148, -0.7343679307345925], [0.0018111569006332212, -0.9999922129192522, 0.003506253205053953, 0.0890303321625516], [0.0009335589198517217, -0.003504566613856703, -0.9999934232186689, -0.0009951753645000732], [0.0, 0.0, 0.0, 1.0]]}, "mean_rme": {"type": "float", "data": 0.0016972627424835874}, "max_rme": {"type": "float", "data": 0.006793761063872306}, "simu": {"type": "float", "data": 0.002}}, {"type": "dict", "image_number": {"type": "int", "data": 14}, "Hcamera2end": {"type": "ndarray", "data": [[0.9999948741132009, 0.0015523044845871118, -0.0028003746375496294, -0.014181138220631561], [0.0028013285141021286, -0.0006126573360316634, 0.9999958885963205, 0.02296505255965927], [0.00155058243237141, -0.9999986074999183, -0.0006170027104346332, 0.03263586362567265], [0.0, 0.0, 0.0, 1.0]]}, "Hobj2base": {"type": "ndarray", "data": [[0.9999977130953449, 0.001886424422665501, 0.0010075748000799643, -0.7345045790132467], [0.0018831008647125376, -0.9999928168719154, 0.003289397468637012, 0.08869848477859879], [0.0010137727622618106, -0.003287492581121335, -0.9999940823111491, -0.0011934049374486238], [0.0, 0.0, 0.0, 1.0]]}, "mean_rme": {"type": "float", "data": 0.001734609277568414}, "max_rme": {"type": "float", "data": 0.007214098117093504}, "simu": {"type": "float", "data": 0.002}}, {"type": "dict", "image_number": {"type": "int", "data": 15}, "Hcamera2end": {"type": "ndarray", "data": [[0.9999930772345064, 0.001977548039345272, -0.003151949684672534, -0.013860151717876093], [0.0031519666970020324, -5.486204338156497e-06, 0.9999950325255832, 0.02296902974007175], [0.0019775209236859445, -0.9999980446349149, -1.1719331920234666e-05, 0.032191429882147855], [0.0, 0.0, 0.0, 1.0]]}, "Hobj2base": {"type": "ndarray", "data": [[0.9999977006919618, 0.0020929641757872017, 0.00046702435529384314, -0.7345286909326042], [0.0020916959024772502, -0.9999941679037434, 0.00269980865093214, 0.08871587017528484], [0.0004726722343507302, -0.002698825570310082, -0.9999962464537053, -0.0013663369548416035], [0.0, 0.0, 0.0, 1.0]]}, "mean_rme": {"type": "float", "data": 0.0016954382856233191}, "max_rme": {"type": "float", "data": 0.007293362441933016}, "simu": {"type": "float", "data": 0.002}}, {"type": "dict", "image_number": {"type": "int", "data": 16}, "Hcamera2end": {"type": "ndarray", "data": [[0.9999932878716635, 0.0019561363309518066, -0.003098022316755115, -0.013928985616108273], [0.003098027143008159, 5.628495051146487e-07, 0.9999952011022374, 0.023022503615104526], [0.001956128687373872, -0.9999980867633386, -5.49731772148121e-06, 0.03210714115959616], [0.0, 0.0, 0.0, 1.0]]}, "Hobj2base": {"type": "ndarray", "data": [[0.9999977435594132, 0.002078844685374995, 0.0004373566692889067, -0.7345474100896883], [0.002077672661450249, -0.9999942947959515, 0.0026633910452163187, 0.08868756358276311], [0.0004428909503992897, -0.002662476351437581, -0.9999963575270083, -0.0015246111714508036], [0.0, 0.0, 0.0, 1.0]]}, "mean_rme": {"type": "float", "data": 0.0016582911211756822}, "max_rme": {"type": "float", "data": 0.007458737363497447}, "simu": {"type": "float", "data": 0.002}}, {"type": "dict", "image_number": {"type": "int", "data": 17}, "Hcamera2end": {"type": "ndarray", "data": [[0.9999937545819674, 0.0019908662060569, -0.0029201453404715605, -0.014008585710635556], [0.0029194951168250577, 0.0003294313658033232, 0.9999956840023053, 0.02295127928228483], [0.0019918196009508, -0.9999979639612898, 0.0003236169841999148, 0.03209562088134013], [0.0, 0.0, 0.0, 1.0]]}, "Hobj2base": {"type": "ndarray", "data": [[0.9999980661549878, 0.001965444114003682, 6.867109555614357e-05, -0.7347039048458011], [0.0019652534123867868, -0.9999944918064014, 0.0026747216456967453, 0.08864581871785067], [7.392773321758754e-05, -0.0026745815170947577, -0.9999964205677931, -0.001433706580203371], [0.0, 0.0, 0.0, 1.0]]}, "mean_rme": {"type": "float", "data": 0.001596700209758428}, "max_rme": {"type": "float", "data": 0.007501459142003286}, "simu": {"type": "float", "data": 0.002}}, {"type": "dict", "image_number": {"type": "int", "data": 18}, "Hcamera2end": {"type": "ndarray", "data": [[0.9999947059454506, 0.0019001417038548036, -0.0026415038476156256, -0.014000272583775057], [0.002641035304835995, 0.0002490500011996799, 0.9999964814471176, 0.022192757213742288], [0.0019007928846421517, -0.999998163716115, 0.0002440303413913103, 0.032020133268723605], [0.0, 0.0, 0.0, 1.0]]}, "Hobj2base": {"type": "ndarray", "data": [[0.9999981382611447, 0.0019287164695050013, 5.9388759083531724e-05, -0.734736927725667], [0.001928543996304663, -0.9999942794394572, 0.002778813850358809, 0.08919067906231387], [6.474796338541548e-05, -0.0027786941430983135, -0.9999961373258199, -0.0009623994650241268], [0.0, 0.0, 0.0, 1.0]]}, "mean_rme": {"type": "float", "data": 0.0016315375046330037}, "max_rme": {"type": "float", "data": 0.0075299571255360576}, "simu": {"type": "float", "data": 0.002}}, {"type": "dict", "image_number": {"type": "int", "data": 19}, "Hcamera2end": {"type": "ndarray", "data": [[0.9999949210535723, 0.0018675065682524845, -0.0025826897369237464, -0.014278693823946576], [0.0025829064198005427, -0.00011362541318860053, 0.9999966578362608, 0.02237549048632525], [0.0018672068675512532, -0.9999982497527097, -0.00011844843079544809, 0.03254422098496113], [0.0, 0.0, 0.0, 1.0]]}, "Hobj2base": {"type": "ndarray", "data": [[0.999997842649581, 0.002042108524374126, 0.00038011703254316854, -0.7351640220881764], [0.0020410753076376353, -0.9999942747415809, 0.0026989804831286128, 0.08904268048763257], [0.00038562646732664404, -0.0026981988129928004, -0.999996285500798, -0.0010266379786747024], [0.0, 0.0, 0.0, 1.0]]}, "mean_rme": {"type": "float", "data": 0.0016564789220089933}, "max_rme": {"type": "float", "data": 0.00762253877716379}, "simu": {"type": "float", "data": 0.002}}, {"type": "dict", "image_number": {"type": "int", "data": 20}, "Hcamera2end": {"type": "ndarray", "data": [[0.9999949989204994, 0.0019058058406378087, -0.0025238934383709066, -0.014176982074776936], [0.002523614132993332, 0.0001489455473162593, 0.9999968045883606, 0.022384038715085333], [0.0019061756734931896, -0.9999981728579918, 0.00014413528387346997, 0.03250222483291808], [0.0, 0.0, 0.0, 1.0]]}, "Hobj2base": {"type": "ndarray", "data": [[0.999998026401072, 0.001979968087799195, 0.00016407416638814694, -0.7353309970399068], [0.0019795457904496793, -0.9999948270497085, 0.002535206557046024, 0.08904678678477983], [0.00016909294571957053, -0.002534876761239685, -0.9999967728984833, -0.001033136305628768], [0.0, 0.0, 0.0, 1.0]]}, "mean_rme": {"type": "float", "data": 0.0016226990273225936}, "max_rme": {"type": "float", "data": 0.007581955372057858}, "simu": {"type": "float", "data": 0.002}}, {"type": "dict", "image_number": {"type": "int", "data": 21}, "Hcamera2end": {"type": "ndarray", "data": [[0.9999948933816095, 0.0018485078460464916, -0.0026069578911888107, -0.014244138103646244], [0.0026069482385677268, 7.631313860945177e-06, 0.9999966018755487, 0.022269629311716933], [0.0018485214591006719, -0.9999982914787936, 2.812310617494873e-06, 0.03240309194979764], [0.0, 0.0, 0.0, 1.0]]}, "Hobj2base": {"type": "ndarray", "data": [[0.999997997848646, 0.001980863429098242, 0.0002836878122228722, -0.7351935038418282], [0.0019801772235304043, -0.9999951616756848, 0.0023990671905137965, 0.08888565672158125], [0.0002884386641108706, -0.0023985006350738156, -0.9999970819946629, -0.0009704455009679044], [0.0, 0.0, 0.0, 1.0]]}, "mean_rme": {"type": "float", "data": 0.001600844874811358}, "max_rme": {"type": "float", "data": 0.007626917571649905}, "simu": {"type": "float", "data": 0.002}}, {"type": "dict", "image_number": {"type": "int", "data": 22}, "Hcamera2end": {"type": "ndarray", "data": [[0.9999942709615872, 0.0020211253310304486, -0.0027153446190145507, -0.014250562253319185], [0.0027152140422259693, 6.734708114553012e-05, 0.9999963115317354, 0.022253165379376556], [0.002021300746708201, -0.999997955256293, 6.185890743160005e-05, 0.03225825338944613], [0.0, 0.0, 0.0, 1.0]]}, "Hobj2base": {"type": "ndarray", "data": [[0.9999976953992433, 0.002137775529228994, 0.00019776751179138475, -0.7351439919891565], [0.002137317359088235, -0.9999950970380795, 0.00228861842800896, 0.08879337303765931], [0.00020265909461594537, -0.0022881904617211837, -0.9999973615533706, -0.0011338522600208415], [0.0, 0.0, 0.0, 1.0]]}, "mean_rme": {"type": "float", "data": 0.0016062128372390753}, "max_rme": {"type": "float", "data": 0.007837116856807103}, "simu": {"type": "float", "data": 0.002}}, {"type": "dict", "image_number": {"type": "int", "data": 23}, "Hcamera2end": {"type": "ndarray", "data": [[0.9999944533095763, 0.0019047451805003029, -0.0027322693643065245, -0.014285068412352754], [0.002732203825919433, 3.700918949589571e-05, 0.9999962668393184, 0.022308980857104102], [0.001904839188855144, -0.9999981852864118, 3.180483214781926e-05, 0.032576233473551104], [0.0, 0.0, 0.0, 1.0]]}, "Hobj2base": {"type": "ndarray", "data": [[0.9999978662544118, 0.0020493377162633425, 0.00026019521185787327, -0.7354242046435003], [0.002048744168585853, -0.9999953445807841, 0.002261296992883803, 0.08883593652551841], [0.0002648281617552739, -0.002260759094428333, -0.9999974094138251, -0.0012415959940037693], [0.0, 0.0, 0.0, 1.0]]}, "mean_rme": {"type": "float", "data": 0.001590663385948338}, "max_rme": {"type": "float", "data": 0.007917505597809682}, "simu": {"type": "float", "data": 0.002}}, {"type": "dict", "image_number": {"type": "int", "data": 24}, "Hcamera2end": {"type": "ndarray", "data": [[0.9999937376376605, 0.002230172108726827, -0.0027479115391976735, -0.014157337563071772], [0.002747742702841903, 7.876597599743018e-05, 0.9999962218458428, 0.022185614056205318], [0.002230380124727143, -0.9999975100610433, 7.263754359843055e-05, 0.03252259962543187], [0.0, 0.0, 0.0, 1.0]]}, "Hobj2base": {"type": "ndarray", "data": [[0.999997320970217, 0.0023115293107867866, 0.00012200259895472948, -0.7355822042484387], [0.002311250509407686, -0.9999948249244923, 0.0022379109270453013, 0.08880340552998207], [0.00012717496428486295, -0.0022376229530462932, -0.9999974884318705, -0.0010692385741870615], [0.0, 0.0, 0.0, 1.0]]}, "mean_rme": {"type": "float", "data": 0.0016269282251402974}, "max_rme": {"type": "float", "data": 0.007781286491366668}, "simu": {"type": "float", "data": 0.002}}, {"type": "dict", "image_number": {"type": "int", "data": 25}, "Hcamera2end": {"type": "ndarray", "data": [[0.9999953474589963, 0.001758090990081455, -0.0024928249902316873, -0.014469401609296873], [0.002492656292999268, 9.813941567071716e-05, 0.9999968885117893, 0.02247216658096077], [0.001758330164189977, -0.999998449741161, 9.375664250299565e-05, 0.03239042426033263], [0.0, 0.0, 0.0, 1.0]]}, "Hobj2base": {"type": "ndarray", "data": [[0.9999982140557512, 0.001876927634962948, 0.00022142258489758407, -0.7352237848755547], [0.0018763872331818913, -0.9999953208980978, 0.0024160614357600606, 0.0888741221014117], [0.00022595632131529222, -0.002415641646297595, -0.9999970568052574, -0.001118762540855469], [0.0, 0.0, 0.0, 1.0]]}, "mean_rme": {"type": "float", "data": 0.0017636188410435733}, "max_rme": {"type": "float", "data": 0.007789492657125363}, "simu": {"type": "float", "data": 0.002}}, {"type": "dict", "image_number": {"type": "int", "data": 26}, "Hcamera2end": {"type": "ndarray", "data": [[0.9999955827497671, 0.0017744502406124075, -0.0023844930902427812, -0.014526123465330703], [0.0023844962085495286, 3.582507106525412e-07, 0.9999971570848105, 0.02248830277856052], [0.0017744460502472094, -0.9999984256618684, -3.872920742775676e-06, 0.03254639206555788], [0.0, 0.0, 0.0, 1.0]]}, "Hobj2base": {"type": "ndarray", "data": [[0.9999980561986577, 0.0019427347798184132, 0.00033672018283151874, -0.7353222770964264], [0.0019418938318834411, -0.9999950391721881, 0.002480056321722348, 0.0888845354607613], [0.00034153660409278955, -0.0024793976261394297, -0.9999968679651747, -0.0011676250843813407], [0.0, 0.0, 0.0, 1.0]]}, "mean_rme": {"type": "float", "data": 0.0017143836272113951}, "max_rme": {"type": "float", "data": 0.007854914744271357}, "simu": {"type": "float", "data": 0.002}}, {"type": "dict", "image_number": {"type": "int", "data": 27}, "Hcamera2end": {"type": "ndarray", "data": [[0.9999956172057336, 0.0018215088264500877, -0.00233402547526354, -0.01457074008284736], [0.002333722873869003, 0.00016823455429670897, 0.999997262713595, 0.022669652881448357], [0.0018218965041942891, -0.9999983268999654, 0.0001639829201460774, 0.032449438231845026], [0.0, 0.0, 0.0, 1.0]]}, "Hobj2base": {"type": "ndarray", "data": [[0.9999981293106278, 0.0019266610164082871, 0.00017132592526008847, -0.7352899750934077], [0.0019262464627521417, -0.9999952940073233, 0.002387789306698537, 0.08890838032616816], [0.0001759255795741514, -0.002387454823928948, -0.9999971345507224, -0.0011344435338014674], [0.0, 0.0, 0.0, 1.0]]}, "mean_rme": {"type": "float", "data": 0.0017602349728846971}, "max_rme": {"type": "float", "data": 0.007750573153190943}, "simu": {"type": "float", "data": 0.002}}, {"type": "dict", "image_number": {"type": "int", "data": 28}, "Hcamera2end": {"type": "ndarray", "data": [[0.9999956786647255, 0.0018525684232698456, -0.0022826830950011742, -0.014528371861305317], [0.002282305748903504, 0.00020577659000475812, 0.9999973743647846, 0.022469415284300017], [0.0018530332818443053, -0.999998262821607, 0.0002015475732124461, 0.03277767231634408], [0.0, 0.0, 0.0, 1.0]]}, "Hobj2base": {"type": "ndarray", "data": [[0.9999981348648381, 0.001929287100718955, 9.010065535095553e-05, -0.735571708260496], [0.0019290665728146435, -0.9999952912230066, 0.002386678439288045, 0.08879962987772015], [9.470481901354497e-05, -0.0023865001776477417, -0.9999971478198824, -0.0008436645270895604], [0.0, 0.0, 0.0, 1.0]]}, "mean_rme": {"type": "float", "data": 0.0017877535583987031}, "max_rme": {"type": "float", "data": 0.0075703034951073445}, "simu": {"type": "float", "data": 0.002}}, {"type": "dict", "image_number": {"type": "int", "data": 29}, "Hcamera2end": {"type": "ndarray", "data": [[0.9999959163837544, 0.0017817071623567782, -0.002234442973752151, -0.01457758016578176], [0.002234102636890847, 0.00019298467131267927, 0.9999974857680016, 0.022604791600549616], [0.0017821338959744756, -0.9999983941369628, 0.00018900336656768602, 0.03282203347982401], [0.0, 0.0, 0.0, 1.0]]}, "Hobj2base": {"type": "ndarray", "data": [[0.9999982785570558, 0.0018509995369388743, 0.00012916516251272652, -0.7354919909436256], [0.001850684965035466, -0.9999954207392643, 0.0023944656319447657, 0.08884927279756011], [0.00013359672580771519, -0.00239422246598453, -0.9999971249212163, -0.0008944539447654479], [0.0, 0.0, 0.0, 1.0]]}, "mean_rme": {"type": "float", "data": 0.0018261348371635424}, "max_rme": {"type": "float", "data": 0.007552292145889372}, "simu": {"type": "float", "data": 0.002}}, {"type": "dict", "image_number": {"type": "int", "data": 30}, "Hcamera2end": {"type": "ndarray", "data": [[0.9999954518449772, 0.0019292682600846908, -0.002318234962315692, -0.014661702832011172], [0.0023176511219694528, 0.00030480337601501706, 0.9999972677903567, 0.02262917240888229], [0.001929969594762256, -0.9999980925076218, 0.0003003306189744981, 0.03267198175380533], [0.0, 0.0, 0.0, 1.0]]}, "Hobj2base": {"type": "ndarray", "data": [[0.9999981068185293, 0.0019456223381622896, 3.0217124146826248e-05, -0.7353777648805324], [0.0019455490454528346, -0.9999955513703198, 0.0022609905974629472, 0.08871541926107719], [3.461602353482973e-05, -0.002260927528100402, -0.999997443500954, -0.0010393134683172453], [0.0, 0.0, 0.0, 1.0]]}, "mean_rme": {"type": "float", "data": 0.00184325069028917}, "max_rme": {"type": "float", "data": 0.00777244858278725}, "simu": {"type": "float", "data": 0.002}}]}