{"type": "list", "data": [{"type": "dict", "image_number": {"type": "int", "data": 5}, "Hcamera2end": {"type": "ndarray", "data": [[0.9999755236865916, -0.004851658942597978, -0.005041173795012891, -0.01530676093694026], [0.005042426528969226, 0.0002460097716526777, 0.9999872566257494, 0.028778260014714483], [-0.004850356938078163, -0.9999882003727331, 0.0002704678840020902, 0.02915535908094837], [0.0, 0.0, 0.0, 1.0]]}, "Hobj2base": {"type": "ndarray", "data": [[0.9999899123351167, -0.004353083418557311, 0.0011072004139888341, -0.7306163669734946], [-0.004349998883149327, -0.9999866933383317, -0.002773203199619941, 0.09010064205669233], [0.0011192576657120816, 0.002768358903911136, -0.9999955417156905, 0.004683115298138363], [0.0, 0.0, 0.0, 1.0]]}, "mean_rme": {"type": "float", "data": 0.0020968979671661205}, "max_rme": {"type": "float", "data": 0.004497463698338644}, "simu": {"type": "float", "data": 0.002}}, {"type": "dict", "image_number": {"type": "int", "data": 6}, "Hcamera2end": {"type": "ndarray", "data": [[0.9999799803638532, -0.0043897545179219805, -0.004557293800080937, -0.015131786481767434], [0.0045596291603122695, 0.0005221415355907144, 0.9999894685196126, 0.029152851260112037], [-0.0043873287349254575, -0.9999902286640051, 0.0005421467352136888, 0.029218486815564187], [0.0, 0.0, 0.0, 1.0]]}, "Hobj2base": {"type": "ndarray", "data": [[0.9999912883783674, -0.004062415197501769, 0.0009591403109404078, -0.7310825184764603], [-0.00406003291228848, -0.9999887006586397, -0.002472789476908212, 0.09041254027029864], [0.0009691749708378363, 0.0024688737936719917, -0.9999964826748478, 0.004406263372342752], [0.0, 0.0, 0.0, 1.0]]}, "mean_rme": {"type": "float", "data": 0.0017714591020613875}, "max_rme": {"type": "float", "data": 0.004400616400589807}, "simu": {"type": "float", "data": 0.002}}, {"type": "dict", "image_number": {"type": "int", "data": 7}, "Hcamera2end": {"type": "ndarray", "data": [[0.9999780600049637, -0.004462372684120349, -0.004895583595155782, -0.014056687840299283], [0.004900333088816987, 0.0010540311220150755, 0.9999874377981017, 0.028785154540267976], [-0.004457156529424025, -0.9999894880689606, 0.001075875109096125, 0.029052417504916255], [0.0, 0.0, 0.0, 1.0]]}, "Hobj2base": {"type": "ndarray", "data": [[0.999990413275887, -0.004344570644474471, 0.0005459507631716026, -0.7309211763938642], [-0.004343052985424261, -0.9999867850053363, -0.002750946283842034, 0.09122369617683043], [0.000557895228904487, 0.0027485488181870736, -0.9999960671084196, 0.0040396034504296885], [0.0, 0.0, 0.0, 1.0]]}, "mean_rme": {"type": "float", "data": 0.0018370158515032653}, "max_rme": {"type": "float", "data": 0.0043273280567364125}, "simu": {"type": "float", "data": 0.002}}, {"type": "dict", "image_number": {"type": "int", "data": 8}, "Hcamera2end": {"type": "ndarray", "data": [[0.9999824112118691, -0.0029230564516965294, -0.005160717767563331, -0.01501938094675611], [0.005161353844463227, 0.00021010506571150778, 0.999986658052173, 0.02987968084599928], [-0.002921933159484184, -0.9999957057892006, 0.00022518829887263614, 0.0289765710714064], [0.0, 0.0, 0.0, 1.0]]}, "Hobj2base": {"type": "ndarray", "data": [[0.9999965919012087, -0.0025898480066262656, 0.00032995949744398797, -0.7308779732880677], [-0.0025888970449876258, -0.9999925858123917, -0.0028506021006163345, 0.0893441305697559], [0.00033733967723033673, 0.002849738154314863, -0.9999958825887201, 0.00367505537328134], [0.0, 0.0, 0.0, 1.0]]}, "mean_rme": {"type": "float", "data": 0.0016446279209752883}, "max_rme": {"type": "float", "data": 0.003935185368723931}, "simu": {"type": "float", "data": 0.002}}, {"type": "dict", "image_number": {"type": "int", "data": 9}, "Hcamera2end": {"type": "ndarray", "data": [[0.99998647201714, -0.002783612968496983, -0.004394005183801518, -0.014371698170101676], [0.00439386868662962, -5.5149532187437345e-05, 0.9999903453916412, 0.030067501603705853], [-0.0027838284211342654, -0.9999961242211746, -4.29179562675408e-05, 0.030809618694990132], [0.0, 0.0, 0.0, 1.0]]}, "Hobj2base": {"type": "ndarray", "data": [[0.9999969434910012, -0.0023853872998256865, 0.0006503353636148642, -0.7324745327747361], [-0.0023840532772741213, -0.9999950683474184, -0.0020443998663017275, 0.0904163793945089], [0.0006552088418636308, 0.0020428431834201856, -0.999997698743903, 0.0032770483498335743], [0.0, 0.0, 0.0, 1.0]]}, "mean_rme": {"type": "float", "data": 0.0016478540339583047}, "max_rme": {"type": "float", "data": 0.00388545341858737}, "simu": {"type": "float", "data": 0.002}}, {"type": "dict", "image_number": {"type": "int", "data": 10}, "Hcamera2end": {"type": "ndarray", "data": [[0.9999898065545808, -0.0025312417918737914, -0.0037389305855015905, -0.014802399565119147], [0.003738719038860797, -8.830091968548004e-05, 0.9999930070669977, 0.029348032871145967], [-0.0025315542420788675, -0.9999967925038254, -7.883641771577743e-05, 0.030578330417611505], [0.0, 0.0, 0.0, 1.0]]}, "Hobj2base": {"type": "ndarray", "data": [[0.9999973255866048, -0.0023127343685440337, -8.909453623712165e-06, -0.7325060420664316], [-0.0023127473956008134, -0.9999954017471466, -0.0019615514388356386, 0.09083042018384299], [-4.372865227529436e-06, 0.0019615667981518594, -0.9999980761164367, 0.0040755439710278615], [0.0, 0.0, 0.0, 1.0]]}, "mean_rme": {"type": "float", "data": 0.0016846088461293378}, "max_rme": {"type": "float", "data": 0.003761965668401035}, "simu": {"type": "float", "data": 0.002}}, {"type": "dict", "image_number": {"type": "int", "data": 11}, "Hcamera2end": {"type": "ndarray", "data": [[0.9999893841945695, -0.0025138665132180766, -0.0038616024289642977, -0.014475483959090183], [0.0038622069094059967, 0.00023564831236699835, 0.99999251388581, 0.029447307809495588], [-0.002512937714030882, -0.9999968124674331, 0.00024535488338706113, 0.03078690243219696], [0.0, 0.0, 0.0, 1.0]]}, "Hobj2base": {"type": "ndarray", "data": [[0.9999972012518432, -0.0023450189511961842, -0.00031364725256676927, -0.732883238424279], [-0.002345653787156546, -0.999995169717655, -0.002039227713785042, 0.09113003042463691], [-0.0003088637099273523, 0.0020399577143660514, -0.9999978715856008, 0.0040819634824105075], [0.0, 0.0, 0.0, 1.0]]}, "mean_rme": {"type": "float", "data": 0.0015841952455899469}, "max_rme": {"type": "float", "data": 0.0038721190343388168}, "simu": {"type": "float", "data": 0.002}}, {"type": "dict", "image_number": {"type": "int", "data": 12}, "Hcamera2end": {"type": "ndarray", "data": [[0.9999879123716273, -0.0027739714171332234, -0.004059580423093592, -0.013917951697960299], [0.004059899896569123, 0.00010954691499298619, 0.9999917525721415, 0.03043811768882858], [-0.0027735038244925646, -0.9999961465336004, 0.00012080763710009546, 0.030946038118574055], [0.0, 0.0, 0.0, 1.0]]}, "Hobj2base": {"type": "ndarray", "data": [[0.9999966303729069, -0.0025939957728678526, 0.00010212131120763851, -0.7331611248633613], [-0.002593813356638468, -0.9999951089688557, -0.001747618561895481, 0.09089049292730812], [0.00010665412689126713, 0.0017473477894516184, -0.9999984676991263, 0.003054387273429678], [0.0, 0.0, 0.0, 1.0]]}, "mean_rme": {"type": "float", "data": 0.001533491520347673}, "max_rme": {"type": "float", "data": 0.004091325648187594}, "simu": {"type": "float", "data": 0.002}}, {"type": "dict", "image_number": {"type": "int", "data": 13}, "Hcamera2end": {"type": "ndarray", "data": [[0.9999871391827834, -0.002865789218368232, -0.004184342384229962, -0.01427502925405403], [0.00418537000397835, 0.0003526784493828039, 0.9999911791090165, 0.03005186905647589], [-0.002864288212170199, -0.999995831426345, 0.0003646683018819763, 0.03047218171189956], [0.0, 0.0, 0.0, 1.0]]}, "Hobj2base": {"type": "ndarray", "data": [[0.9999962446207509, -0.0027367880024410382, -0.00014399939289225095, -0.7329567721704605], [-0.002737038412759389, -0.9999946905033164, -0.0017684982054274726, 0.09037765237240315], [-0.00013915862365699962, 0.0017688856959157699, -0.9999984258378964, 0.003388616709638914], [0.0, 0.0, 0.0, 1.0]]}, "mean_rme": {"type": "float", "data": 0.0016799759646503726}, "max_rme": {"type": "float", "data": 0.004151842824391738}, "simu": {"type": "float", "data": 0.002}}, {"type": "dict", "image_number": {"type": "int", "data": 14}, "Hcamera2end": {"type": "ndarray", "data": [[0.9999865859003283, -0.002911032912235128, -0.0042841459813178955, -0.014569513054601642], [0.004285552537057409, 0.0004771151631671744, 0.9999907031570712, 0.03003609050854514], [-0.002908961817810473, -0.9999956491147877, 0.0004895841475792695, 0.030643427122265223], [0.0, 0.0, 0.0, 1.0]]}, "Hobj2base": {"type": "ndarray", "data": [[0.9999959572095011, -0.002828521601213104, -0.0002915993917435997, -0.7332562211237186], [-0.0028290436160513773, -0.9999943681724865, -0.001805584539289262, 0.0901411178429384], [-0.00028649061463392625, 0.001806402187086898, -0.9999983274157347, 0.003288646933147748], [0.0, 0.0, 0.0, 1.0]]}, "mean_rme": {"type": "float", "data": 0.0017283463984611273}, "max_rme": {"type": "float", "data": 0.00425546592729556}, "simu": {"type": "float", "data": 0.002}}, {"type": "dict", "image_number": {"type": "int", "data": 15}, "Hcamera2end": {"type": "ndarray", "data": [[0.99998954664421, -0.003335275185866493, -0.0031277055075275826, -0.015199253253779105], [0.003126821557892031, -0.0002702120013720055, 0.9999950749740817, 0.029876155983296796], [-0.0033361039031146495, -0.9999944014467824, -0.0002597803663970666, 0.03084184051898104], [0.0, 0.0, 0.0, 1.0]]}, "Hobj2base": {"type": "ndarray", "data": [[0.9999947689884445, -0.0032315702727327257, 0.0001376565282192621, -0.7329743542428507], [-0.0032315081674618414, -0.9999946778541495, -0.0004490193086467468, 0.09041037327232057], [0.00013910683304084746, 0.0004485721216263097, -0.9999998897161644, 0.0034967366089337887], [0.0, 0.0, 0.0, 1.0]]}, "mean_rme": {"type": "float", "data": 0.0016464970714714215}, "max_rme": {"type": "float", "data": 0.0042244652173194785}, "simu": {"type": "float", "data": 0.002}}, {"type": "dict", "image_number": {"type": "int", "data": 16}, "Hcamera2end": {"type": "ndarray", "data": [[0.999989652503245, -0.003146097987628093, -0.003285871861692213, -0.015435774818212844], [0.003285144428138954, -0.00023635751221218193, 0.9999945759658965, 0.0299978916208679], [-0.003146857563583992, -0.9999950230889046, -0.00022601968022928354, 0.03056128536771582], [0.0, 0.0, 0.0, 1.0]]}, "Hobj2base": {"type": "ndarray", "data": [[0.999995290732549, -0.0030631217729251074, 0.0001892028781550539, -0.7327951346729472], [-0.003063018455333077, -0.9999951609983881, -0.0005439648431888451, 0.09015115106901382], [0.00019086819315689902, 0.0005433827496053235, -0.9999998341522467, 0.003028484706568746], [0.0, 0.0, 0.0, 1.0]]}, "mean_rme": {"type": "float", "data": 0.0016967347709089273}, "max_rme": {"type": "float", "data": 0.0063620033381923125}, "simu": {"type": "float", "data": 0.002}}, {"type": "dict", "image_number": {"type": "int", "data": 17}, "Hcamera2end": {"type": "ndarray", "data": [[0.9999891256652692, -0.002937239289241396, -0.003622316464392367, -0.01514169446019082], [0.0036211128184573584, -0.00041500274943873094, 0.9999933576352766, 0.02989254879055822], [-0.002938723050318815, -0.9999956001893588, -0.00040436216171868544, 0.03062364065395487], [0.0, 0.0, 0.0, 1.0]]}, "Hobj2base": {"type": "ndarray", "data": [[0.9999960528565064, -0.0027759612269513036, 0.0004339477777724923, -0.7328992591669433], [-0.0027756444684550064, -0.9999958822777617, -0.0007288520467777677, 0.09012055709042271], [0.0004359692559181166, 0.000727644685145181, -0.9999996402319455, 0.0028653738441246634], [0.0, 0.0, 0.0, 1.0]]}, "mean_rme": {"type": "float", "data": 0.001706889843151694}, "max_rme": {"type": "float", "data": 0.006206932252103892}, "simu": {"type": "float", "data": 0.002}}, {"type": "dict", "image_number": {"type": "int", "data": 18}, "Hcamera2end": {"type": "ndarray", "data": [[0.9999881088312603, -0.0031067330866221482, -0.0037590431771935134, -0.014991280251989543], [0.003757805808215461, -0.00040402758122537463, 0.9999928578031051, 0.02967536900096641], [-0.0031082296548453478, -0.9999950924735791, -0.0003923482772278941, 0.030573689775933936], [0.0, 0.0, 0.0, 1.0]]}, "Hobj2base": {"type": "ndarray", "data": [[0.9999956396367168, -0.0029221725977979338, 0.00042616295290774366, -0.7327111837744006], [-0.002921788931805424, -0.9999953282353249, -0.000898140836414263, 0.09009708415558221], [0.00042878548451584763, 0.0008968917619949854, -0.9999995058639652, 0.0028600478495237245], [0.0, 0.0, 0.0, 1.0]]}, "mean_rme": {"type": "float", "data": 0.001803963925996704}, "max_rme": {"type": "float", "data": 0.006100797763806343}, "simu": {"type": "float", "data": 0.002}}, {"type": "dict", "image_number": {"type": "int", "data": 19}, "Hcamera2end": {"type": "ndarray", "data": [[0.9999878923101413, -0.003130349537706494, -0.0037968598727022716, -0.015057538224429946], [0.003795532866005088, -0.0004297482411768083, 0.9999927045967447, 0.02960534475615498], [-0.0031319583943965747, -0.9999950081016511, -0.0004178616933658841, 0.03045452030942567], [0.0, 0.0, 0.0, 1.0]]}, "Hobj2base": {"type": "ndarray", "data": [[0.9999955396718064, -0.0029575582765288006, 0.0004165159462345442, -0.7326724319422615], [-0.002957172335871578, -0.9999952004997954, -0.0009241802583829765, 0.09000646486238983], [0.00041924726413836014, 0.0009229444268020599, -0.9999994862025263, 0.0029843504441878776], [0.0, 0.0, 0.0, 1.0]]}, "mean_rme": {"type": "float", "data": 0.0017743646356036464}, "max_rme": {"type": "float", "data": 0.00613525919462532}, "simu": {"type": "float", "data": 0.002}}, {"type": "dict", "image_number": {"type": "int", "data": 20}, "Hcamera2end": {"type": "ndarray", "data": [[0.9999877293930818, -0.0033349288772322877, -0.0036632380010730953, -0.015294014006372428], [0.0036620658094232107, -0.0003575278246008562, 0.9999932307010195, 0.029550471852600693], [-0.0033362160116151567, -0.9999943751958003, -0.0003453107084991913, 0.030635239702019763], [0.0, 0.0, 0.0, 1.0]]}, "Hobj2base": {"type": "ndarray", "data": [[0.9999947517230392, -0.0032110272533970134, 0.00043108045085234355, -0.7326830066421609], [-0.0032106511858726802, -0.9999944671684158, -0.0008702594544364908, 0.08987912251494914], [0.0004338724925825319, 0.0008688708381131105, -0.999999528408952, 0.0032034531949381275], [0.0, 0.0, 0.0, 1.0]]}, "mean_rme": {"type": "float", "data": 0.0017925358183394908}, "max_rme": {"type": "float", "data": 0.006222167977344317}, "simu": {"type": "float", "data": 0.002}}, {"type": "dict", "image_number": {"type": "int", "data": 21}, "Hcamera2end": {"type": "ndarray", "data": [[0.9999893006146287, -0.0028804869709641453, -0.0036195926671167616, -0.014839533119872857], [0.0036192189963020244, -0.00013492688876137748, 0.9999934415027891, 0.029689952167255455], [-0.002880956459675536, -0.9999958422861295, -0.00012450033196276244, 0.030557942538794045], [0.0, 0.0, 0.0, 1.0]]}, "Hobj2base": {"type": "ndarray", "data": [[0.9999957996901556, -0.0028970523683663073, 8.769048465422491e-05, -0.733041612143323], [-0.00289697029233062, -0.9999953786725875, -0.0009220610573583653, 0.09018422227997933], [9.036133857778278e-05, 0.0009218031476872655, -0.9999995710568006, 0.003102104198328959], [0.0, 0.0, 0.0, 1.0]]}, "mean_rme": {"type": "float", "data": 0.0017817645855885387}, "max_rme": {"type": "float", "data": 0.0063993771297296}, "simu": {"type": "float", "data": 0.002}}, {"type": "dict", "image_number": {"type": "int", "data": 22}, "Hcamera2end": {"type": "ndarray", "data": [[0.9999889148530009, -0.002908221705499084, -0.003703028170198715, -0.014991970719481634], [0.0037028072655934806, -8.133930278830803e-05, 0.999993141277615, 0.029863016858095677], [-0.0029085029605433405, -0.9999957678062591, -7.0569816668975e-05, 0.030117556427603893], [0.0, 0.0, 0.0, 1.0]]}, "Hobj2base": {"type": "ndarray", "data": [[0.9999956848830697, -0.0029369141648079326, 6.892335595384019e-05, -0.732620280109641], [-0.0029368411832854952, -0.9999951507052789, -0.0010361128271471406, 0.09008311618663097], [7.196599616256163e-05, 0.001035905939248883, -0.9999994608597449, 0.0028106219143417847], [0.0, 0.0, 0.0, 1.0]]}, "mean_rme": {"type": "float", "data": 0.0017928932087421755}, "max_rme": {"type": "float", "data": 0.006178131484599336}, "simu": {"type": "float", "data": 0.002}}, {"type": "dict", "image_number": {"type": "int", "data": 23}, "Hcamera2end": {"type": "ndarray", "data": [[0.9999886794624273, -0.0028258972794463445, -0.003828217804265107, -0.015107377441666816], [0.0038280844009790007, -5.2614815963636374e-05, 0.9999926714738963, 0.029890624086488862], [-0.002826077990759606, -0.9999960057601465, -4.179644704138674e-05, 0.030135220519197176], [0.0, 0.0, 0.0, 1.0]]}, "Hobj2base": {"type": "ndarray", "data": [[0.9999959207673382, -0.00285452785708101, 0.00010059521111613652, -0.7325336290295605], [-0.0028544092836338066, -0.999995253614915, -0.0011597824294249843, 0.08991599872734263], [0.00010390536490547354, 0.0011594905584981186, -0.9999993223924306, 0.002875556152633282], [0.0, 0.0, 0.0, 1.0]]}, "mean_rme": {"type": "float", "data": 0.0017801807069387757}, "max_rme": {"type": "float", "data": 0.006185285915735528}, "simu": {"type": "float", "data": 0.002}}, {"type": "dict", "image_number": {"type": "int", "data": 24}, "Hcamera2end": {"type": "ndarray", "data": [[0.9999881417141925, -0.0028550255646016777, -0.003945283262526668, -0.014994487740709214], [0.00394520490399109, -3.3077169623974e-05, 0.9999922171017962, 0.02987148311312199], [-0.0028551338430320298, -0.9999959238591555, -2.1813116527047427e-05, 0.030178529561418293], [0.0, 0.0, 0.0, 1.0]]}, "Hobj2base": {"type": "ndarray", "data": [[0.9999958107392793, -0.0028943099304842295, 3.8391635516801055e-05, -0.732544089579139], [-0.0028942593905274794, -0.9999950216712787, -0.0012569388364554821, 0.08998518275497885], [4.2029414946983715e-05, 0.001256822455459374, -0.9999992093151091, 0.002868526472438772], [0.0, 0.0, 0.0, 1.0]]}, "mean_rme": {"type": "float", "data": 0.0017308053523222798}, "max_rme": {"type": "float", "data": 0.006205517748767986}, "simu": {"type": "float", "data": 0.002}}, {"type": "dict", "image_number": {"type": "int", "data": 25}, "Hcamera2end": {"type": "ndarray", "data": [[0.9999880330093106, -0.002746475112269909, -0.004048544507302659, -0.014772023350997702], [0.004048553717693245, -2.2061195699141223e-06, 0.9999918045703815, 0.029795799267676778], [-0.0027464615352996943, -0.9999962284276831, 8.913158857093428e-06, 0.03031319062089199], [0.0, 0.0, 0.0, 1.0]]}, "Hobj2base": {"type": "ndarray", "data": [[0.9999960457197117, -0.0028122122572883258, 2.6758709399684774e-06, -0.7328046389958669], [-0.0028122060656054736, -0.9999951310120669, -0.001352571330469179, 0.09002161042425474], [6.479575585587363e-06, 0.0013525584569225402, -0.9999990852713996, 0.0028688422485190455], [0.0, 0.0, 0.0, 1.0]]}, "mean_rme": {"type": "float", "data": 0.001733777263658798}, "max_rme": {"type": "float", "data": 0.006222765759644866}, "simu": {"type": "float", "data": 0.002}}, {"type": "dict", "image_number": {"type": "int", "data": 26}, "Hcamera2end": {"type": "ndarray", "data": [[0.9999882295112541, -0.002792191768262976, -0.003967934484926796, -0.014655201321882567], [0.003967154595328551, -0.00028479405110504175, 0.9999920902571007, 0.02980055329908275], [-0.0027932997268804447, -0.9999960612709822, -0.000273713642535256, 0.03028986556897122], [0.0, 0.0, 0.0, 1.0]]}, "Hobj2base": {"type": "ndarray", "data": [[0.9999960674721766, -0.0027974228185155946, 0.00019865990155068874, -0.7327508293763849], [-0.0027971961984527664, -0.9999954471199299, -0.0011320039039245961, 0.09023409148278835], [0.00020182569062746967, 0.0011314437615663453, -0.9999993395504843, 0.002748007257537941], [0.0, 0.0, 0.0, 1.0]]}, "mean_rme": {"type": "float", "data": 0.0017312456705653693}, "max_rme": {"type": "float", "data": 0.0062003202096378995}, "simu": {"type": "float", "data": 0.002}}, {"type": "dict", "image_number": {"type": "int", "data": 27}, "Hcamera2end": {"type": "ndarray", "data": [[0.9999888666591086, -0.0028730997718275754, -0.0037432413137137373, -0.014725934471963884], [0.003742419495996677, -0.00029136162105669605, 0.9999929546775426, 0.02973428074521566], [-0.0028741701667704006, -0.9999958301943599, -0.00028060603262836104, 0.0306882605873432], [0.0, 0.0, 0.0, 1.0]]}, "Hobj2base": {"type": "ndarray", "data": [[0.9999957570019021, -0.0029072473529090253, 0.00018409514323654803, -0.7331231648537709], [-0.0029070770401854857, -0.9999953523984162, -0.0009187407962797831, 0.0902611653526801], [0.00018676529438366258, 0.0009182017193002194, -0.9999995610120678, 0.0029159432953091875], [0.0, 0.0, 0.0, 1.0]]}, "mean_rme": {"type": "float", "data": 0.001741309083675269}, "max_rme": {"type": "float", "data": 0.006302541325876765}, "simu": {"type": "float", "data": 0.002}}, {"type": "dict", "image_number": {"type": "int", "data": 28}, "Hcamera2end": {"type": "ndarray", "data": [[0.9999887183503323, -0.0028805346211582816, -0.0037769951490601236, -0.014738200590455379], [0.0037761869467544708, -0.0002859608748815301, 0.9999928292935512, 0.029666041580179218], [-0.0028815940385273457, -0.9999958103645608, -0.00027508021153499485, 0.030719934799562122], [0.0, 0.0, 0.0, 1.0]]}, "Hobj2base": {"type": "ndarray", "data": [[0.9999958490302315, -0.0028746412801091076, 0.00019585662374776977, -0.7330675548745473], [-0.0028744610211925564, -0.9999954505628765, -0.0009145093699988533, 0.09022445989906783], [0.00019848461909642, 0.0009139425916674001, -0.9999995626563023, 0.0029027571943001313], [0.0, 0.0, 0.0, 1.0]]}, "mean_rme": {"type": "float", "data": 0.0017566534801226425}, "max_rme": {"type": "float", "data": 0.006213300417661549}, "simu": {"type": "float", "data": 0.002}}, {"type": "dict", "image_number": {"type": "int", "data": 29}, "Hcamera2end": {"type": "ndarray", "data": [[0.9999903285607178, -0.002748426728718052, -0.0034335019359969616, -0.0148908356723036], [0.0034324117912559434, -0.00040126185562439076, 0.9999940287512812, 0.02980675469022872], [-0.002749788050536598, -0.9999961425622801, -0.0003918242425335894, 0.031115279056787102], [0.0, 0.0, 0.0, 1.0]]}, "Hobj2base": {"type": "ndarray", "data": [[0.9999963280115913, -0.002691603972572883, 0.0003150101405591027, -0.7334243667989895], [-0.0026914048989529816, -0.999996179279967, -0.0006306862436935192, 0.09028169805107346], [0.0003167064945925207, 0.0006298361079854222, -0.9999997515017056, 0.0028088451303636052], [0.0, 0.0, 0.0, 1.0]]}, "mean_rme": {"type": "float", "data": 0.0017352627776969713}, "max_rme": {"type": "float", "data": 0.006206503579327727}, "simu": {"type": "float", "data": 0.002}}, {"type": "dict", "image_number": {"type": "int", "data": 30}, "Hcamera2end": {"type": "ndarray", "data": [[0.9999883046154932, -0.003348065253820068, -0.0034901420154186623, -0.015018665202615928], [0.003488903229163274, -0.0003757698752009375, 0.9999938431566758, 0.02932467319027841], [-0.003349356130536429, -0.9999943246119235, -0.00036408440475210746, 0.031092946496836686], [0.0, 0.0, 0.0, 1.0]]}, "Hobj2base": {"type": "ndarray", "data": [[0.9999946415502923, -0.003224360582204709, 0.0005660119596476343, -0.733399967748645], [-0.003223914066032155, -0.9999944926791311, -0.0007880288711450021, 0.09053755842508181], [0.0005685497316679161, 0.0007861998746136775, -0.999999529320369, 0.003270760118439997], [0.0, 0.0, 0.0, 1.0]]}, "mean_rme": {"type": "float", "data": 0.0017629464974501013}, "max_rme": {"type": "float", "data": 0.006260134527544703}, "simu": {"type": "float", "data": 0.002}}]}