{"type": "list", "data": [{"type": "dict", "image_number": {"type": "int", "data": 5}, "Hcamera2end": {"type": "ndarray", "data": [[0.999995392220506, 0.002916927518636349, -0.0008408755005139316, -0.014808974204647713], [0.0008423754998775187, -0.0005130490497486928, 0.9999995135919765, 0.028114928772627775], [0.002916494689442904, -0.9999956141476439, -0.0005155038340085571, 0.034625216030234315], [0.0, 0.0, 0.0, 1.0]]}, "Hobj2base": {"type": "ndarray", "data": [[0.9999949827405276, 0.002750599724090406, 0.001571208111568357, -0.7362233625177504], [0.002756143066715791, -0.9999899470463547, -0.0035368745560079395, 0.08930550872585435], [0.0015614637901081461, 0.0035411872849336373, -0.9999925108836794, -0.0020116901762021523], [0.0, 0.0, 0.0, 1.0]]}, "mean_rme": {"type": "float", "data": 0.0013776524751594633}, "max_rme": {"type": "float", "data": 0.0048478296831128975}, "simu": {"type": "float", "data": 0.002}}, {"type": "dict", "image_number": {"type": "int", "data": 6}, "Hcamera2end": {"type": "ndarray", "data": [[0.9999970413460945, 0.0023951279369025277, -0.00042504261363246346, -0.01569864129200562], [0.0004214544052070649, 0.001498433709454794, 0.9999987885355676, 0.02746542893380858], [0.0023957619334704426, -0.9999960090213281, 0.00149741983888807, 0.031619736129537765], [0.0, 0.0, 0.0, 1.0]]}, "Hobj2base": {"type": "ndarray", "data": [[0.9999969538537197, 0.0024422649124935325, -0.0003572469439446837, -0.7340429115778088], [0.002441222667572536, -0.9999928460355587, -0.0028893441455550843, 0.08832817272819148], [-0.00036430093203955764, 0.0028884632248526837, -0.9999957620235349, -0.0017778554283259067], [0.0, 0.0, 0.0, 1.0]]}, "mean_rme": {"type": "float", "data": 0.0015434471921792203}, "max_rme": {"type": "float", "data": 0.004440015284810278}, "simu": {"type": "float", "data": 0.002}}, {"type": "dict", "image_number": {"type": "int", "data": 7}, "Hcamera2end": {"type": "ndarray", "data": [[0.999999093809318, 0.0013141527574780465, -0.00029220382071408664, -0.015367121111449219], [0.0002907871526422296, 0.0010780705769998233, 0.999999376603137, 0.026576707641916733], [0.0013144669545809388, -0.9999985553821369, 0.0010776874613238618, 0.03182742048686874], [0.0, 0.0, 0.0, 1.0]]}, "Hobj2base": {"type": "ndarray", "data": [[0.999998915348526, 0.001421830803256282, -0.00038431619570007143, -0.7340075936796874], [0.0014210035125831683, -0.9999966911451128, -0.0021443991798605257, 0.08872849115843585], [-0.0003873638968619523, 0.002143850739270762, -0.9999976269237936, -0.0008011758063477536], [0.0, 0.0, 0.0, 1.0]]}, "mean_rme": {"type": "float", "data": 0.001284129919301127}, "max_rme": {"type": "float", "data": 0.004041077513917579}, "simu": {"type": "float", "data": 0.002}}, {"type": "dict", "image_number": {"type": "int", "data": 8}, "Hcamera2end": {"type": "ndarray", "data": [[0.9999989808787249, 0.001422508510914563, -0.00012128910974841783, -0.015476584208805782], [0.00012029628146742921, 0.0006980066870820867, 0.9999997491577033, 0.02619680708419721], [0.0014225928146989358, -0.9999987446273126, 0.0006978348532443723, 0.03222639572552364], [0.0, 0.0, 0.0, 1.0]]}, "Hobj2base": {"type": "ndarray", "data": [[0.9999985802608896, 0.0015242758570142914, -0.0007183726866605152, -0.7340304428874789], [0.00152317406087719, -0.9999976667644557, -0.001531798428186773, 0.08858396754469394], [-0.0007207058938897262, 0.001530702046790271, -0.9999985687661048, -0.0010100098108144495], [0.0, 0.0, 0.0, 1.0]]}, "mean_rme": {"type": "float", "data": 0.0014931995800471437}, "max_rme": {"type": "float", "data": 0.005623722419825228}, "simu": {"type": "float", "data": 0.002}}, {"type": "dict", "image_number": {"type": "int", "data": 9}, "Hcamera2end": {"type": "ndarray", "data": [[0.9999991615025708, 0.0012836022336684778, 0.00017134602706999822, -0.015576119967117216], [-0.00017248420173537145, 0.000886645339027714, 0.9999995920545383, 0.02609203556441965], [0.0012834497868725093, -0.9999987831119338, 0.0008868659966844161, 0.03192253682372273], [0.0, 0.0, 0.0, 1.0]]}, "Hobj2base": {"type": "ndarray", "data": [[0.999998650074581, 0.001379763015311944, -0.000892246063140684, -0.7338330866298477], [0.0013787166888414404, -0.9999983624932121, -0.0011722419488431938, 0.08860875007189438], [-0.0008938620181677099, 0.0011710102118661849, -0.9999989148722994, -0.0010770367170013229], [0.0, 0.0, 0.0, 1.0]]}, "mean_rme": {"type": "float", "data": 0.0014422764624633917}, "max_rme": {"type": "float", "data": 0.005368148820061425}, "simu": {"type": "float", "data": 0.002}}, {"type": "dict", "image_number": {"type": "int", "data": 10}, "Hcamera2end": {"type": "ndarray", "data": [[0.9999989324308215, 0.001454563887883929, 0.00013921606740545812, -0.015544229779213865], [-0.0001399726662195689, 0.0005200662415049129, 0.9999998549693682, 0.025997377108432168], [0.0014544912753506765, -0.9999988068867885, 0.0005202692854837654, 0.03171931304793101], [0.0, 0.0, 0.0, 1.0]]}, "Hobj2base": {"type": "ndarray", "data": [[0.9999986736496148, 0.0015211631567436184, -0.0005820323545427553, -0.7335138509600283], [0.0015205636074479422, -0.9999983143609243, -0.0010291557832988252, 0.08878674717776616], [-0.0005835968873063788, 0.0010282694010609807, -0.9999993010381121, -0.0011409293808555044], [0.0, 0.0, 0.0, 1.0]]}, "mean_rme": {"type": "float", "data": 0.0013646058359003666}, "max_rme": {"type": "float", "data": 0.00522928859545746}, "simu": {"type": "float", "data": 0.002}}, {"type": "dict", "image_number": {"type": "int", "data": 11}, "Hcamera2end": {"type": "ndarray", "data": [[0.9999995161443875, 0.0009834732411208799, -2.2166975018224908e-05, -0.015276634538079842], [2.1718600024619344e-05, 0.0004559180407442964, 0.9999998958335158, 0.026033775231789465], [0.0009834832449997497, -0.9999994124593895, 0.0004558964604838289, 0.03157240708399794], [0.0, 0.0, 0.0, 1.0]]}, "Hobj2base": {"type": "ndarray", "data": [[0.9999993276967072, 0.0010922746009300313, -0.00038928438165647346, -0.733614519292825], [0.0010919261263842837, -0.9999990039993192, -0.0008942581861379528, 0.0890046911138327], [-0.00039026076943235666, 0.0008938325151383056, -0.99999952437987, -0.001232525715686237], [0.0, 0.0, 0.0, 1.0]]}, "mean_rme": {"type": "float", "data": 0.0013224270586286043}, "max_rme": {"type": "float", "data": 0.005183440780147985}, "simu": {"type": "float", "data": 0.002}}, {"type": "dict", "image_number": {"type": "int", "data": 12}, "Hcamera2end": {"type": "ndarray", "data": [[0.9999991708768278, 0.001287380504903042, 2.9951506135967297e-05, -0.014225206996516058], [-3.0160459741441635e-05, 0.00016229001914935814, 0.9999999863761481, 0.025954161160347898], [0.0012873756265334565, -0.9999991581563382, 0.00016232871257881865, 0.0324095204204811], [0.0, 0.0, 0.0, 1.0]]}, "Hobj2base": {"type": "ndarray", "data": [[0.9999990415914318, 0.0013749609100810675, -0.00016216878126178405, -0.7346301530619223], [0.0013748406070750604, -0.9999987813786717, -0.000739631311287275, 0.08983662527587517], [-0.00016318554778034042, 0.0007394076461926104, -0.9999997133233638, -0.0012332739876067718], [0.0, 0.0, 0.0, 1.0]]}, "mean_rme": {"type": "float", "data": 0.001357357794210218}, "max_rme": {"type": "float", "data": 0.00509703005268658}, "simu": {"type": "float", "data": 0.002}}, {"type": "dict", "image_number": {"type": "int", "data": 13}, "Hcamera2end": {"type": "ndarray", "data": [[0.9999992805726845, 0.0011924071928417677, 0.0001304576555905398, -0.014429110347834685], [-0.00013079916313038476, 0.00028632828204910865, 0.9999999504538457, 0.025882535676673386], [0.0011923697800461715, -0.9999992480903179, 0.0002864840419196657, 0.03273648567868838], [0.0, 0.0, 0.0, 1.0]]}, "Hobj2base": {"type": "ndarray", "data": [[0.9999991492799083, 0.0012785565168182745, -0.0002583267175820315, -0.7350431303364254], [0.0012783967187752266, -0.9999989920058232, -0.0006178099764198169, 0.08980231773235678], [-0.00025911636216171136, 0.0006174792068083283, -0.9999997757890449, -0.0012298376996270001], [0.0, 0.0, 0.0, 1.0]]}, "mean_rme": {"type": "float", "data": 0.001360413479446428}, "max_rme": {"type": "float", "data": 0.004997663218173076}, "simu": {"type": "float", "data": 0.002}}, {"type": "dict", "image_number": {"type": "int", "data": 14}, "Hcamera2end": {"type": "ndarray", "data": [[0.9999991140036498, 0.0013258211006591132, 0.00011912314782479175, -0.014580368693472519], [-0.0001192935482048909, 0.00012844607515649642, 0.9999999846353274, 0.025860791193827573], [0.0013258057793875079, -0.9999991128496137, 0.00012860412325710335, 0.03282391790557007], [0.0, 0.0, 0.0, 1.0]]}, "Hobj2base": {"type": "ndarray", "data": [[0.9999990117911138, 0.0014005519395489546, -0.00012194695743699495, -0.7349749030873066], [0.0014004855238471219, -0.9999988718839201, -0.0005430204270827087, 0.08963739652489303], [-0.0001227073481790368, 0.0005428491055165296, -0.9999998451288654, -0.0012160377409255383], [0.0, 0.0, 0.0, 1.0]]}, "mean_rme": {"type": "float", "data": 0.0012886798744437549}, "max_rme": {"type": "float", "data": 0.004999001354287214}, "simu": {"type": "float", "data": 0.002}}, {"type": "dict", "image_number": {"type": "int", "data": 15}, "Hcamera2end": {"type": "ndarray", "data": [[0.9999990009631354, 0.0014077903274650346, 0.00012727578285438694, -0.014503211103285955], [-0.00012724649804017336, -2.08915201385107e-05, 0.9999999916859367, 0.02582544923278379], [0.0014077929747451571, -0.999999008844478, -2.071236287815026e-05, 0.03321064795714566], [0.0, 0.0, 0.0, 1.0]]}, "Hobj2base": {"type": "ndarray", "data": [[0.9999989374208869, 0.0014577216302834306, 1.4308942486138949e-05, -0.7353105928759306], [0.001457728395571883, -0.999998820016414, -0.0004847614915793898, 0.08960365746641273], [1.360227829001795e-05, 0.0004847818350337266, -0.9999998824007679, -0.001168219962436175], [0.0, 0.0, 0.0, 1.0]]}, "mean_rme": {"type": "float", "data": 0.0012655693318111211}, "max_rme": {"type": "float", "data": 0.005023183783059659}, "simu": {"type": "float", "data": 0.002}}, {"type": "dict", "image_number": {"type": "int", "data": 16}, "Hcamera2end": {"type": "ndarray", "data": [[0.9999988527315544, 0.001508984044131112, 0.00013229788175072796, -0.014440824247379929], [-0.0001322222429546772, -5.022529391451869e-05, 0.9999999899973493, 0.025905741520437613], [0.0015089906737372667, -0.9999988602216379, -5.0025715037538276e-05, 0.0332948249838915], [0.0, 0.0, 0.0, 1.0]]}, "Hobj2base": {"type": "ndarray", "data": [[0.9999987606815515, 0.0015740563789951286, -3.1334913292692295e-05, -0.7352630617518703], [0.0015740385619688727, -0.9999986039923252, -0.0005607281033385308, 0.08949377177186339], [-3.221748719685471e-05, 0.0005606780860559892, -0.9999998423010461, -0.00110032738715838], [0.0, 0.0, 0.0, 1.0]]}, "mean_rme": {"type": "float", "data": 0.0013175811709738598}, "max_rme": {"type": "float", "data": 0.005170435824297437}, "simu": {"type": "float", "data": 0.002}}, {"type": "dict", "image_number": {"type": "int", "data": 17}, "Hcamera2end": {"type": "ndarray", "data": [[0.9999980784524866, 0.001954301086949619, 0.00015426793620693503, -0.014720646868598378], [-0.00015406670449697693, -0.00010311876030755229, 0.9999999828149856, 0.02590423618294455], [0.0019543169612832637, -0.9999980850350577, -0.00010281746943197057, 0.033473575775907635], [0.0, 0.0, 0.0, 1.0]]}, "Hobj2base": {"type": "ndarray", "data": [[0.9999979720907174, 0.002013720564676723, -2.727526717825965e-05, -0.7353017457893526], [0.002013706057795394, -0.9999978363303845, -0.000521845246954383, 0.08909887898970481], [-2.8326058668963652e-05, 0.0005217892643288178, -0.9999998634667895, -0.0010112202774661438], [0.0, 0.0, 0.0, 1.0]]}, "mean_rme": {"type": "float", "data": 0.0013707997009819418}, "max_rme": {"type": "float", "data": 0.005250530863327607}, "simu": {"type": "float", "data": 0.002}}, {"type": "dict", "image_number": {"type": "int", "data": 18}, "Hcamera2end": {"type": "ndarray", "data": [[0.9999984375206284, 0.0017598857147848783, 0.00016660904134061644, -0.014416729866758748], [-0.00016651517717265925, -5.3481766236318506e-05, 0.999999984706198, 0.02585138390656429], [0.0017598945984153365, -0.9999984499697845, -5.318863499059745e-05, 0.03348389516403792], [0.0, 0.0, 0.0, 1.0]]}, "Hobj2base": {"type": "ndarray", "data": [[0.9999982955482352, 0.0018455344431256135, -5.3881757153836496e-05, -0.735186098771956], [0.001845507314223798, -0.9999981724138658, -0.0004992711499600132, 0.08942457460105373], [-5.480308078399438e-05, 0.0004991708597994899, -0.9999998739125293, -0.0010431489153982971], [0.0, 0.0, 0.0, 1.0]]}, "mean_rme": {"type": "float", "data": 0.0013712236642613993}, "max_rme": {"type": "float", "data": 0.0051570446913411505}, "simu": {"type": "float", "data": 0.002}}, {"type": "dict", "image_number": {"type": "int", "data": 19}, "Hcamera2end": {"type": "ndarray", "data": [[0.9999981198198955, 0.0019391317890436704, -1.1161479112312524e-05, -0.014394419991210716], [1.1208967530923074e-05, -2.447866000987453e-05, 0.9999999996375774, 0.02579446153229432], [0.0019391315151228322, -0.9999981195825821, -2.4500349650846687e-05, 0.03340866343665805], [0.0, 0.0, 0.0, 1.0]]}, "Hobj2base": {"type": "ndarray", "data": [[0.9999979755198952, 0.002012126807976512, -1.7372959410005423e-05, -0.7352559243595127], [0.002012119255696303, -0.9999978856675436, -0.0004243071327415819, 0.08941847985288529], [-1.8226682434398465e-05, 0.0004242713172740761, -0.9999999098308143, -0.0011417117168832326], [0.0, 0.0, 0.0, 1.0]]}, "mean_rme": {"type": "float", "data": 0.0013986152692559526}, "max_rme": {"type": "float", "data": 0.004989322276774288}, "simu": {"type": "float", "data": 0.002}}, {"type": "dict", "image_number": {"type": "int", "data": 20}, "Hcamera2end": {"type": "ndarray", "data": [[0.9999983294240491, 0.0018253292021766796, -9.655265254144456e-05, -0.01428723964781824], [9.641796771251603e-05, 7.387444962991818e-05, 0.9999999926230708, 0.025769372906866518], [0.0018253363214854215, -0.9999983313565427, 7.369833168502371e-05, 0.03320106079941577], [0.0, 0.0, 0.0, 1.0]]}, "Hobj2base": {"type": "ndarray", "data": [[0.9999981970012461, 0.0018934251108176324, -0.0001446914187822305, -0.7350711418915997], [0.0018933558747524896, -0.9999980937607491, -0.0004771565773712288, 0.08943979932659055], [-0.00014559460321115524, 0.00047688176471073675, -0.9999998756929891, -0.0011453950048735478], [0.0, 0.0, 0.0, 1.0]]}, "mean_rme": {"type": "float", "data": 0.001370641517082656}, "max_rme": {"type": "float", "data": 0.004938956421042584}, "simu": {"type": "float", "data": 0.002}}, {"type": "dict", "image_number": {"type": "int", "data": 21}, "Hcamera2end": {"type": "ndarray", "data": [[0.9999979403286084, 0.002028118814700225, -7.792698104273064e-05, -0.014299960939112663], [7.792488366989436e-05, 1.1131674473308095e-06, 0.9999999969632369, 0.025682806977131958], [0.0020281188952870864, -0.9999979433643025, 9.551242318162068e-07, 0.03298284588530411], [0.0, 0.0, 0.0, 1.0]]}, "Hobj2base": {"type": "ndarray", "data": [[0.9999978304583994, 0.0020805404007711932, -0.00010212803248797308, -0.7348716002626193], [0.0020804971506612614, -0.9999977468123229, -0.0004217841664864153, 0.08950904579724742], [-0.0001030053413731294, 0.00042157077432752573, -0.9999999058339861, -0.0011333356884448778], [0.0, 0.0, 0.0, 1.0]]}, "mean_rme": {"type": "float", "data": 0.0013584083005054857}, "max_rme": {"type": "float", "data": 0.004858793229533975}, "simu": {"type": "float", "data": 0.002}}, {"type": "dict", "image_number": {"type": "int", "data": 22}, "Hcamera2end": {"type": "ndarray", "data": [[0.9999977719461143, 0.002108178416305725, -0.00010810445110252917, -0.014322170780711763], [0.00010813595985919959, -1.483198368212868e-05, 0.9999999940433134, 0.025692218576523932], [0.002108176800344512, -0.9999977776794194, -1.5059920532412008e-05, 0.03290652103981062], [0.0, 0.0, 0.0, 1.0]]}, "Hobj2base": {"type": "ndarray", "data": [[0.9999976656898301, 0.0021593492121375823, -7.63273923314045e-05, -0.734792081507525], [0.0021593153843232453, -0.9999975716414051, -0.0004405319106553847, 0.08949122175981533], [-7.727846921532046e-05, 0.000440366067404759, -0.9999999000528776, -0.0010539285693769893], [0.0, 0.0, 0.0, 1.0]]}, "mean_rme": {"type": "float", "data": 0.0013422281442822376}, "max_rme": {"type": "float", "data": 0.0049555114748539575}, "simu": {"type": "float", "data": 0.002}}, {"type": "dict", "image_number": {"type": "int", "data": 23}, "Hcamera2end": {"type": "ndarray", "data": [[0.9999972130658664, 0.002354748532826526, -0.00017035212746061164, -0.014190310708223387], [0.00017039043762946291, -1.6068720841255768e-05, 0.9999999853544473, 0.025619062785278146], [0.002354745760999152, -0.999997227446728, -1.646990269188464e-05, 0.03287974166929998], [0.0, 0.0, 0.0, 1.0]]}, "Hobj2base": {"type": "ndarray", "data": [[0.9999971152854027, 0.0024005703500836473, -8.174880688398726e-05, -0.7349208685415806], [0.0024005298162924392, -0.9999969975079908, -0.0004923734406672235, 0.08951747010251207], [-8.29305385166822e-05, 0.0004921757798620005, -0.9999998754427564, -0.0011301177237775795], [0.0, 0.0, 0.0, 1.0]]}, "mean_rme": {"type": "float", "data": 0.0013680583096124573}, "max_rme": {"type": "float", "data": 0.004808945906757733}, "simu": {"type": "float", "data": 0.002}}, {"type": "dict", "image_number": {"type": "int", "data": 24}, "Hcamera2end": {"type": "ndarray", "data": [[0.9999968166032619, 0.002519643743137929, -0.00013482859404729728, -0.01410852515718325], [0.00013472893476953996, 3.9722616982040826e-05, 0.9999999901351139, 0.02560261715637469], [0.0025196490740265294, -0.99999682490372, 3.938302161166085e-05, 0.03272517751941934], [0.0, 0.0, 0.0, 1.0]]}, "Hobj2base": {"type": "ndarray", "data": [[0.9999967107379574, 0.0025610667186496444, -0.00013946515178589334, -0.7348622977087008], [0.0025609996783989447, -0.9999966060237975, -0.00047877085695920065, 0.08962678451468577], [-0.00014069084255210465, 0.0004784121119475222, -0.9999998756639614, -0.001056395060294306], [0.0, 0.0, 0.0, 1.0]]}, "mean_rme": {"type": "float", "data": 0.0013494933076449954}, "max_rme": {"type": "float", "data": 0.004853363269425204}, "simu": {"type": "float", "data": 0.002}}, {"type": "dict", "image_number": {"type": "int", "data": 25}, "Hcamera2end": {"type": "ndarray", "data": [[0.9999961633385234, 0.0027658313200101805, -0.000153249282259702, -0.013957246531366634], [0.0001532743544318412, -8.853004267006526e-06, 0.9999999882142981, 0.025554156023541486], [0.0027658299306963677, -0.9999961750420515, -9.27690131113934e-06, 0.03287668816711089], [0.0, 0.0, 0.0, 1.0]]}, "Hobj2base": {"type": "ndarray", "data": [[0.999996165068394, 0.0027677344058626516, -9.74410801829846e-05, -0.7350739213964839], [0.0027676875344779884, -0.9999960557433674, -0.00047791570240532323, 0.08967492388347992], [-9.876343958300707e-05, 0.00047764418316832247, -0.9999998810509012, -0.001055569711632065], [0.0, 0.0, 0.0, 1.0]]}, "mean_rme": {"type": "float", "data": 0.0013492385538989178}, "max_rme": {"type": "float", "data": 0.004809388940426151}, "simu": {"type": "float", "data": 0.002}}, {"type": "dict", "image_number": {"type": "int", "data": 26}, "Hcamera2end": {"type": "ndarray", "data": [[0.9999954082353131, 0.0030304133231726545, 1.0167607411642413e-05, -0.013805689442924093], [-1.0245992454608168e-05, 2.5850599029153543e-05, 0.9999999996133832, 0.025622905794734564], [0.0030304130591623027, -0.9999954079528753, 2.5881529921334412e-05, 0.032853270559487446], [0.0, 0.0, 0.0, 1.0]]}, "Hobj2base": {"type": "ndarray", "data": [[0.9999953706499728, 0.0030405783087456336, -0.0001164567387859945, -0.7351442477634771], [0.003040542139387207, -0.9999953296426767, -0.0003095098271375844, 0.08985503444225756], [-0.00011739728375814979, 0.00030915430268656333, -0.999999945320746, -0.0009419676188033299], [0.0, 0.0, 0.0, 1.0]]}, "mean_rme": {"type": "float", "data": 0.0013791453954414346}, "max_rme": {"type": "float", "data": 0.004963647979674968}, "simu": {"type": "float", "data": 0.002}}, {"type": "dict", "image_number": {"type": "int", "data": 27}, "Hcamera2end": {"type": "ndarray", "data": [[0.9999956866219335, 0.0029367850035018107, 4.5070733513051867e-05, -0.013892108527862131], [-4.5140414909428366e-05, 2.366082200566666e-05, 0.999999998701254, 0.02561218010158224], [0.0029367839332770703, -0.9999956873577047, 2.3793287641238337e-05, 0.032957970337763945], [0.0, 0.0, 0.0, 1.0]]}, "Hobj2base": {"type": "ndarray", "data": [[0.9999956411473646, 0.0029507541095091833, -0.00010361687287464506, -0.7352610811211261], [0.002950724475436, -0.9999956059920301, -0.0002849942142219976, 0.08986363505131904], [-0.00010445736543008176, 0.0002846872271313566, -0.9999999540209195, -0.0009070323635761455], [0.0, 0.0, 0.0, 1.0]]}, "mean_rme": {"type": "float", "data": 0.001360485746202135}, "max_rme": {"type": "float", "data": 0.004989305526235999}, "simu": {"type": "float", "data": 0.002}}, {"type": "dict", "image_number": {"type": "int", "data": 28}, "Hcamera2end": {"type": "ndarray", "data": [[0.9999955963709272, 0.002967484140459109, 3.572995829126792e-05, -0.014013250158640592], [-3.575349198152683e-05, 7.877470605155423e-06, 0.9999999993298164, 0.025604271016689797], [0.0029674838570086545, -0.9999955969782174, 7.983533836131151e-06, 0.03291966187938054], [0.0, 0.0, 0.0, 1.0]]}, "Hobj2base": {"type": "ndarray", "data": [[0.999995558973074, 0.002979146428194144, -8.197980662955484e-05, -0.73516922814347], [0.002979122679778796, -0.9999955208457474, -0.0002882993259357475, 0.0897630180905806], [-8.283832533646761e-05, 0.0002880538176894643, -0.999999955081404, -0.0008618311002452222], [0.0, 0.0, 0.0, 1.0]]}, "mean_rme": {"type": "float", "data": 0.0013531323535586088}, "max_rme": {"type": "float", "data": 0.0050327871907157595}, "simu": {"type": "float", "data": 0.002}}, {"type": "dict", "image_number": {"type": "int", "data": 29}, "Hcamera2end": {"type": "ndarray", "data": [[0.9999955975163533, 0.0029668349579594225, 5.3275171771260824e-05, -0.014219888046768516], [-5.318437209103177e-05, -3.068378403936478e-05, 0.9999999981149635, 0.02563653988795055], [0.0029668365870506967, -0.9999955984647316, -3.0525859700203384e-05, 0.03305390964443936], [0.0, 0.0, 0.0, 1.0]]}, "Hobj2base": {"type": "ndarray", "data": [[0.9999955511496519, 0.0029824473982432175, -5.184998284686919e-05, -0.7351948859763205], [0.0029824333796772125, -0.999995516522987, -0.0002683748512008593, 0.0895297078856359], [-5.2650164255380875e-05, 0.0002682190181217309, -0.999999962643259, -0.0008256325476302568], [0.0, 0.0, 0.0, 1.0]]}, "mean_rme": {"type": "float", "data": 0.001400362266447926}, "max_rme": {"type": "float", "data": 0.0051056722093455464}, "simu": {"type": "float", "data": 0.002}}, {"type": "dict", "image_number": {"type": "int", "data": 30}, "Hcamera2end": {"type": "ndarray", "data": [[-0.9980579434575969, -0.0022493343263367445, 0.062251762997371035, -120.99641071316854], [0.06222584865836274, 0.010177288270866947, 0.9980102036363148, -3880.378349214113], [-0.00287841274646743, 0.9999456801739484, -0.010017556664223992, 19.5890616586738], [0.0, 0.0, 0.0, 1.0]]}, "Hobj2base": {"type": "ndarray", "data": [[-0.9999267978000352, -0.0027905595014439595, 0.01177335207299211, -22.56187163425472], [-0.0024823493064051344, 0.9996559282289862, 0.026112508469409913, -49.16110347216055], [-0.011842169703509434, 0.026081371403990923, -0.9995896783592748, 3783.975788903784], [0.0, 0.0, 0.0, 1.0]]}, "mean_rme": {"type": "float", "data": 235.4044425241756}, "max_rme": {"type": "float", "data": 2476.1726656259366}, "simu": {"type": "float", "data": 0.002}}, {"type": "dict", "image_number": {"type": "int", "data": 30}, "Hcamera2end": {"type": "ndarray", "data": [[0.9999955330977025, 0.0029863864330275545, 0.00012361518700245463, -0.014270040810935684], [-0.00012340151682014504, -7.173222568446214e-05, 0.9999999898132766, 0.025596013989442692], [0.0029863952697985544, -0.9999955381653262, -7.136338064794856e-05, 0.033063214702892155], [0.0, 0.0, 0.0, 1.0]]}, "Hobj2base": {"type": "ndarray", "data": [[0.9999955112906027, 0.0029961937045903794, -1.4897337391210422e-05, -0.735214954068366], [0.0029961883155349136, -0.9999954503467199, -0.0003494873924564426, 0.08952011969564651], [-1.5944401538602205e-05, 0.00034944118848087574, -0.9999999388183136, -0.0008428498086822352], [0.0, 0.0, 0.0, 1.0]]}, "mean_rme": {"type": "float", "data": 0.0013771479540060263}, "max_rme": {"type": "float", "data": 0.0050745644176235505}, "simu": {"type": "float", "data": 0.002}}]}