{"type": "list", "data": [{"type": "dict", "image_number": {"type": "int", "data": 5}, "Hcamera2end": {"type": "ndarray", "data": [[0.9999982780357282, -0.0018055168464751724, 0.0004289924190230525, -0.01550716508100834], [-0.00042858578223191183, 0.00022559993532034195, 0.9999998827094413, 0.02364771781187588], [-0.0018056134153670773, -0.9999983446054229, 0.00022482572799542577, 0.03690572804354086], [0.0, 0.0, 0.0, 1.0]]}, "Hobj2base": {"type": "ndarray", "data": [[0.9999982047004136, -0.001670685353067932, 0.0008940952973878396, -0.7406816901028902], [-0.0016697006160357958, -0.9999979999544755, -0.0011009935977447179, 0.08987901414803048], [0.0008959329230341151, 0.001099498749662524, -0.9999989942028429, 0.0011180989117497652], [0.0, 0.0, 0.0, 1.0]]}, "mean_rme": {"type": "float", "data": 0.0012311620510046697}, "max_rme": {"type": "float", "data": 0.003178494947912558}, "simu": {"type": "float", "data": 0.002}}, {"type": "dict", "image_number": {"type": "int", "data": 6}, "Hcamera2end": {"type": "ndarray", "data": [[0.9999970092565591, -0.0023838041097735433, 0.0005467686013213878, -0.015103469189431888], [-0.0005400723313088853, 0.002808808248506822, 0.999995909450684, 0.02326807368749429], [-0.002385330126862688, -0.99999321401407, 0.0028075124214390623, 0.034970623677388846], [0.0, 0.0, 0.0, 1.0]]}, "Hobj2base": {"type": "ndarray", "data": [[0.999994274967893, -0.003157084914702895, -0.0012177217578255217, -0.7396102748560818], [-0.0031576858580921697, -0.9999948935182879, -0.0004918916237506846, 0.09042629752821917], [-0.001216162595926623, 0.0004957339904291222, -0.9999991375978037, 0.001622663575529019], [0.0, 0.0, 0.0, 1.0]]}, "mean_rme": {"type": "float", "data": 0.0011571520179990869}, "max_rme": {"type": "float", "data": 0.0028547238352521487}, "simu": {"type": "float", "data": 0.002}}, {"type": "dict", "image_number": {"type": "int", "data": 7}, "Hcamera2end": {"type": "ndarray", "data": [[0.9999977206585724, -0.0021065966357572846, -0.0003477474284649144, -0.016212603559504143], [0.00034950525452954225, 0.0008341281897386033, 0.9999995910380363, 0.02316202628758092], [-0.0021063057083063963, -0.9999974332370943, 0.0008348625550690381, 0.035351976468284994], [0.0, 0.0, 0.0, 1.0]]}, "Hobj2base": {"type": "ndarray", "data": [[0.9999977596283103, -0.0020087889310525155, 0.00066746190207081, -0.738687961972004], [-0.002008294445134163, -0.9999977090622747, -0.0007406913151048352, 0.08909602380451669], [0.0006689482654722676, 0.0007393491956507144, -0.999999502935369, 0.0019058729436775953], [0.0, 0.0, 0.0, 1.0]]}, "mean_rme": {"type": "float", "data": 0.0011478939143306304}, "max_rme": {"type": "float", "data": 0.002658891392303714}, "simu": {"type": "float", "data": 0.002}}, {"type": "dict", "image_number": {"type": "int", "data": 8}, "Hcamera2end": {"type": "ndarray", "data": [[0.999997778437521, -0.0017223807296836023, -0.0012151233043150617, -0.01670927754903749], [0.0012142968632563205, -0.0004807893965976806, 0.9999991471619781, 0.023289493668880296], [-0.0017229634791721018, -0.9999984011218107, -0.00047869684697654513, 0.03193690215944622], [0.0, 0.0, 0.0, 1.0]]}, "Hobj2base": {"type": "ndarray", "data": [[0.9999978260115029, -0.0010978141119488125, 0.0017727877604776514, -0.7346257689508289], [-0.0010953421382764636, -0.999998427421972, -0.0013947685054753092, 0.08847065124777648], [0.0017743161691787827, 0.0013928236641283503, -0.9999974559189504, 0.001413342401194416], [0.0, 0.0, 0.0, 1.0]]}, "mean_rme": {"type": "float", "data": 0.0015834201923601576}, "max_rme": {"type": "float", "data": 0.0030228589316093624}, "simu": {"type": "float", "data": 0.002}}, {"type": "dict", "image_number": {"type": "int", "data": 9}, "Hcamera2end": {"type": "ndarray", "data": [[0.9999978991174051, -0.001418166430056821, -0.0014800556586283774, -0.016356215815501958], [0.0014784004828110762, -0.0011674621796007312, 0.9999982256804617, 0.0231756180036517], [-0.0014198918227815683, -0.9999983129165949, -0.0011653631089649785, 0.03144768300371807], [0.0, 0.0, 0.0, 1.0]]}, "Hobj2base": {"type": "ndarray", "data": [[0.9999972928536136, -0.0005375861535133387, 0.002263909576732428, -0.7339596899676201], [-0.0005341000824609371, -0.9999986713078672, -0.0015401686926249005, 0.08854213965384838], [0.0022647345420568144, 0.0015389553688711728, -0.9999962512898868, 0.0009334671970134515], [0.0, 0.0, 0.0, 1.0]]}, "mean_rme": {"type": "float", "data": 0.0015698892680926476}, "max_rme": {"type": "float", "data": 0.0035733800138249006}, "simu": {"type": "float", "data": 0.002}}, {"type": "dict", "image_number": {"type": "int", "data": 10}, "Hcamera2end": {"type": "ndarray", "data": [[0.9999981942003369, -0.0009791279618458436, -0.0016287739253140938, -0.01653521271767351], [0.0016279266121213155, -0.0008655503355059491, 0.999998300337337, 0.02327549566946137], [-0.0009805360834761227, -0.9999991460651613, -0.0008639548240296779, 0.031244671438125683], [0.0, 0.0, 0.0, 1.0]]}, "Hobj2base": {"type": "ndarray", "data": [[0.9999983487742464, -0.0002790697054683913, 0.0017957084619029515, -0.7343701649948912], [-0.00027686573045585954, -0.9999992083085274, -0.0012274883646281407, 0.08847106105114502], [0.0017960495950722578, 0.00122698916763275, -0.999997634348919, 0.0011168486254919062], [0.0, 0.0, 0.0, 1.0]]}, "mean_rme": {"type": "float", "data": 0.0015901512491754395}, "max_rme": {"type": "float", "data": 0.0036158901534099064}, "simu": {"type": "float", "data": 0.002}}, {"type": "dict", "image_number": {"type": "int", "data": 11}, "Hcamera2end": {"type": "ndarray", "data": [[0.9999982429995949, -0.0009855503041577543, -0.0015945809233352077, -0.016607971972294404], [0.0015943538291068014, -0.0002311665037284527, 0.9999987022981153, 0.02339228865636903], [-0.000985917638904227, -0.9999994876261912, -0.00022959478166750813, 0.0313418240468663], [0.0, 0.0, 0.0, 1.0]]}, "Hobj2base": {"type": "ndarray", "data": [[0.9999990116328686, -0.0005289959446440897, 0.001302649828765832, -0.7347603701211863], [-0.0005279077518348513, -0.9999995115672782, -0.0008355708287399518, 0.08874936696868461], [0.0013030912060888974, 0.0008348823239466769, -0.9999988024616895, 0.001256436144180498], [0.0, 0.0, 0.0, 1.0]]}, "mean_rme": {"type": "float", "data": 0.001573906922865681}, "max_rme": {"type": "float", "data": 0.003931307816948004}, "simu": {"type": "float", "data": 0.002}}, {"type": "dict", "image_number": {"type": "int", "data": 12}, "Hcamera2end": {"type": "ndarray", "data": [[0.9999989460634986, -0.000889837989458379, -0.0011471966895991589, -0.01633410192718577], [0.001146969981124418, -0.0002552434820140004, 0.9999993096550754, 0.022873548149031184], [-0.0008901301896408473, -0.999999571519467, -0.00025422259554153115, 0.03134899646144475], [0.0, 0.0, 0.0, 1.0]]}, "Hobj2base": {"type": "ndarray", "data": [[0.9999990074126341, -0.0004713915314013465, 0.0013277664594008017, -0.7347107839719444], [-0.00047050453789247644, -0.999999666021999, -0.000668267438935915, 0.08926693487869691], [0.0013280810315674395, 0.0006676420554776885, -0.9999988952268191, 0.0013484194606338863], [0.0, 0.0, 0.0, 1.0]]}, "mean_rme": {"type": "float", "data": 0.0015769966388365568}, "max_rme": {"type": "float", "data": 0.003738824119959794}, "simu": {"type": "float", "data": 0.002}}, {"type": "dict", "image_number": {"type": "int", "data": 13}, "Hcamera2end": {"type": "ndarray", "data": [[0.999999595658938, 0.0006230675141939413, -0.0006484356815563743, -0.015714605002368147], [0.0006486088094185844, -0.0002777018518060892, 0.999999751094116, 0.022955465871367126], [0.0006228872873192255, -0.9999997673342501, -0.0002781058665983771, 0.03147062484927558], [0.0, 0.0, 0.0, 1.0]]}, "Hobj2base": {"type": "ndarray", "data": [[0.9999994115160252, 0.0008394141393366339, 0.0006872783322141067, -0.7346645980438157], [0.0008396275376933275, -0.9999995993795749, -0.0003102680905207914, 0.08950493715418702], [0.0006870176134542008, 0.00031084496574677916, -0.9999997156910629, 0.0008603789686561375], [0.0, 0.0, 0.0, 1.0]]}, "mean_rme": {"type": "float", "data": 0.0017350508030672502}, "max_rme": {"type": "float", "data": 0.003700861945711509}, "simu": {"type": "float", "data": 0.002}}, {"type": "dict", "image_number": {"type": "int", "data": 14}, "Hcamera2end": {"type": "ndarray", "data": [[0.9999995267363664, 0.00043693546610824234, -0.0008692608593783676, -0.01582348742733264], [0.0008692655085463595, -1.0450605788969725e-05, 0.9999996221340589, 0.023056200142442876], [0.0004369262167026421, -0.9999999044890872, -1.0830413773144087e-05, 0.03182431353213706], [0.0, 0.0, 0.0, 1.0]]}, "Hobj2base": {"type": "ndarray", "data": [[0.9999997440009533, 0.0005649323777602771, 0.00043914625854768084, -0.7351457683337831], [0.0005650881686086758, -0.9999997774261609, -0.000354715365330947, 0.08951165391198623], [0.00043894577061044757, 0.0003549634308791457, -0.999999840663774, 0.0006860639218968512], [0.0, 0.0, 0.0, 1.0]]}, "mean_rme": {"type": "float", "data": 0.001742205583417978}, "max_rme": {"type": "float", "data": 0.003774022973728308}, "simu": {"type": "float", "data": 0.002}}, {"type": "dict", "image_number": {"type": "int", "data": 15}, "Hcamera2end": {"type": "ndarray", "data": [[0.9999992929604121, 0.00036145558303861647, -0.0011328850504124127, -0.01596394865567201], [0.001133130070751894, -0.0006783880768013173, 0.9999991279025495, 0.022853651570575426], [0.00036068673210353766, -0.9999997045696956, -0.0006787971733444031, 0.03223461326808903], [0.0, 0.0, 0.0, 1.0]]}, "Hobj2base": {"type": "ndarray", "data": [[0.9999991307420423, 0.0007838253199844328, 0.0010602513983487831, -0.7352219526587035], [0.0007842713211939354, -0.9999996041307042, -0.00042030575813178385, 0.08920420333179174], [0.0010599215323324495, 0.00042113691754263965, -0.9999993496048099, 0.0006122313483462853], [0.0, 0.0, 0.0, 1.0]]}, "mean_rme": {"type": "float", "data": 0.0017542602809250852}, "max_rme": {"type": "float", "data": 0.0035663168707937842}, "simu": {"type": "float", "data": 0.002}}, {"type": "dict", "image_number": {"type": "int", "data": 16}, "Hcamera2end": {"type": "ndarray", "data": [[0.999999239088383, 0.000634051645714647, -0.0010582065798610926, -0.015707174342523934], [0.0010586365834163237, -0.0006782324260072858, 0.9999992096443683, 0.02346259995711323], [0.0006333334345724822, -0.9999995689895508, -0.0006789031402001378, 0.03217131299458684], [0.0, 0.0, 0.0, 1.0]]}, "Hobj2base": {"type": "ndarray", "data": [[0.9999990971404212, 0.0010116263106696298, 0.0008844945166052041, -0.7352269879862035], [0.0010118130398398372, -0.9999994659214808, -0.00021069201616966094, 0.08899905932684242], [0.0008842809026286772, 0.00021158676902992393, -0.9999995866390767, -8.297704123144331e-05], [0.0, 0.0, 0.0, 1.0]]}, "mean_rme": {"type": "float", "data": 0.001754708563828178}, "max_rme": {"type": "float", "data": 0.0037923515397016994}, "simu": {"type": "float", "data": 0.002}}, {"type": "dict", "image_number": {"type": "int", "data": 17}, "Hcamera2end": {"type": "ndarray", "data": [[0.999999088973381, 0.0008211907335637249, -0.0010713067661072724, -0.015510384535924484], [0.0010721568370078076, -0.0010354283454470092, 0.999998889183312, 0.02350295849561037], [0.0008200805599790573, -0.9999991267665789, -0.0010363078474036058, 0.032426017855000655], [0.0, 0.0, 0.0, 1.0]]}, "Hobj2base": {"type": "ndarray", "data": [[0.9999984280254125, 0.0013474373643460244, 0.001152544685913167, -0.7353605690758227], [0.0013476055426328113, -0.9999990814442472, -0.00014515496319330578, 0.08913504191757439], [0.0011523480400155884, 0.00014670791062026096, -0.9999993252851642, -0.00016382536210833004], [0.0, 0.0, 0.0, 1.0]]}, "mean_rme": {"type": "float", "data": 0.001699218892160088}, "max_rme": {"type": "float", "data": 0.003998144714769447}, "simu": {"type": "float", "data": 0.002}}, {"type": "dict", "image_number": {"type": "int", "data": 18}, "Hcamera2end": {"type": "ndarray", "data": [[0.9999993100575947, 0.0008599376185772383, -0.0008002447293659094, -0.015372859215935328], [0.0008011149433134266, -0.001012082560639671, 0.9999991669515221, 0.023270774620328914], [0.000859126988472679, -0.9999991180977025, -0.0010127707712375145, 0.032437279428725416], [0.0, 0.0, 0.0, 1.0]]}, "Hobj2base": {"type": "ndarray", "data": [[0.9999983729656965, 0.001358602500240738, 0.0011867035038745023, -0.7353077435133644], [0.0013586639158684832, -0.9999990757178796, -5.094850293235701e-05, 0.08935663322262034], [0.0011866331882622043, 5.2560751266944005e-05, -0.9999992945692728, -0.00016194321852633364], [0.0, 0.0, 0.0, 1.0]]}, "mean_rme": {"type": "float", "data": 0.0016946270202348492}, "max_rme": {"type": "float", "data": 0.00418566922071395}, "simu": {"type": "float", "data": 0.002}}, {"type": "dict", "image_number": {"type": "int", "data": 19}, "Hcamera2end": {"type": "ndarray", "data": [[0.999999249923084, 0.0005509968250969968, -0.0010938719158105634, -0.015020161251098788], [0.001094101358401762, -0.000416284477196438, 0.999999314824491, 0.022647580839829737], [0.0005505410856688735, -0.9999997615548379, -0.0004168870113259171, 0.03156659036391573], [0.0, 0.0, 0.0, 1.0]]}, "Hobj2base": {"type": "ndarray", "data": [[0.9999993783219827, 0.0008447489617900538, 0.0007278425925887198, -0.7346167170449787], [0.0008447946887343149, -0.9999996412065164, -6.25201724383731e-05, 0.0895747727520042], [0.0007277895175927823, 6.313501112740982e-05, -0.9999997331681585, 0.0003220209522375041], [0.0, 0.0, 0.0, 1.0]]}, "mean_rme": {"type": "float", "data": 0.0017379488887027522}, "max_rme": {"type": "float", "data": 0.004021064000395702}, "simu": {"type": "float", "data": 0.002}}, {"type": "dict", "image_number": {"type": "int", "data": 20}, "Hcamera2end": {"type": "ndarray", "data": [[-0.9999516541986426, 0.00021927171989483477, 0.009830624868797386, -5.712330944318361], [0.009830033785320227, 0.04713389650720434, 0.9988402105621437, -1369.9236304052981], [-0.0002443382442969648, 0.9988885562063272, -0.04713377322962109, 32.51211467770905], [0.0, 0.0, 0.0, 1.0]]}, "Hobj2base": {"type": "ndarray", "data": [[-0.9995746488818631, 0.010906770045608478, 0.02704743388702969, -20.12118081524684], [-0.010815886902865498, 0.7226555092059672, -0.6911237455078278, 488.8821362923389], [-0.027083904873659685, -0.6911223172358396, -0.7222301604858099, 1218.4622399009174], [0.0, 0.0, 0.0, 1.0]]}, "mean_rme": {"type": "float", "data": 155.083024293289}, "max_rme": {"type": "float", "data": 676.9173683931131}, "simu": {"type": "float", "data": 0.002}}, {"type": "dict", "image_number": {"type": "int", "data": 20}, "Hcamera2end": {"type": "ndarray", "data": [[0.9999991494082466, 0.0005970923124964482, -0.0011595962890080073, -0.014874225561671353], [0.001159825190345858, -0.0003831566015448651, 0.9999992539979947, 0.022631274485635546], [0.0005966475600911252, -0.9999997483358625, -0.0003838487983400807, 0.031561212025612614], [0.0, 0.0, 0.0, 1.0]]}, "Hobj2base": {"type": "ndarray", "data": [[0.9999993416832769, 0.0008907584647221751, 0.0007233134662852869, -0.734725402903779], [0.0008908526863309415, -0.9999995947468852, -0.00012995213357555125, 0.08963521141246684], [0.0007231974171972604, 0.0001305964137703881, -0.9999997299649999, 0.00028860503943439476], [0.0, 0.0, 0.0, 1.0]]}, "mean_rme": {"type": "float", "data": 0.0016928989669068879}, "max_rme": {"type": "float", "data": 0.004207020041735787}, "simu": {"type": "float", "data": 0.002}}, {"type": "dict", "image_number": {"type": "int", "data": 21}, "Hcamera2end": {"type": "ndarray", "data": [[0.9999991806134413, 0.0005905782880696386, -0.001135777148763431, -0.014914106344467371], [0.0011360319418086055, -0.00043127342455995255, 0.9999992617170579, 0.022811509323108985], [0.0005900880215552783, -0.9999997326102239, -0.0004319439869797659, 0.031472254448885885], [0.0, 0.0, 0.0, 1.0]]}, "Hobj2base": {"type": "ndarray", "data": [[0.9999992974337664, 0.0009049830249800692, 0.0007655963023153392, -0.7346015603820978], [0.0009050307827671772, -0.9999995885353417, -6.203571180680664e-05, 0.08967766960622019], [0.0007655398460333906, 6.272855644337834e-05, -0.9999997050068927, 0.000165952695109767], [0.0, 0.0, 0.0, 1.0]]}, "mean_rme": {"type": "float", "data": 0.0016755049142905929}, "max_rme": {"type": "float", "data": 0.00411580281882451}, "simu": {"type": "float", "data": 0.002}}, {"type": "dict", "image_number": {"type": "int", "data": 22}, "Hcamera2end": {"type": "ndarray", "data": [[-0.999964136250791, 2.0757056821137793e-05, -0.008469107471008607, 6.878276833385513], [-0.008468268801581691, 0.011833986140212138, 0.9998941169921634, -1350.572322807007], [0.00012097815943341427, 0.9999299757188893, -0.011833385952765063, 8.290708548261035], [0.0, 0.0, 0.0, 1.0]]}, "Hobj2base": {"type": "ndarray", "data": [[-0.9999980452409885, -0.0006891934416592708, -0.001853247582424248, 0.26691611943410476], [0.000853018525798293, 0.6951998408868846, -0.7188160081622034, 507.0649105653102], [0.0017837807030104283, -0.7188161839046546, -0.6951978940439572, 1195.6500750413636], [0.0, 0.0, 0.0, 1.0]]}, "mean_rme": {"type": "float", "data": 142.7363195195077}, "max_rme": {"type": "float", "data": 683.6127047717614}, "simu": {"type": "float", "data": 0.002}}, {"type": "dict", "image_number": {"type": "int", "data": 22}, "Hcamera2end": {"type": "ndarray", "data": [[0.9999991138371962, 0.0006182158207030622, -0.0011790394485633841, -0.014772751369139619], [0.0011794372603189717, -0.0006435143849583547, 0.9999990974080853, 0.022725207355553334], [0.0006174565338608771, -0.9999996018491385, -0.0006442429614736955, 0.03180412101639646], [0.0, 0.0, 0.0, 1.0]]}, "Hobj2base": {"type": "ndarray", "data": [[0.9999990248538585, 0.0010274736436271538, 0.0009458272800892699, -0.7348691772613963], [0.001027515892083756, -0.999999471129319, -4.418341488977668e-05, 0.08974524702494188], [0.0009457813825746674, 4.5155224365948215e-05, -0.9999995517291906, 0.00016500847955022965], [0.0, 0.0, 0.0, 1.0]]}, "mean_rme": {"type": "float", "data": 0.0016472525249791594}, "max_rme": {"type": "float", "data": 0.004355032665194658}, "simu": {"type": "float", "data": 0.002}}, {"type": "dict", "image_number": {"type": "int", "data": 23}, "Hcamera2end": {"type": "ndarray", "data": [[0.9999992288143799, 0.0004395980009979666, -0.0011615180769551873, -0.015037053305439323], [0.0011618894799703674, -0.000845559409845098, 0.9999989675205277, 0.022704476117832693], [0.00043861541458238025, -0.9999995458913383, -0.0008460695220546821, 0.03191913337971317], [0.0, 0.0, 0.0, 1.0]]}, "Hobj2base": {"type": "ndarray", "data": [[0.9999988461305481, 0.000959674312765866, 0.001177608927361192, -0.7348013867912897], [0.0009596565262950651, -0.9999995394068131, 1.566884325725203e-05, 0.0895304614393356], [0.0011776234219489283, -1.4538725084886949e-05, -0.9999993064956101, 0.00024534873565240645], [0.0, 0.0, 0.0, 1.0]]}, "mean_rme": {"type": "float", "data": 0.0016364342188816062}, "max_rme": {"type": "float", "data": 0.004082348011587467}, "simu": {"type": "float", "data": 0.002}}, {"type": "dict", "image_number": {"type": "int", "data": 24}, "Hcamera2end": {"type": "ndarray", "data": [[0.9999991463843707, 4.303837326734988e-05, -0.001305901308822968, -0.014999180868426042], [0.0013059317855769925, -0.0007158773178517208, 0.9999988910303038, 0.023291951656614893], [4.2103460412759065e-05, -0.9999997428336492, -0.0007159329119472702, 0.03182674607527229], [0.0, 0.0, 0.0, 1.0]]}, "Hobj2base": {"type": "ndarray", "data": [[0.9999991370720404, 0.0005111431403694113, 0.0012102015801934588, -0.7348250857192057], [0.0005109582309305721, -0.9999998577415619, 0.00015309651515097388, 0.08934639951949151], [0.0012102796622656057, -0.00015247802058122542, -0.9999992559865196, -0.0002596375165045013], [0.0, 0.0, 0.0, 1.0]]}, "mean_rme": {"type": "float", "data": 0.0016037847986560584}, "max_rme": {"type": "float", "data": 0.004164221257256129}, "simu": {"type": "float", "data": 0.002}}, {"type": "dict", "image_number": {"type": "int", "data": 25}, "Hcamera2end": {"type": "ndarray", "data": [[0.9999990202232524, 2.883829874646745e-05, -0.001399543099658328, -0.015183824965133257], [0.0013995655199085526, -0.0007926743604573794, 0.9999987064410204, 0.02327113870162162], [2.772887951097314e-05, -0.999999685417806, -0.0007927139449019904, 0.03171101950158555], [0.0, 0.0, 0.0, 1.0]]}, "Hobj2base": {"type": "ndarray", "data": [[0.9999990212698121, 0.0005445967449006079, 0.0012887489295152134, -0.7346414247666236], [0.000544485924079036, -0.9999998480402037, 8.634030028972104e-05, 0.08912105572329863], [0.0012887957543236807, -8.563851013406976e-05, -0.9999991658354264, -0.0002869076491969502], [0.0, 0.0, 0.0, 1.0]]}, "mean_rme": {"type": "float", "data": 0.0016179480202933479}, "max_rme": {"type": "float", "data": 0.003848149755946606}, "simu": {"type": "float", "data": 0.002}}, {"type": "dict", "image_number": {"type": "int", "data": 26}, "Hcamera2end": {"type": "ndarray", "data": [[0.999999100726983, -5.092552125939931e-05, -0.0013401312684565958, -0.015108234730574703], [0.0013400898034001212, -0.0008057223764819099, 0.9999987774846382, 0.023516542528269894], [-5.2005232752585584e-05, -0.9999996741089685, -0.0008056534071456678, 0.0316841751019593], [0.0, 0.0, 0.0, 1.0]]}, "Hobj2base": {"type": "ndarray", "data": [[0.9999989535275325, 0.00046124508405368013, 0.001371202688232502, -0.7345944600721679], [0.0004611910726711871, -0.9999998928631193, 3.970571992056487e-05, 0.08898927394774625], [0.0013712208553942453, -3.907329193098661e-05, -0.9999990591128791, -0.0005825265397168373], [0.0, 0.0, 0.0, 1.0]]}, "mean_rme": {"type": "float", "data": 0.001608332905459452}, "max_rme": {"type": "float", "data": 0.003929980915265863}, "simu": {"type": "float", "data": 0.002}}, {"type": "dict", "image_number": {"type": "int", "data": 27}, "Hcamera2end": {"type": "ndarray", "data": [[0.9999991631490369, -0.00024618132949909396, -0.0012700771547059107, -0.01500846272037748], [0.0012699009761126265, -0.0007144856844636394, 0.9999989384302956, 0.023443958625871633], [-0.000247088520105654, -0.9999997144524393, -0.0007141724606349875, 0.03171605284860117], [0.0, 0.0, 0.0, 1.0]]}, "Hobj2base": {"type": "ndarray", "data": [[0.9999988663316433, 0.00025329215392588664, 0.001484310787189304, -0.7345175533056216], [0.00025308552582909333, -0.9999999582584751, 0.00013939428375124604, 0.08916730825915], [0.0014843460327102832, -0.00013901846814828783, -0.9999988886947435, -0.000646319531451089], [0.0, 0.0, 0.0, 1.0]]}, "mean_rme": {"type": "float", "data": 0.0016073407734788255}, "max_rme": {"type": "float", "data": 0.003973925862092831}, "simu": {"type": "float", "data": 0.002}}, {"type": "dict", "image_number": {"type": "int", "data": 28}, "Hcamera2end": {"type": "ndarray", "data": [[0.9999990966028678, -0.00023424243566936523, -0.0013236026328263045, -0.01502774226040593], [0.0013234536418621104, -0.0006350706202069567, 0.9999989225773023, 0.023532010961160844], [-0.00023508276443618434, -0.9999997709078683, -0.0006347600374811968, 0.03156946944695663], [0.0, 0.0, 0.0, 1.0]]}, "Hobj2base": {"type": "ndarray", "data": [[0.9999989651909801, 0.00025102504370184503, 0.0014165462916843293, -0.7343944381981206], [0.00025092406575007604, -0.9999999659651557, 7.146188391547311e-05, 0.08913632996416589], [0.0014165641821949296, -7.110636441123841e-05, -0.9999989941443956, -0.0006861252432396761], [0.0, 0.0, 0.0, 1.0]]}, "mean_rme": {"type": "float", "data": 0.0015866555293204364}, "max_rme": {"type": "float", "data": 0.003929865419262102}, "simu": {"type": "float", "data": 0.002}}, {"type": "dict", "image_number": {"type": "int", "data": 29}, "Hcamera2end": {"type": "ndarray", "data": [[0.9999986001175173, -0.00046000280096413534, -0.0016087760654967553, -0.014967812802756665], [0.0016085738897951068, -0.0004395424250525082, 0.9999986096452822, 0.02343878147583271], [-0.00046070928673026584, -0.9999997975999193, -0.0004388018612497824, 0.03161518260511556], [0.0, 0.0, 0.0, 1.0]]}, "Hobj2base": {"type": "ndarray", "data": [[0.9999992094961001, -3.6920711594999524e-05, 0.0012568389061513733, -0.7344683219112006], [-3.6903615845204824e-05, -0.9999999992262363, -1.3625368848163202e-05, 0.08915757091862707], [0.0012568394082371906, 1.3578976177084072e-05, -0.9999992100848447, -0.0007606185704554188], [0.0, 0.0, 0.0, 1.0]]}, "mean_rme": {"type": "float", "data": 0.0016117428647209585}, "max_rme": {"type": "float", "data": 0.0053644781307887746}, "simu": {"type": "float", "data": 0.002}}, {"type": "dict", "image_number": {"type": "int", "data": 30}, "Hcamera2end": {"type": "ndarray", "data": [[0.999998783782081, -0.0004032589215594601, -0.0015065910530022218, -0.01506858568626521], [0.0015064178798527687, -0.0004293939447879147, 0.9999987731622535, 0.0233798969288797], [-0.0004039053479016237, -0.9999998265015264, -0.00042878594610162857, 0.03179326783976391], [0.0, 0.0, 0.0, 1.0]]}, "Hobj2base": {"type": "ndarray", "data": [[0.9999992760430304, 6.314602223715486e-06, 0.0012032761697831082, -0.7346409248797168], [6.213534989267316e-06, -0.9999999964529394, 8.399710134712712e-05, 0.08909236099350208], [0.0012032766959232978, -8.398956393825749e-05, -0.9999992725352083, -0.0006457634289192734], [0.0, 0.0, 0.0, 1.0]]}, "mean_rme": {"type": "float", "data": 0.001598388661032777}, "max_rme": {"type": "float", "data": 0.005352039931964758}, "simu": {"type": "float", "data": 0.002}}]}