{"type": "list", "data": [{"type": "dict", "image_number": {"type": "int", "data": 5}, "Hcamera2end": {"type": "ndarray", "data": [[0.9999909995600997, -0.0026767827195098145, -0.0032917522788250123, -0.013203062488873357], [0.0032890093528214316, -0.0010284671739440032, 0.999994062318747, 0.031058247294713296], [-0.002680152284790767, -0.9999958885363206, -0.0010196539538869231, 0.03591477946947652], [0.0, 0.0, 0.0, 1.0]]}, "Hobj2base": {"type": "ndarray", "data": [[0.9999941815837077, -0.003062114649045611, 0.001503413651248634, -0.7378881349243315], [-0.0030667941961321646, -0.999990429396044, 0.0031202387206711885, 0.09161126610223656], [0.0014938447339769094, -0.0031248312260834157, -0.9999940019108711, -0.001909909266937193], [0.0, 0.0, 0.0, 1.0]]}, "mean_rme": {"type": "float", "data": 0.002026634782450425}, "max_rme": {"type": "float", "data": 0.0037433059700898996}, "simu": {"type": "float", "data": 0.002}}, {"type": "dict", "image_number": {"type": "int", "data": 6}, "Hcamera2end": {"type": "ndarray", "data": [[0.999987943998143, -0.0040088236052114624, -0.0028356995026241733, -0.01579013336771585], [0.002845458749274687, 0.002430837739699654, 0.9999929971716748, 0.03069725853525075], [-0.004001902406738543, -0.999989010120204, 0.002442215375717094, 0.034640052555161505], [0.0, 0.0, 0.0, 1.0]]}, "Hobj2base": {"type": "ndarray", "data": [[0.9999890786524146, -0.004147614874753864, -0.002154034991734514, -0.7381514536145443], [-0.004141651223269116, -0.999987598694442, 0.0027657155435247406, 0.08943255212678025], [-0.002165479401816061, -0.002756764076525486, -0.9999938554565153, -0.0014035444485723432], [0.0, 0.0, 0.0, 1.0]]}, "mean_rme": {"type": "float", "data": 0.0020905339426470805}, "max_rme": {"type": "float", "data": 0.00473345371089029}, "simu": {"type": "float", "data": 0.002}}, {"type": "dict", "image_number": {"type": "int", "data": 7}, "Hcamera2end": {"type": "ndarray", "data": [[0.999993492324716, -0.003536733426188871, -0.0007119163504995247, -0.014941543637338676], [0.0007176851216749611, 0.0016301002155129085, 0.9999984138494187, 0.03112429947104909], [-0.0035355673214007154, -0.9999924171162295, 0.001632627868309311, 0.03500193750637935], [0.0, 0.0, 0.0, 1.0]]}, "Hobj2base": {"type": "ndarray", "data": [[0.9999920670660081, -0.0038453047624565453, -0.0010389592563183401, -0.73785335917045], [-0.003841212106411178, -0.9999849671197489, 0.003912879255572096, 0.09113778182769003], [-0.0010539898510046226, -0.003908857352085805, -0.9999918049362182, -0.0012484893617867071], [0.0, 0.0, 0.0, 1.0]]}, "mean_rme": {"type": "float", "data": 0.002046753587970739}, "max_rme": {"type": "float", "data": 0.00464380558724653}, "simu": {"type": "float", "data": 0.002}}, {"type": "dict", "image_number": {"type": "int", "data": 8}, "Hcamera2end": {"type": "ndarray", "data": [[0.999992163559309, -0.003956879226664723, -0.00012620125912997555, -0.015282539904212333], [0.00013689509051085743, 0.0027024379608598936, 0.9999963390376997, 0.030928283964812314], [-0.003956523689605666, -0.9999885199020303, 0.002702958460704896, 0.03414081408532891], [0.0, 0.0, 0.0, 1.0]]}, "Hobj2base": {"type": "ndarray", "data": [[0.9999889225996007, -0.004222996557897364, -0.0020786962649362137, -0.7374699836721836], [-0.004214378665501536, -0.9999825789946248, 0.004132882737570273, 0.09123636020989111], [-0.0020961132015323617, -0.004124076542782381, -0.9999892990938031, -0.001112132661724649], [0.0, 0.0, 0.0, 1.0]]}, "mean_rme": {"type": "float", "data": 0.0019290162717317222}, "max_rme": {"type": "float", "data": 0.0045848671450975376}, "simu": {"type": "float", "data": 0.002}}, {"type": "dict", "image_number": {"type": "int", "data": 9}, "Hcamera2end": {"type": "ndarray", "data": [[0.9999910014221542, -0.004236231375001143, -0.00022675637702664325, -0.01541744576979229], [0.0002409593388085639, 0.0033525256592207286, 0.9999943512391964, 0.030823393432508714], [-0.0042354472389710225, -0.9999854073512482, 0.003353516250768851, 0.03388795935163391], [0.0, 0.0, 0.0, 1.0]]}, "Hobj2base": {"type": "ndarray", "data": [[0.9999864314098005, -0.00446793675404475, -0.0026785327054477995, -0.7375040285540104], [-0.004457577513481873, -0.9999826108792602, 0.0038610803940273557, 0.09104205352835743], [-0.0026957371911219756, -0.0038490882374528318, -0.9999889586994131, -0.0011504690730915078], [0.0, 0.0, 0.0, 1.0]]}, "mean_rme": {"type": "float", "data": 0.001819498658141714}, "max_rme": {"type": "float", "data": 0.004465936096141765}, "simu": {"type": "float", "data": 0.002}}, {"type": "dict", "image_number": {"type": "int", "data": 10}, "Hcamera2end": {"type": "ndarray", "data": [[0.9999928460761958, -0.0036519122675353916, -0.0009855623876751127, -0.013463113190909926], [0.0009869921349017112, 0.0003897249295168326, 0.9999994369803439, 0.030911672501653796], [-0.0036515261132049315, -0.9999932558028927, 0.00039332655013979423, 0.03291721838490714], [0.0, 0.0, 0.0, 1.0]]}, "Hobj2base": {"type": "ndarray", "data": [[0.9999924863901002, -0.003876485392375832, 4.934372270446652e-06, -0.7345600031377815], [-0.003876486365681421, -0.9999897712407138, 0.0023302934154205484, 0.09170180928697653], [-4.099026586886874e-06, -0.0023302950345317026, -0.999997284850439, -0.0020952185495630216], [0.0, 0.0, 0.0, 1.0]]}, "mean_rme": {"type": "float", "data": 0.0017942824447407446}, "max_rme": {"type": "float", "data": 0.004723378540576834}, "simu": {"type": "float", "data": 0.002}}, {"type": "dict", "image_number": {"type": "int", "data": 11}, "Hcamera2end": {"type": "ndarray", "data": [[0.9999913099370066, -0.004019252748628229, -0.0011070943104469098, -0.013538446627694552], [0.0011109610500278217, 0.0009599492252463371, 0.999998922130934, 0.031181907288724067], [-0.004018185662074436, -0.9999914620159649, 0.0009644061164810758, 0.03265812376931475], [0.0, 0.0, 0.0, 1.0]]}, "Hobj2base": {"type": "ndarray", "data": [[0.9999909956472447, -0.004207274328493663, -0.0005544972110711065, -0.7345599561257132], [-0.004206106886973279, -0.9999889701833238, 0.0020900183135868222, 0.09159640933154968], [-0.0005632843754653563, -0.0020876672197863676, -0.9999976621754132, -0.0019780529142993056], [0.0, 0.0, 0.0, 1.0]]}, "mean_rme": {"type": "float", "data": 0.0017994525480436855}, "max_rme": {"type": "float", "data": 0.0047308969726645445}, "simu": {"type": "float", "data": 0.002}}, {"type": "dict", "image_number": {"type": "int", "data": 12}, "Hcamera2end": {"type": "ndarray", "data": [[0.9999928003742715, -0.00366245915628703, -0.0009927701400280933, -0.01458744270963071], [0.00099310645630457, 9.001052417267896e-05, 0.9999995028187125, 0.03130865338417711], [-0.0036623679756201837, -0.9999932891229992, 9.364708796466559e-05, 0.03269641471263009], [0.0, 0.0, 0.0, 1.0]]}, "Hobj2base": {"type": "ndarray", "data": [[0.9999925744325551, -0.0038431226079485223, 0.00028546168073295404, -0.7345843263413543], [-0.0038436393157230088, -0.9999909348124527, 0.0018321380206889277, 0.09044640412046169], [0.0002784179619210891, -0.0018332216277636842, -0.999998280889473, -0.0023804423805216294], [0.0, 0.0, 0.0, 1.0]]}, "mean_rme": {"type": "float", "data": 0.001811605236949848}, "max_rme": {"type": "float", "data": 0.004586785802345061}, "simu": {"type": "float", "data": 0.002}}, {"type": "dict", "image_number": {"type": "int", "data": 13}, "Hcamera2end": {"type": "ndarray", "data": [[0.9999899296863438, -0.004363086413046846, -0.0010507154008256028, -0.013981056465845021], [0.0010532732355516391, 0.000583987958512111, 0.9999992747865146, 0.03136194020584757], [-0.004362469643735838, -0.9999903111705714, 0.0005885775997134246, 0.032190775022841095], [0.0, 0.0, 0.0, 1.0]]}, "Hobj2base": {"type": "ndarray", "data": [[0.9999898433348162, -0.004504491038426835, -0.00015095593513337843, -0.7344289490672105], [-0.004504242025813812, -0.9999885578593768, 0.001611196479772955, 0.09118030323264772], [-0.0001582118279786229, -0.0016105001733226908, -0.9999986906282472, -0.0025430592942779153], [0.0, 0.0, 0.0, 1.0]]}, "mean_rme": {"type": "float", "data": 0.001894148090942986}, "max_rme": {"type": "float", "data": 0.004555260533407296}, "simu": {"type": "float", "data": 0.002}}, {"type": "dict", "image_number": {"type": "int", "data": 14}, "Hcamera2end": {"type": "ndarray", "data": [[0.9999918522668254, -0.003916185413634084, -0.000979230192390345, -0.01371711875992143], [0.0009812259398465086, 0.0005077262945049066, 0.9999993897046462, 0.031588972972413525], [-0.003915685842687272, -0.9999922028225099, 0.0005115648203996015, 0.03213604445381901], [0.0, 0.0, 0.0, 1.0]]}, "Hobj2base": {"type": "ndarray", "data": [[0.9999918354059294, -0.004036007751262819, -0.00019940640006354624, -0.7344956993914014], [-0.00403566401447256, -0.999990419918237, 0.0016951364870106417, 0.09130759849589279], [-0.000206246073734953, -0.001694317909676339, -0.9999985433736276, -0.002920430580027968], [0.0, 0.0, 0.0, 1.0]]}, "mean_rme": {"type": "float", "data": 0.0018576953653631602}, "max_rme": {"type": "float", "data": 0.004639348277958699}, "simu": {"type": "float", "data": 0.002}}, {"type": "dict", "image_number": {"type": "int", "data": 15}, "Hcamera2end": {"type": "ndarray", "data": [[0.9999904517432784, -0.004284749205355595, -0.0008586888383727688, -0.013979548419529107], [0.0008613241264776581, 0.0006132316766337409, 0.9999994410336737, 0.03161605860761418], [-0.004284220235129012, -0.9999906323917029, 0.000616916379206689, 0.03194653690855825], [0.0, 0.0, 0.0, 1.0]]}, "Hobj2base": {"type": "ndarray", "data": [[0.9999903911181677, -0.004370505981131642, -0.00034109940340621347, -0.7342069831753127], [-0.004369923910417828, -0.9999890255605692, 0.0016889415148804475, 0.09134935405700287], [-0.00034847718902403745, -0.0016874347076022353, -0.9999985155627764, -0.0028894299873374737], [0.0, 0.0, 0.0, 1.0]]}, "mean_rme": {"type": "float", "data": 0.001867560772509725}, "max_rme": {"type": "float", "data": 0.004472252629769052}, "simu": {"type": "float", "data": 0.002}}, {"type": "dict", "image_number": {"type": "int", "data": 16}, "Hcamera2end": {"type": "ndarray", "data": [[0.9999893188044353, -0.004546476551960409, -0.0008317619875181544, -0.014091465897658825], [0.0008355278740897558, 0.0008264722124341484, 0.9999993094181884, 0.031720507617745426], [-0.004545785984076352, -0.9999893231903251, 0.000830262092610945, 0.0319077859336585], [0.0, 0.0, 0.0, 1.0]]}, "Hobj2base": {"type": "ndarray", "data": [[0.9999892703237467, -0.0046015555825633025, -0.0005337823537635479, -0.7342138028701773], [-0.004600670724784406, -0.9999880601070574, 0.0016472620331077598, 0.09127744741441579], [-0.0005413559482637811, -0.0016447886016710737, -0.9999985008009726, -0.0028479722668342776], [0.0, 0.0, 0.0, 1.0]]}, "mean_rme": {"type": "float", "data": 0.0018257636314410741}, "max_rme": {"type": "float", "data": 0.0045015685943897155}, "simu": {"type": "float", "data": 0.002}}, {"type": "dict", "image_number": {"type": "int", "data": 17}, "Hcamera2end": {"type": "ndarray", "data": [[0.9999892027727142, -0.004574641136422563, -0.0008166985150897439, -0.01435057318446845], [0.0008215328220066921, 0.0010549825846871697, 0.9999991060473847, 0.03172019284483328], [-0.004573775444199796, -0.9999889797743868, 0.001058729411642867, 0.031467362137140555], [0.0, 0.0, 0.0, 1.0]]}, "Hobj2base": {"type": "ndarray", "data": [[0.99998910338878, -0.004609185208915073, -0.0007406182645283341, -0.7338293069853188], [-0.004607995047166819, -0.999988101945148, 0.0016007341394734995, 0.09111464521949635], [-0.000747987532730665, -0.0015973039316011274, -0.9999984445661907, -0.002915835536757247], [0.0, 0.0, 0.0, 1.0]]}, "mean_rme": {"type": "float", "data": 0.001833836651610188}, "max_rme": {"type": "float", "data": 0.00441854457299784}, "simu": {"type": "float", "data": 0.002}}, {"type": "dict", "image_number": {"type": "int", "data": 18}, "Hcamera2end": {"type": "ndarray", "data": [[0.9999895654562889, -0.004503488949186538, -0.0007665284253867328, -0.01453529507585068], [0.000770210131329779, 0.0008158455937102849, 0.9999993705859621, 0.031799744651420915], [-0.00450286074578907, -0.9999895264367779, 0.0008193057135487125, 0.03175622763239388], [0.0, 0.0, 0.0, 1.0]]}, "Hobj2base": {"type": "ndarray", "data": [[0.9999895389120845, -0.0045425364798869555, -0.0005361237968319027, -0.7340636128051757], [-0.004541748481624031, -0.9999886174968551, 0.0014619840826764537, 0.09110653685741402], [-0.000542758810429671, -0.0014595338492922102, -0.9999987875861733, -0.0030323433823353815], [0.0, 0.0, 0.0, 1.0]]}, "mean_rme": {"type": "float", "data": 0.0017982148679736097}, "max_rme": {"type": "float", "data": 0.0042594712004006}, "simu": {"type": "float", "data": 0.002}}, {"type": "dict", "image_number": {"type": "int", "data": 19}, "Hcamera2end": {"type": "ndarray", "data": [[0.9999897415040141, -0.004476640818970939, -0.000690343184885762, -0.014593105336683681], [0.0006930593013310367, 0.0006052080195505516, 0.9999995766959392, 0.03189241788786837], [-0.004476221122758969, -0.9999897966530612, 0.0006083043885848349, 0.03228362607418489], [0.0, 0.0, 0.0, 1.0]]}, "Hobj2base": {"type": "ndarray", "data": [[0.9999897994352527, -0.004503941986800435, -0.0003399000184686842, -0.7343765030968816], [-0.0045034730961399, -0.999988923758097, 0.0013678783560185737, 0.09139017166963047], [-0.00034605709841436415, -0.0013663336722982854, -0.9999990066878977, -0.0031132487740232443], [0.0, 0.0, 0.0, 1.0]]}, "mean_rme": {"type": "float", "data": 0.001810105945756281}, "max_rme": {"type": "float", "data": 0.004246363602377318}, "simu": {"type": "float", "data": 0.002}}, {"type": "dict", "image_number": {"type": "int", "data": 20}, "Hcamera2end": {"type": "ndarray", "data": [[0.9999906380984225, -0.004263808727145644, -0.000737326690264412, -0.014318560232104118], [0.0007405206744005336, 0.000747561593325452, 0.9999994463902444, 0.03202794279654874], [-0.0042632551695441605, -0.9999906304995076, 0.0007507120332415074, 0.03167129211862205], [0.0, 0.0, 0.0, 1.0]]}, "Hobj2base": {"type": "ndarray", "data": [[0.9999906861979742, -0.004291517827379242, -0.00045868512307577447, -0.7339754807047494], [-0.004290929462450982, -0.9999899796980194, 0.0012760987042044068, 0.09174639639789042], [-0.00046415692725091604, -0.0012741186333651167, -0.9999990805896048, -0.003159384117014985], [0.0, 0.0, 0.0, 1.0]]}, "mean_rme": {"type": "float", "data": 0.0018673664361322211}, "max_rme": {"type": "float", "data": 0.005274784087414247}, "simu": {"type": "float", "data": 0.002}}, {"type": "dict", "image_number": {"type": "int", "data": 21}, "Hcamera2end": {"type": "ndarray", "data": [[0.9999901323210271, -0.0043835074398644765, -0.0007211956041700963, -0.01421590943514837], [0.000725163569078777, 0.0009036812153585538, 0.9999993287488042, 0.03205452656893324], [-0.004382852766509779, -0.9999899840612333, 0.000906851058022573, 0.03148605351388439], [0.0, 0.0, 0.0, 1.0]]}, "Hobj2base": {"type": "ndarray", "data": [[0.9999901510444708, -0.004393719273624166, -0.0006269330117291205, -0.7339115691845043], [-0.004392937842298307, -0.9999895791965212, 0.0012424151793679699, 0.0918998653962568], [-0.0006323853021028431, -0.0012396488651243084, -0.9999990316792915, -0.0032022160888692834], [0.0, 0.0, 0.0, 1.0]]}, "mean_rme": {"type": "float", "data": 0.0018357214085728299}, "max_rme": {"type": "float", "data": 0.005123995055963199}, "simu": {"type": "float", "data": 0.002}}, {"type": "dict", "image_number": {"type": "int", "data": 22}, "Hcamera2end": {"type": "ndarray", "data": [[0.9999901978680251, -0.004374652901850836, -0.0006830665093669514, -0.014348535665246201], [0.0006872018741454192, 0.0009438678640427689, 0.9999993184332877, 0.03208837054653397], [-0.004374005195705844, -0.999989985712579, 0.0009468648817982928, 0.03146623354986676], [0.0, 0.0, 0.0, 1.0]]}, "Hobj2base": {"type": "ndarray", "data": [[0.9999901712477834, -0.004381786153608675, -0.0006762824357080101, -0.7338763485236051], [-0.004380928580621529, -0.9999896043452352, 0.0012643837358297264, 0.09179211192948009], [-0.0006818156644557917, -0.0012614085634641144, -0.9999989719873896, -0.003207328632672146], [0.0, 0.0, 0.0, 1.0]]}, "mean_rme": {"type": "float", "data": 0.0017892438443762686}, "max_rme": {"type": "float", "data": 0.005174210715561373}, "simu": {"type": "float", "data": 0.002}}, {"type": "dict", "image_number": {"type": "int", "data": 23}, "Hcamera2end": {"type": "ndarray", "data": [[0.9999903841301439, -0.004349965742453686, -0.0005562780661848485, -0.014583223148277688], [0.0005602838898546795, 0.0009197218730553347, 0.9999994200966515, 0.03217118208633016], [-0.004349451598789014, -0.9999901159060103, 0.0009221502448564234, 0.03145936857821895], [0.0, 0.0, 0.0, 1.0]]}, "Hobj2base": {"type": "ndarray", "data": [[0.9999902420430319, -0.004361863570687603, -0.0006999749346754564, -0.7338076721314113], [-0.004360887180029512, -0.9999895246569661, 0.0013904097734840802, 0.09164167884914641], [-0.0007060323799371887, -0.0013873436942063743, -0.9999987883971424, -0.0031409884282184307], [0.0, 0.0, 0.0, 1.0]]}, "mean_rme": {"type": "float", "data": 0.0017936854485926712}, "max_rme": {"type": "float", "data": 0.005218736540956975}, "simu": {"type": "float", "data": 0.002}}, {"type": "dict", "image_number": {"type": "int", "data": 24}, "Hcamera2end": {"type": "ndarray", "data": [[0.99999207967971, -0.003939307569982378, -0.0005678324730221179, -0.014890092260692425], [0.0005707006081686887, 0.0007269951613049219, 0.9999995728893346, 0.03217497630306196], [-0.00393889307600178, -0.9999919766347652, 0.0007292375684962993, 0.03160471191778849], [0.0, 0.0, 0.0, 1.0]]}, "Hobj2base": {"type": "ndarray", "data": [[0.9999919927662559, -0.003967199959209793, -0.0005250979489492247, -0.7340657581131412], [-0.003966533463947956, -0.999991334052567, 0.0012642911240893352, 0.09134240616227252], [-0.0005301090941739186, -0.0012621981820284264, -0.9999990629196096, -0.0033265507183805588], [0.0, 0.0, 0.0, 1.0]]}, "mean_rme": {"type": "float", "data": 0.001789420622675723}, "max_rme": {"type": "float", "data": 0.005271945553022517}, "simu": {"type": "float", "data": 0.002}}, {"type": "dict", "image_number": {"type": "int", "data": 25}, "Hcamera2end": {"type": "ndarray", "data": [[0.9999926414493178, -0.00379153044340133, -0.0005842466200385787, -0.014937566624154654], [0.0005862110458231659, 0.0005170182920335442, 0.9999996945243012, 0.03217823459658286], [-0.0037912272189912994, -0.9999926784676888, 0.0005192371245547056, 0.031725292492272385], [0.0, 0.0, 0.0, 1.0]]}, "Hobj2base": {"type": "ndarray", "data": [[0.9999925988023777, -0.00383054461003048, -0.00035953922929044115, -0.7341185449195331], [-0.003830137273672072, -0.9999920300718887, 0.0011268722940808323, 0.09128231099062635], [-0.00036385289838091465, -0.0011254868692728362, -0.9999993004449428, -0.0034295804938579665], [0.0, 0.0, 0.0, 1.0]]}, "mean_rme": {"type": "float", "data": 0.0017382208781092283}, "max_rme": {"type": "float", "data": 0.0052654363757679845}, "simu": {"type": "float", "data": 0.002}}, {"type": "dict", "image_number": {"type": "int", "data": 26}, "Hcamera2end": {"type": "ndarray", "data": [[0.9999933791996549, -0.0036002201417591646, -0.000529123601954573, -0.014925528712284893], [0.0005306284577599764, 0.00041704758816529797, 0.9999997722523486, 0.03210572150191233], [-0.0035999986520954463, -0.9999934322215522, 0.00041895520623791427, 0.031587174791113386], [0.0, 0.0, 0.0, 1.0]]}, "Hobj2base": {"type": "ndarray", "data": [[0.9999932575058249, -0.003664944100922497, -0.0002304943078973594, -0.7339816921085478], [-0.003664695040712183, -0.9999927105535917, 0.0010718441766338497, 0.09111135035658544], [-0.00023442087671371692, -0.0010709922583836684, -0.999999399011037, -0.003440109624527241], [0.0, 0.0, 0.0, 1.0]]}, "mean_rme": {"type": "float", "data": 0.0017316021077000557}, "max_rme": {"type": "float", "data": 0.005236546493759153}, "simu": {"type": "float", "data": 0.002}}, {"type": "dict", "image_number": {"type": "int", "data": 27}, "Hcamera2end": {"type": "ndarray", "data": [[0.9999933667690946, -0.0036072413912268805, -0.0005042096355282173, -0.015014323518725423], [0.0005057897598826388, 0.000437143465947587, 0.9999997765411294, 0.03214836036261266], [-0.003607020173209155, -0.9999933983357766, 0.0004389650720311167, 0.031590736163759896], [0.0, 0.0, 0.0, 1.0]]}, "Hobj2base": {"type": "ndarray", "data": [[0.9999932510941847, -0.003664098907982437, -0.00026859872568067564, -0.7339133012653298], [-0.0036638155879827657, -0.9999927392399375, 0.0010478180872572369, 0.09108223208477284], [-0.00027243608455905884, -0.0010468269194335933, -0.9999994149658191, -0.0033594092110027403], [0.0, 0.0, 0.0, 1.0]]}, "mean_rme": {"type": "float", "data": 0.0017419929388836565}, "max_rme": {"type": "float", "data": 0.005240963032954543}, "simu": {"type": "float", "data": 0.002}}, {"type": "dict", "image_number": {"type": "int", "data": 28}, "Hcamera2end": {"type": "ndarray", "data": [[0.9999927482659391, -0.00376525758478423, -0.0005711837308921943, -0.015010933722830893], [0.0005725733785417022, 0.0003680034562536516, 0.9999997683665645, 0.032184258415565076], [-0.0037650465150375553, -0.9999928436787819, 0.00037015667384687756, 0.03177827439935208], [0.0, 0.0, 0.0, 1.0]]}, "Hobj2base": {"type": "ndarray", "data": [[0.9999927247797162, -0.0038108172700569987, -0.00016750932163054957, -0.7340114649101827], [-0.0038106459609538483, -0.999992228018479, 0.0010113753007121773, 0.0910144758768131], [-0.00017136218621366029, -0.0010107296240141814, -0.9999994745301761, -0.0033680584568029736], [0.0, 0.0, 0.0, 1.0]]}, "mean_rme": {"type": "float", "data": 0.0017217586029898372}, "max_rme": {"type": "float", "data": 0.00546849281547962}, "simu": {"type": "float", "data": 0.002}}, {"type": "dict", "image_number": {"type": "int", "data": 29}, "Hcamera2end": {"type": "ndarray", "data": [[0.9999932484193238, -0.003634506913627809, -0.0005417335722629065, -0.01488458960597754], [0.0005434060097754001, 0.00045918354238072556, 0.9999997469301597, 0.03220960045166534], [-0.0036342572387029854, -0.9999932897324709, 0.00046115545506542066, 0.031934942677444796], [0.0, 0.0, 0.0, 1.0]]}, "Hobj2base": {"type": "ndarray", "data": [[0.9999932393037263, -0.003669010906478265, -0.00024434772040931034, -0.734270182912308], [-0.003668765533250384, -0.9999927728633773, 0.0009971862796611347, 0.09102888903744465], [-0.0002480046418108186, -0.0009962830834928035, -0.999999472956719, -0.0033371459567164584], [0.0, 0.0, 0.0, 1.0]]}, "mean_rme": {"type": "float", "data": 0.0017495651630695067}, "max_rme": {"type": "float", "data": 0.005661647672729836}, "simu": {"type": "float", "data": 0.002}}, {"type": "dict", "image_number": {"type": "int", "data": 30}, "Hcamera2end": {"type": "ndarray", "data": [[0.9999935117260359, -0.0035646330460398206, -0.0005195161956771117, -0.014900984682734101], [0.0005207877387817912, 0.00035579186091760917, 0.9999998010961216, 0.032203390016796625], [-0.0035644474973864455, -0.999993583381113, 0.0003576459696261747, 0.03194007251931863], [0.0, 0.0, 0.0, 1.0]]}, "Hobj2base": {"type": "ndarray", "data": [[0.9999935447643893, -0.003589374771234665, -0.00016376294772440082, -0.7342523236779215], [-0.0035892221103530292, -0.9999931326004461, 0.0009231666101118376, 0.09096628386650324], [-0.00016707541403878826, -0.0009225728692610323, -0.9999995604724574, -0.003364067407290857], [0.0, 0.0, 0.0, 1.0]]}, "mean_rme": {"type": "float", "data": 0.0017063286375551133}, "max_rme": {"type": "float", "data": 0.005652618178463298}, "simu": {"type": "float", "data": 0.002}}]}