{"type": "list", "data": [{"type": "dict", "image_number": {"type": "int", "data": 5}, "Hcamera2end": {"type": "ndarray", "data": [[0.9999987633633217, -0.0006840380188780403, 0.0014161086879500313, -0.018864626820443972], [-0.0014160051195791314, 0.00015186791059551563, 0.9999989859323053, 0.019963243985318277], [-0.0006842523866847985, -0.9999997545140331, 0.00015089912145338502, 0.029041514950157325], [0.0, 0.0, 0.0, 1.0]]}, "Hobj2base": {"type": "ndarray", "data": [[0.9999984521325301, -0.0003830875341020872, 0.0017172584211430138, -0.7322508296875746], [-0.0003818521081163895, -0.9999996681191772, -0.000719687781135275, 0.08731485073390799], [0.001717533554635275, 0.0007190309284056761, -0.9999982665350036, 0.006547139695344195], [0.0, 0.0, 0.0, 1.0]]}, "mean_rme": {"type": "float", "data": 0.0016097659348485152}, "max_rme": {"type": "float", "data": 0.0056663018546441075}, "simu": {"type": "float", "data": 0.002}}, {"type": "dict", "image_number": {"type": "int", "data": 6}, "Hcamera2end": {"type": "ndarray", "data": [[0.9999995158820404, -7.283652840745847e-05, 0.0009812902348387373, -0.018351473900904504], [-0.0009811981635428134, 0.0012535326972371585, 0.9999987329521678, 0.019527061955850113], [-7.406651551494287e-05, -0.9999992116749978, 0.001253460623311553, 0.02860516962420363], [0.0, 0.0, 0.0, 1.0]]}, "Hobj2base": {"type": "ndarray", "data": [[0.9999999816577616, 0.00012986083178142757, 0.00014078579731683353, -0.7325986813907015], [0.0001300014133600976, -0.9999994925486146, -0.0009990005731584982, 0.08758378718637744], [0.00014065599482950518, 0.0009990188571872237, -0.9999994910884773, 0.0068030044942055294], [0.0, 0.0, 0.0, 1.0]]}, "mean_rme": {"type": "float", "data": 0.0016448209854503816}, "max_rme": {"type": "float", "data": 0.005828924722716598}, "simu": {"type": "float", "data": 0.002}}, {"type": "dict", "image_number": {"type": "int", "data": 7}, "Hcamera2end": {"type": "ndarray", "data": [[0.9999986282088634, -0.0003567657679375327, 0.0016174976284909902, -0.018382886645099274], [-0.001617573015939902, -0.00021112073501372564, 0.9999986694419016, 0.019940432310271466], [-0.00035642380595174114, -0.9999999140731075, -0.0002116975400794363, 0.029565147813106374], [0.0, 0.0, 0.0, 1.0]]}, "Hobj2base": {"type": "ndarray", "data": [[0.9999988742903311, -0.00010442874370354521, 0.00149683422865742, -0.7328472485651429], [-0.00010422720431311264, -0.9999999854934529, -0.00013472113427324018, 0.08780774426471295], [0.0014968482757023263, 0.0001345649717693836, -0.9999988706681164, 0.005921628844597793], [0.0, 0.0, 0.0, 1.0]]}, "mean_rme": {"type": "float", "data": 0.0014772768586218711}, "max_rme": {"type": "float", "data": 0.005635439247000098}, "simu": {"type": "float", "data": 0.002}}, {"type": "dict", "image_number": {"type": "int", "data": 8}, "Hcamera2end": {"type": "ndarray", "data": [[0.999999111266833, 6.322822861340167e-06, 0.0013332012473997526, -0.018281580331057836], [-0.0013331997802086396, -0.0002266360847211768, 0.9999990856067974, 0.019824312485406406], [6.6249685906502815e-06, -0.9999999742980531, -0.000226627453716155, 0.029611322714489276], [0.0, 0.0, 0.0, 1.0]]}, "Hobj2base": {"type": "ndarray", "data": [[0.9999991899415007, 0.000265484342909372, 0.0012448431250274478, -0.732853776446829], [0.00026528578395468663, -0.9999999520648526, 0.00015966760924505369, 0.08788869861813978], [0.0012448854546060336, -0.00015933724072062625, -0.9999992124356141, 0.006060512463961817], [0.0, 0.0, 0.0, 1.0]]}, "mean_rme": {"type": "float", "data": 0.001392239002599759}, "max_rme": {"type": "float", "data": 0.005484293217374632}, "simu": {"type": "float", "data": 0.002}}, {"type": "dict", "image_number": {"type": "int", "data": 9}, "Hcamera2end": {"type": "ndarray", "data": [[0.9999991607875551, 0.0005890006115765778, 0.0011539074767944284, -0.01791220328184634], [-0.0011539818251198822, 0.00012590368904952243, 0.9999993262368775, 0.01971098962201149], [0.0005888549335215357, -0.999999818613254, 0.00012658327939041314, 0.029693638597594912], [0.0, 0.0, 0.0, 1.0]]}, "Hobj2base": {"type": "ndarray", "data": [[0.9999993806215056, 0.0007502794577185913, 0.00082209326750004, -0.7330801463334816], [0.0007502075891204995, -0.9999997147462898, 8.772634856780547e-05, 0.08815116315370353], [0.0008221588522721165, -8.710955362374839e-05, -0.9999996582333153, 0.006184258234139175], [0.0, 0.0, 0.0, 1.0]]}, "mean_rme": {"type": "float", "data": 0.0013183282848433925}, "max_rme": {"type": "float", "data": 0.005372111979228631}, "simu": {"type": "float", "data": 0.002}}, {"type": "dict", "image_number": {"type": "int", "data": 10}, "Hcamera2end": {"type": "ndarray", "data": [[0.999999390973734, 0.000982658608662556, 0.0005024283230487712, -0.01735122196892285], [-0.0005029091672551613, 0.0004891440015201143, 0.9999997539102277, 0.019775331283636663], [0.0009824126070399092, -0.9999993975599211, 0.000489637891641137, 0.03011600868252045], [0.0, 0.0, 0.0, 1.0]]}, "Hobj2base": {"type": "ndarray", "data": [[0.9999992983926779, 0.0011287899724612411, 0.0003592316105130195, -0.7335939090938769], [0.0011289483183491837, -0.9999992655440704, -0.00044089342749766534, 0.08844722887814359], [0.0003587336705933496, 0.00044129867208619487, -0.9999998382828048, 0.006595586865916036], [0.0, 0.0, 0.0, 1.0]]}, "mean_rme": {"type": "float", "data": 0.0014682890798810206}, "max_rme": {"type": "float", "data": 0.005095390420520955}, "simu": {"type": "float", "data": 0.002}}, {"type": "dict", "image_number": {"type": "int", "data": 11}, "Hcamera2end": {"type": "ndarray", "data": [[0.9999994627231036, 0.0009590124823060517, 0.0003935080214910208, -0.017120460874124308], [-0.0003940064021873904, 0.0005195476274720834, 0.9999997874145863, 0.019710112175050528], [0.0009588078322750296, -0.9999994051824839, 0.0005199252053889047, 0.030218671562228384], [0.0, 0.0, 0.0, 1.0]]}, "Hobj2base": {"type": "ndarray", "data": [[0.9999993825942857, 0.001087392908039654, 0.00022888361888777326, -0.7335443887525828], [0.0010875036767043122, -0.9999992913531701, -0.00048438508509144717, 0.08864926094671642], [0.00022835673978383373, 0.0004846336978064056, -0.9999998564916788, 0.006828486846401602], [0.0, 0.0, 0.0, 1.0]]}, "mean_rme": {"type": "float", "data": 0.0014767899265437636}, "max_rme": {"type": "float", "data": 0.005064895474580517}, "simu": {"type": "float", "data": 0.002}}, {"type": "dict", "image_number": {"type": "int", "data": 12}, "Hcamera2end": {"type": "ndarray", "data": [[0.9999995259345122, 0.0009659020748090674, 0.00012314192098964436, -0.017246292783589752], [-0.0001234377160385593, 0.00030618346247446304, 0.9999999455074075, 0.01948825922388678], [0.0009658643181548146, -0.9999994866423029, 0.00030630254606944796, 0.03027112174182493], [0.0, 0.0, 0.0, 1.0]]}, "Hobj2base": {"type": "ndarray", "data": [[0.9999993400183462, 0.0010586846608290938, 0.00044626187484337097, -0.7334693612018915], [0.0010588669324362043, -0.9999993560038118, -0.0004084027193931619, 0.08852936652424531], [0.0004458292177579621, 0.00040887498179733835, -0.9999998170287625, 0.006898000422891469], [0.0, 0.0, 0.0, 1.0]]}, "mean_rme": {"type": "float", "data": 0.001427585772374464}, "max_rme": {"type": "float", "data": 0.005059577268694989}, "simu": {"type": "float", "data": 0.002}}, {"type": "dict", "image_number": {"type": "int", "data": 13}, "Hcamera2end": {"type": "ndarray", "data": [[0.9999989513553992, 0.001447561036334792, -4.307142915762122e-05, -0.01690871416723235], [4.261678001283881e-05, 0.00031410880737015034, 0.9999999497597322, 0.019304718894441485], [0.0014475744927241823, -0.9999989029507498, 0.00031404678759139326, 0.03069872478207995], [0.0, 0.0, 0.0, 1.0]]}, "Hobj2base": {"type": "ndarray", "data": [[0.9999987723665301, 0.0015306393375867243, 0.0003352739937870473, -0.7339161865037476], [0.0015308311901077326, -0.9999986642736001, -0.0005727188518432318, 0.08879624892759352], [0.0003343969199487138, 0.0005732313966413217, -0.9999997797922087, 0.0069536412784751206], [0.0, 0.0, 0.0, 1.0]]}, "mean_rme": {"type": "float", "data": 0.001448990109566723}, "max_rme": {"type": "float", "data": 0.005021011361802635}, "simu": {"type": "float", "data": 0.002}}, {"type": "dict", "image_number": {"type": "int", "data": 14}, "Hcamera2end": {"type": "ndarray", "data": [[0.9999991059546965, 0.0013339836995208834, 9.26136972866225e-05, -0.01680253629834573], [-9.289044830232504e-05, 0.00020740160393750706, 0.9999999741779694, 0.019295805377769506], [0.0013339644568453515, -0.9999990887356168, 0.000207525332854952, 0.030743289117241217], [0.0, 0.0, 0.0, 1.0]]}, "Hobj2base": {"type": "ndarray", "data": [[0.9999989251250898, 0.0014192504643029305, 0.00036807171114221573, -0.733963093316723], [0.0014193987952207403, -0.9999989114294987, -0.000403046991539369, 0.08896098881759175], [0.00036749928584033054, 0.00040356899885762024, -0.9999998510381578, 0.00671232993965836], [0.0, 0.0, 0.0, 1.0]]}, "mean_rme": {"type": "float", "data": 0.001419479758878238}, "max_rme": {"type": "float", "data": 0.005015245208713369}, "simu": {"type": "float", "data": 0.002}}, {"type": "dict", "image_number": {"type": "int", "data": 15}, "Hcamera2end": {"type": "ndarray", "data": [[0.9999990207279491, 0.0013988325163373629, 4.2552721348170603e-05, -0.0169748312075872], [-4.269591129111216e-05, 0.00010233419080185602, 0.9999999938523861, 0.01905468421795719], [0.0013988281531395754, -0.9999990163971685, 0.00010239381501786493, 0.030986682865875723], [0.0, 0.0, 0.0, 1.0]]}, "Hobj2base": {"type": "ndarray", "data": [[0.9999988034751205, 0.0014967992448286014, 0.00039069213969871385, -0.7342402448763455], [0.0014969973579263786, -0.999998750830422, -0.0005072834570658321, 0.08900556624968456], [0.0003899323501625284, 0.0005078677151894462, -0.999999795011552, 0.006876352881618697], [0.0, 0.0, 0.0, 1.0]]}, "mean_rme": {"type": "float", "data": 0.00148633637949096}, "max_rme": {"type": "float", "data": 0.004943069934679535}, "simu": {"type": "float", "data": 0.002}}, {"type": "dict", "image_number": {"type": "int", "data": 16}, "Hcamera2end": {"type": "ndarray", "data": [[0.9999989484041311, 0.0014501518597862346, 1.5818206156143063e-05, -0.01709246580843679], [-1.6088613055009792e-05, 0.00018645651166682153, 0.9999999824875628, 0.01906555687958976], [0.0014501488849830006, -0.9999989311462053, 0.00018647964652207527, 0.03101129145005089], [0.0, 0.0, 0.0, 1.0]]}, "Hobj2base": {"type": "ndarray", "data": [[0.9999987706935273, 0.0015375734516717046, 0.00030737487678882743, -0.7343763396863033], [0.0015377200724422523, -0.9999987037791218, -0.00047734374927491514, 0.08893603065522421], [0.00030664052728688815, 0.00047781581899095706, -0.9999998388318021, 0.00696117719319253], [0.0, 0.0, 0.0, 1.0]]}, "mean_rme": {"type": "float", "data": 0.0014855653371696894}, "max_rme": {"type": "float", "data": 0.0049046300195360795}, "simu": {"type": "float", "data": 0.002}}, {"type": "dict", "image_number": {"type": "int", "data": 17}, "Hcamera2end": {"type": "ndarray", "data": [[0.9999983232328024, 0.0018276442853349347, -0.00011509973912270056, -0.016867480612726235], [0.0001151717553008431, -3.929862870388767e-05, 0.9999999925955422, 0.01903071903517134], [0.001827639748540308, -0.9999983290845961, -3.9509055809627824e-05, 0.031144543642507908], [0.0, 0.0, 0.0, 1.0]]}, "Hobj2base": {"type": "ndarray", "data": [[0.9999980394946193, 0.0019407241819731154, 0.0003931876999301885, -0.7342171975828347], [0.0019409549012188512, -0.999997943906431, -0.0005872622764100776, 0.08905302606195191], [0.00039204717739849777, 0.0005880242846725034, -0.9999997502631943, 0.00703582327266703], [0.0, 0.0, 0.0, 1.0]]}, "mean_rme": {"type": "float", "data": 0.0015274156029380242}, "max_rme": {"type": "float", "data": 0.00483785938260684}, "simu": {"type": "float", "data": 0.002}}, {"type": "dict", "image_number": {"type": "int", "data": 18}, "Hcamera2end": {"type": "ndarray", "data": [[0.9999986499820065, 0.0016365098580759304, 0.00014788390344303492, -0.017060792700748968], [-0.0001477625199893405, -7.429280832460528e-05, 0.999999986323408, 0.01935464274410795], [0.0016365208224045455, -0.9999986581571313, -7.40508932073336e-05, 0.03205782614271011], [0.0, 0.0, 0.0, 1.0]]}, "Hobj2base": {"type": "ndarray", "data": [[0.9999984212252938, 0.001746657058029395, 0.0003267048231268953, -0.7349568531464415], [0.0017467651256344932, -0.9999984196941241, -0.00033078822613650844, 0.0886061390029595], [0.0003261265332434493, 0.0003313583804878385, -0.9999998919215483, 0.006726030454219489], [0.0, 0.0, 0.0, 1.0]]}, "mean_rme": {"type": "float", "data": 0.001571569581972478}, "max_rme": {"type": "float", "data": 0.005102009875353291}, "simu": {"type": "float", "data": 0.002}}, {"type": "dict", "image_number": {"type": "int", "data": 19}, "Hcamera2end": {"type": "ndarray", "data": [[0.999998560950639, 0.001687765575160607, 0.00017188372384462243, -0.017186183920957027], [-0.00017170589430362006, -0.0001055082212604308, 0.9999999796925504, 0.0192792772940429], [0.001687783676032359, -0.999998570156667, -0.00010521827013154628, 0.032025240182516436], [0.0, 0.0, 0.0, 1.0]]}, "Hobj2base": {"type": "ndarray", "data": [[0.9999983401329672, 0.0017894592003615656, 0.0003428805634789654, -0.734836802816454], [0.0017895523395827953, -0.9999983618873585, -0.00027152352145525134, 0.08855818219604412], [0.00034239412153839734, 0.0002721366734768807, -0.9999999043539434, 0.006690612687168166], [0.0, 0.0, 0.0, 1.0]]}, "mean_rme": {"type": "float", "data": 0.0015540607684726836}, "max_rme": {"type": "float", "data": 0.005106994323885479}, "simu": {"type": "float", "data": 0.002}}, {"type": "dict", "image_number": {"type": "int", "data": 20}, "Hcamera2end": {"type": "ndarray", "data": [[0.9999988244399686, 0.001524368093500457, 0.000165591655886837, -0.017003316479095577], [-0.00016540854765429032, -0.0001202460341167555, 0.9999999790904515, 0.019231621526959227], [0.0015243879733665118, -0.99999883092072, -0.00011999374924775985, 0.03166282751301306], [0.0, 0.0, 0.0, 1.0]]}, "Hobj2base": {"type": "ndarray", "data": [[0.9999986228560908, 0.001616718717413101, 0.0003748419809465119, -0.7345453582873339], [0.001616816627417656, -0.9999986588781495, -0.00026104768717391584, 0.08891911097815623], [0.00037441943755574947, 0.000261653378421132, -0.9999998956737914, 0.00656559017960619], [0.0, 0.0, 0.0, 1.0]]}, "mean_rme": {"type": "float", "data": 0.0015382330196539859}, "max_rme": {"type": "float", "data": 0.004950215685344239}, "simu": {"type": "float", "data": 0.002}}, {"type": "dict", "image_number": {"type": "int", "data": 21}, "Hcamera2end": {"type": "ndarray", "data": [[0.9999988075797299, 0.001533048621077685, 0.00018601355783463022, -0.016955202836180516], [-0.0001857618810707719, -0.00016430825890001444, 0.9999999692476595, 0.019268809038974294], [0.0015330791374966709, -0.9999988113816545, -0.00016402328098008567, 0.031698884389845194], [0.0, 0.0, 0.0, 1.0]]}, "Hobj2base": {"type": "ndarray", "data": [[0.9999986248702206, 0.001626986042294102, 0.00032120723203966765, -0.7345709381233122], [0.0016270723696933025, -0.999998640222068, -0.0002686810714046115, 0.08885331675042611], [0.00032076965491615813, 0.00026920332934546646, -0.9999999123181937, 0.006519820429452306], [0.0, 0.0, 0.0, 1.0]]}, "mean_rme": {"type": "float", "data": 0.0015092756465226137}, "max_rme": {"type": "float", "data": 0.005040828805546767}, "simu": {"type": "float", "data": 0.002}}, {"type": "dict", "image_number": {"type": "int", "data": 22}, "Hcamera2end": {"type": "ndarray", "data": [[0.9999991349486124, 0.0013078324428138868, 0.0001402723370971617, -0.01677737312035826], [-0.00014024632743604715, -1.997929783059682e-05, 0.9999999899658976, 0.01923947663874248], [0.0013078352322337624, -0.9999991445871987, -1.9795861850635532e-05, 0.03155211880130198], [0.0, 0.0, 0.0, 1.0]]}, "Hobj2base": {"type": "ndarray", "data": [[0.9999989842308055, 0.0014034835460100298, 0.0002485383135103792, -0.7343750150922752], [0.0014035374277840181, -0.9999989915498853, -0.00021675308843934504, 0.08894471398783704], [0.0002482338534787169, 0.00021710170109348514, -0.9999999456234012, 0.006442151660611292], [0.0, 0.0, 0.0, 1.0]]}, "mean_rme": {"type": "float", "data": 0.0015363687705239346}, "max_rme": {"type": "float", "data": 0.005117302216545522}, "simu": {"type": "float", "data": 0.002}}, {"type": "dict", "image_number": {"type": "int", "data": 23}, "Hcamera2end": {"type": "ndarray", "data": [[0.9999992973003159, 0.0011674524012987614, 0.00020604311458069752, -0.01655736505666376], [-0.00020610762786143165, 5.5139839976958704e-05, 0.9999999772396216, 0.019239905768083748], [0.0011674410135427368, -0.9999993170070111, 5.538042207531291e-05, 0.031343379095197216], [0.0, 0.0, 0.0, 1.0]]}, "Hobj2base": {"type": "ndarray", "data": [[0.9999991768793746, 0.0012663313402853191, 0.00020650789323552475, -0.7341196960703179], [0.0012663587601253465, -0.9999991893625069, -0.00013270199626074964, 0.08915885512519667], [0.00020633968113570046, 0.00013296340011063334, -0.9999999698723347, 0.00644402637738595], [0.0, 0.0, 0.0, 1.0]]}, "mean_rme": {"type": "float", "data": 0.0015321183930983335}, "max_rme": {"type": "float", "data": 0.005129602642524149}, "simu": {"type": "float", "data": 0.002}}, {"type": "dict", "image_number": {"type": "int", "data": 24}, "Hcamera2end": {"type": "ndarray", "data": [[0.9999993100117919, 0.001145869104043699, 0.00025876618129928885, -0.016519656337039876], [-0.00025882734726683865, 5.323157218972696e-05, 0.9999999650874015, 0.01937062109509972], [0.001145855289507771, -0.9999993420749816, 5.3528117721080015e-05, 0.03141701433309308], [0.0, 0.0, 0.0, 1.0]]}, "Hobj2base": {"type": "ndarray", "data": [[0.9999992100980633, 0.001245961103123999, 0.000165481657446893, -0.7341476977607205], [0.0012459897067723963, -0.9999992088141534, -0.00017286040003749596, 0.08904560292725056], [0.0001652661491854306, 0.00017306645193656964, -0.9999999713675511, 0.006447893209166129], [0.0, 0.0, 0.0, 1.0]]}, "mean_rme": {"type": "float", "data": 0.00159768793386179}, "max_rme": {"type": "float", "data": 0.005220951089883442}, "simu": {"type": "float", "data": 0.002}}, {"type": "dict", "image_number": {"type": "int", "data": 25}, "Hcamera2end": {"type": "ndarray", "data": [[0.9999990928647512, 0.0013332140254617812, 0.00019185941996272568, -0.01637292456628804], [-0.00019196971359768664, 8.260015279559774e-05, 0.9999999781624215, 0.01932707381494919], [0.0013331981487302116, -0.9999991078583904, 8.285601458080105e-05, 0.03155248369074205], [0.0, 0.0, 0.0, 1.0]]}, "Hobj2base": {"type": "ndarray", "data": [[0.9999989733510765, 0.0014282362165135985, 0.00011592283199104613, -0.7342708696827671], [0.0014282622531118583, -0.999998954758277, -0.00022483169183341563, 0.08916533883905652], [0.00011560159805876898, 0.00022499702921540787, -0.9999999680063032, 0.006530764441020795], [0.0, 0.0, 0.0, 1.0]]}, "mean_rme": {"type": "float", "data": 0.0015964654086068426}, "max_rme": {"type": "float", "data": 0.005169682262085662}, "simu": {"type": "float", "data": 0.002}}, {"type": "dict", "image_number": {"type": "int", "data": 26}, "Hcamera2end": {"type": "ndarray", "data": [[0.9999994973765435, 0.0009989602704618635, 8.558643880461782e-05, -0.016419275380787655], [-8.57333042938198e-05, 0.00014697645235250967, 0.9999999855238612, 0.020734005089283792], [0.0009989476768096314, -0.9999994902380202, 0.0001470620226434738, 0.031668522660788595], [0.0, 0.0, 0.0, 1.0]]}, "Hobj2base": {"type": "ndarray", "data": [[0.999999401094402, 0.0010806429008311824, 0.00017326787978098893, -0.7342555156232679], [0.0010806966883311485, -0.9999993677994017, -0.0003106371926912936, 0.08892057923075315], [0.00017293208236391562, 0.00031082425667281345, -0.9999999367413865, 0.005219557711957353], [0.0, 0.0, 0.0, 1.0]]}, "mean_rme": {"type": "float", "data": 0.0016205838556144522}, "max_rme": {"type": "float", "data": 0.0046771891388045495}, "simu": {"type": "float", "data": 0.002}}, {"type": "dict", "image_number": {"type": "int", "data": 27}, "Hcamera2end": {"type": "ndarray", "data": [[0.9999994552970107, 0.0010391694616974922, 9.763458202830747e-05, -0.01636862976745257], [-9.781209835612182e-05, 0.0001707757459999959, 0.9999999806342188, 0.02069321484542547], [0.0010391527679545825, -0.9999994454810834, 0.0001708772963235905, 0.03159503319676809], [0.0, 0.0, 0.0, 1.0]]}, "Hobj2base": {"type": "ndarray", "data": [[0.9999993472740989, 0.001135722187670477, 0.0001248458595423157, -0.7342021970965257], [0.0011357555026289066, -0.9999993193576127, -0.0002671025068732394, 0.0889034279463017], [0.00012454242032349346, 0.0002672441269004705, -0.9999999565348798, 0.005221114479682804], [0.0, 0.0, 0.0, 1.0]]}, "mean_rme": {"type": "float", "data": 0.0016042120432292312}, "max_rme": {"type": "float", "data": 0.004717908558301787}, "simu": {"type": "float", "data": 0.002}}, {"type": "dict", "image_number": {"type": "int", "data": 28}, "Hcamera2end": {"type": "ndarray", "data": [[0.9999993707415802, 0.0011087590489751702, 0.00017079172978258164, -0.01627455558447805], [-0.00017103077885145725, 0.00021550932156733094, 0.9999999621521016, 0.020603849651976976], [0.001108722199801156, -0.9999993621043481, 0.00021569881787997236, 0.031575200802386266], [0.0, 0.0, 0.0, 1.0]]}, "Hobj2base": {"type": "ndarray", "data": [[0.9999992847922903, 0.001192554538014741, 9.071153043876941e-05, -0.734180394357461], [0.0011925720975706172, -0.9999992701124865, -0.00019376863887645934, 0.0890187914886121], [9.048038455993899e-05, 0.0001938766803317641, -0.9999999771125656, 0.005190652168657869], [0.0, 0.0, 0.0, 1.0]]}, "mean_rme": {"type": "float", "data": 0.0016100494112376374}, "max_rme": {"type": "float", "data": 0.004856136890726392}, "simu": {"type": "float", "data": 0.002}}, {"type": "dict", "image_number": {"type": "int", "data": 29}, "Hcamera2end": {"type": "ndarray", "data": [[0.9999994172710035, 0.001062727470698893, 0.00018991570869273728, -0.016281853525232273], [-0.00019020129077468572, 0.0002686309911665852, 0.9999999458304284, 0.020589700780660667], [0.0010626763958863368, -0.9999993992236763, 0.00026883296676416535, 0.03155279269437185], [0.0, 0.0, 0.0, 1.0]]}, "Hobj2base": {"type": "ndarray", "data": [[0.9999993437333642, 0.0011450198328738204, 3.8241641928892544e-05, -0.73418047701324], [0.0011450280036689247, -0.9999993214869161, -0.00021432820226782736, 0.08902438271233828], [3.7996205939097284e-05, 0.000214371849362294, -0.999999976300499, 0.005145939595330465], [0.0, 0.0, 0.0, 1.0]]}, "mean_rme": {"type": "float", "data": 0.0015727031546134002}, "max_rme": {"type": "float", "data": 0.0049179976418111115}, "simu": {"type": "float", "data": 0.002}}, {"type": "dict", "image_number": {"type": "int", "data": 30}, "Hcamera2end": {"type": "ndarray", "data": [[0.9999993856805759, 0.001089638619848319, 0.00020328833935227657, -0.01622269253961099], [-0.0002034739946770307, 0.0001702743263591877, 0.999999964802493, 0.02058299476220795], [0.001089603966710716, -0.9999993918469811, 0.0001704959348790558, 0.03159849760918988], [0.0, 0.0, 0.0, 1.0]]}, "Hobj2base": {"type": "ndarray", "data": [[0.9999993142223044, 0.0011710657916725984, 1.2642489347684797e-05, -0.734242174660018], [0.0011710670830662618, -0.999999309034495, -0.00010262757660986277, 0.08902101203432143], [1.2522296967910693e-05, 0.00010264231143328287, -0.999999994653874, 0.005137215646558411], [0.0, 0.0, 0.0, 1.0]]}, "mean_rme": {"type": "float", "data": 0.001564646699641163}, "max_rme": {"type": "float", "data": 0.004939435246919532}, "simu": {"type": "float", "data": 0.002}}]}