{"type": "list", "data": [{"type": "dict", "image_number": {"type": "int", "data": 5}, "Hcamera2end": {"type": "ndarray", "data": [[0.9999979489701545, 0.0005143315694102789, -0.0019589585296966943, -0.013058995475625765], [0.0019595925719566726, -0.0012351537873003249, 0.9999973171924385, 0.0270559310651736], [0.0005119105745105369, -0.999999104928679, -0.0012361591342859857, 0.031703097328228534], [0.0, 0.0, 0.0, 1.0]]}, "Hobj2base": {"type": "ndarray", "data": [[0.9999989446818703, 0.00015163363571913798, 0.0014448676015939579, -0.7341106642892159], [0.00015160329728864202, -0.99999998828547, 2.1106877788429675e-05, 0.09058314052216675], [0.0014448707851806308, -2.0887808821411707e-05, -0.9999989559555118, -0.0033370048791395044], [0.0, 0.0, 0.0, 1.0]]}, "mean_rme": {"type": "float", "data": 0.0013571786352172023}, "max_rme": {"type": "float", "data": 0.005402504993820334}, "simu": {"type": "float", "data": 0.002}}, {"type": "dict", "image_number": {"type": "int", "data": 6}, "Hcamera2end": {"type": "ndarray", "data": [[0.999998897621977, 1.864735702907796e-05, -0.0014847245895422264, -0.01549347637720697], [0.0014847084719153644, 0.0008364966366084525, 0.999998547956011, 0.027337433082419406], [1.9889297077737233e-05, -0.9999996499627652, 0.0008364680285839476, 0.030578570758644414], [0.0, 0.0, 0.0, 1.0]]}, "Hobj2base": {"type": "ndarray", "data": [[0.999999741546495, -0.00015014882887565552, -0.0007031090046995008, -0.7337595525892504], [-0.00014991699994032552, -0.9999999343913324, 0.0003297608611035664, 0.08857612669099661], [-0.0007031584717765591, -0.0003296553678831005, -0.9999996984477062, -0.0031192320407366823], [0.0, 0.0, 0.0, 1.0]]}, "mean_rme": {"type": "float", "data": 0.0013895491452813765}, "max_rme": {"type": "float", "data": 0.005359892367546443}, "simu": {"type": "float", "data": 0.002}}, {"type": "dict", "image_number": {"type": "int", "data": 7}, "Hcamera2end": {"type": "ndarray", "data": [[0.9999988293076013, 0.0004051923139825128, -0.0014755346879950057, -0.014282785561330679], [0.001475605635900956, -0.00017485377671078162, 0.9999988960064728, 0.027340038042547726], [0.00040493386383995726, -0.9999999026226681, -0.00017545147607278544, 0.03151265581218539], [0.0, 0.0, 0.0, 1.0]]}, "Hobj2base": {"type": "ndarray", "data": [[0.9999999349459935, 0.00020725121026952668, 0.00029522016318055073, -0.7338244336297718], [0.00020724750588183485, -0.9999999784451272, 1.2578418285936125e-05, 0.08986150768915922], [0.0002952227637095307, -1.2517233825154421e-05, -0.9999999563434183, -0.003151949392778456], [0.0, 0.0, 0.0, 1.0]]}, "mean_rme": {"type": "float", "data": 0.0012746298522261662}, "max_rme": {"type": "float", "data": 0.005900655016463391}, "simu": {"type": "float", "data": 0.002}}, {"type": "dict", "image_number": {"type": "int", "data": 8}, "Hcamera2end": {"type": "ndarray", "data": [[0.9999990373221198, 0.0006862320671941703, -0.0012060018174452336, -0.0144450314620929], [0.0012062022441674172, -0.0002917295582276491, 0.9999992299847094, 0.027327009729226127], [0.0006858797124075606, -0.999999721989669, -0.00029255701204555784, 0.03138490918832291], [0.0, 0.0, 0.0, 1.0]]}, "Hobj2base": {"type": "ndarray", "data": [[0.9999997490680538, 0.00047516711457614667, 0.0005254331952849105, -0.7336869489324367], [0.00047504389318860134, -0.9999998596448134, 0.00023461383896392865, 0.08973514721390648], [0.0005255446023185364, -0.00023436417626112276, -0.9999998344381384, -0.003034875632148659], [0.0, 0.0, 0.0, 1.0]]}, "mean_rme": {"type": "float", "data": 0.0011819698904412257}, "max_rme": {"type": "float", "data": 0.005956978531524493}, "simu": {"type": "float", "data": 0.002}}, {"type": "dict", "image_number": {"type": "int", "data": 9}, "Hcamera2end": {"type": "ndarray", "data": [[0.9999990855319707, 0.0008048337312431657, -0.0010868200804852823, -0.01403470648148532], [0.0010872215393305433, -0.0004985402565256258, 0.9999992847032126, 0.027471282327919528], [0.000804291331986461, -0.9999995518500384, -0.0004994148331947112, 0.03242589144479274], [0.0, 0.0, 0.0, 1.0]]}, "Hobj2base": {"type": "ndarray", "data": [[0.9999995652887654, 0.0006025016850783995, 0.0007116277114600169, -0.7344889293982892], [0.0006022898374685867, -0.999999774259815, 0.00029787123198854524, 0.0905268712442247], [0.0007118070187362551, -0.0002974424963619009, -0.9999997024293206, -0.002872351297947976], [0.0, 0.0, 0.0, 1.0]]}, "mean_rme": {"type": "float", "data": 0.0012631624004908562}, "max_rme": {"type": "float", "data": 0.006151532581144703}, "simu": {"type": "float", "data": 0.002}}, {"type": "dict", "image_number": {"type": "int", "data": 10}, "Hcamera2end": {"type": "ndarray", "data": [[0.9999992165841809, 0.0008114564046256708, -0.0009530842186378899, -0.014273586549926186], [0.0009534327466798824, -0.00042923082068524465, 0.9999994533633005, 0.02766706262945864], [0.000811046867932472, -0.9999995786496141, -0.0004300041535276744, 0.03248116314369454], [0.0, 0.0, 0.0, 1.0]]}, "Hobj2base": {"type": "ndarray", "data": [[0.9999994461886871, 0.0007238673715482928, 0.0007639622684188866, -0.7347485836371593], [0.0007235752871256652, -0.9999996650526408, 0.000382535501324774, 0.0905453445157395], [0.0007642389174996102, -0.00038198250525456134, -0.9999996350140545, -0.00269244350297172], [0.0, 0.0, 0.0, 1.0]]}, "mean_rme": {"type": "float", "data": 0.0014072809692354921}, "max_rme": {"type": "float", "data": 0.0059775425854930175}, "simu": {"type": "float", "data": 0.002}}, {"type": "dict", "image_number": {"type": "int", "data": 11}, "Hcamera2end": {"type": "ndarray", "data": [[0.9999995133864457, 0.0006275836976751248, -0.0007611606757671512, -0.014295290726558786], [0.0007613037511868227, -0.00022777086451464257, 0.9999996842684657, 0.0278003355382889], [0.000627410129302007, -0.9999997771295428, -0.00022824853550140745, 0.03261275293543049], [0.0, 0.0, 0.0, 1.0]]}, "Hobj2base": {"type": "ndarray", "data": [[0.9999997176218904, 0.000563768934076986, 0.0004969111875796585, -0.7349358031336678], [0.0005635825387004304, -0.9999997708117196, 0.0003751682702151124, 0.09045918914150286], [0.0004971225819092363, -0.00037488811380720073, -0.9999998061640019, -0.002605276902513796], [0.0, 0.0, 0.0, 1.0]]}, "mean_rme": {"type": "float", "data": 0.001373244851445957}, "max_rme": {"type": "float", "data": 0.005943282437739422}, "simu": {"type": "float", "data": 0.002}}, {"type": "dict", "image_number": {"type": "int", "data": 12}, "Hcamera2end": {"type": "ndarray", "data": [[0.9999993599834653, 0.000878974240856031, -0.0007123460842176292, -0.014671526239043397], [0.0007124493470085383, -0.00011717350141893235, 0.9999997393431154, 0.027839744366396794], [0.0008788905436604337, -0.99999960683725, -0.0001177996510499657, 0.03307072138758132], [0.0, 0.0, 0.0, 1.0]]}, "Hobj2base": {"type": "ndarray", "data": [[0.9999996219170127, 0.0008011628144213871, 0.00033808871088481906, -0.7350892280690022], [0.0008010667687774757, -0.9999996387827248, 0.00028412400854203743, 0.08977808540308345], [0.0003383162183516643, -0.00028385306948839484, -0.9999999024847812, -0.002487746402012122], [0.0, 0.0, 0.0, 1.0]]}, "mean_rme": {"type": "float", "data": 0.0015046123998958666}, "max_rme": {"type": "float", "data": 0.0063807847356570635}, "simu": {"type": "float", "data": 0.002}}, {"type": "dict", "image_number": {"type": "int", "data": 13}, "Hcamera2end": {"type": "ndarray", "data": [[0.9999993581521462, 0.0009143654638264277, -0.0006690523851936297, -0.014992405239327674], [0.0006691112835040976, -6.41100203242484e-05, 0.9999997740899723, 0.027961337982679906], [0.0009143223643000877, -0.9999995799127638, -6.472179142447132e-05, 0.03241225961930904], [0.0, 0.0, 0.0, 1.0]]}, "Hobj2base": {"type": "ndarray", "data": [[0.999999617413077, 0.0008288236433734858, 0.00027968744657834454, -0.7344416452995355], [0.0008287465847444193, -0.999999618633717, 0.00027552045049884235, 0.09006056415182503], [0.00027991569777858897, -0.0002752885550721733, -0.9999999229317038, -0.0026521427955233977], [0.0, 0.0, 0.0, 1.0]]}, "mean_rme": {"type": "float", "data": 0.0015818607041925073}, "max_rme": {"type": "float", "data": 0.006407255885555879}, "simu": {"type": "float", "data": 0.002}}, {"type": "dict", "image_number": {"type": "int", "data": 14}, "Hcamera2end": {"type": "ndarray", "data": [[0.9999993632913345, 0.0009727074413266207, -0.0005720639466294078, -0.015029332007844554], [0.000572050398625903, 1.4206299912777887e-05, 0.999999836278248, 0.02803240899730188], [0.0009727154089852493, -0.9999995268190954, 1.3649853187969185e-05, 0.03219628743183061], [0.0, 0.0, 0.0, 1.0]]}, "Hobj2base": {"type": "ndarray", "data": [[0.9999995792343488, 0.0009036740295211265, 0.00015781119667719428, -0.7343443732924805], [0.0009036281097476632, -0.9999995494432348, 0.0002908084701989405, 0.09019691390233632], [0.00015807392163637556, -0.00029066574520337466, -0.9999999452630282, -0.0026910438368013307], [0.0, 0.0, 0.0, 1.0]]}, "mean_rme": {"type": "float", "data": 0.001535259576722247}, "max_rme": {"type": "float", "data": 0.006350844882991286}, "simu": {"type": "float", "data": 0.002}}, {"type": "dict", "image_number": {"type": "int", "data": 15}, "Hcamera2end": {"type": "ndarray", "data": [[0.9999991303431282, 0.001241122665212933, -0.0004460129116831971, -0.015224458746921379], [0.00044588818733658746, 0.00010076805304892744, 0.9999998955147562, 0.027977868502111706], [0.001241167479386674, -0.9999992247298639, 0.00010021456347986124, 0.032565737376242986], [0.0, 0.0, 0.0, 1.0]]}, "Hobj2base": {"type": "ndarray", "data": [[0.9999993092825677, 0.0011749585041836562, 3.0114796216547155e-05, -0.7345669608317847], [0.0011749481459534473, -0.9999992513692526, 0.0003416983876768532, 0.08975877208840093], [3.0516255098151526e-05, -0.00034166276833583984, -0.9999999411676534, -0.0026441107292344947], [0.0, 0.0, 0.0, 1.0]]}, "mean_rme": {"type": "float", "data": 0.0015731833475168735}, "max_rme": {"type": "float", "data": 0.006634375493950434}, "simu": {"type": "float", "data": 0.002}}, {"type": "dict", "image_number": {"type": "int", "data": 16}, "Hcamera2end": {"type": "ndarray", "data": [[0.9999992233407543, 0.0011942068483792585, -0.00035663411439708673, -0.015215323924553418], [0.00035652719437521073, 8.97439332455674e-05, 0.999999932417191, 0.028034858225733823], [0.0011942387734195604, -0.9999992829077579, 8.931809632795051e-05, 0.03196690482262347], [0.0, 0.0, 0.0, 1.0]]}, "Hobj2base": {"type": "ndarray", "data": [[0.9999993533607647, 0.0011372207094076524, 2.66656751711349e-06, -0.7340191863171208], [0.0011372194572646117, -0.9999992608628376, 0.00043012286993979795, 0.09005429368222953], [3.1557101814397364e-06, -0.00043011955933300967, -0.9999999074935984, -0.0028439433619728734], [0.0, 0.0, 0.0, 1.0]]}, "mean_rme": {"type": "float", "data": 0.001620725979625686}, "max_rme": {"type": "float", "data": 0.006563361335850976}, "simu": {"type": "float", "data": 0.002}}, {"type": "dict", "image_number": {"type": "int", "data": 17}, "Hcamera2end": {"type": "ndarray", "data": [[0.9999990512601618, 0.0013194393142289943, -0.00039567495815587056, -0.01523981440290175], [0.00039560182808721575, 5.5685635465207994e-05, 0.9999999201991486, 0.0279853904705087], [0.0013194612423480963, -0.9999991279891228, 5.5163610029218546e-05, 0.03192558878405577], [0.0, 0.0, 0.0, 1.0]]}, "Hobj2base": {"type": "ndarray", "data": [[0.9999992130287538, 0.0012545674184749364, 1.5701676185864857e-06, -0.734025840271569], [0.0012545667466913324, -0.9999991436784901, 0.0003724306166230098, 0.0899585089093209], [2.037405591275938e-06, -0.0003724283536507423, -0.9999999306464824, -0.0028049369596440405], [0.0, 0.0, 0.0, 1.0]]}, "mean_rme": {"type": "float", "data": 0.0015522186486148957}, "max_rme": {"type": "float", "data": 0.006541152586886451}, "simu": {"type": "float", "data": 0.002}}, {"type": "dict", "image_number": {"type": "int", "data": 18}, "Hcamera2end": {"type": "ndarray", "data": [[0.9999985648221345, 0.001628757729939529, -0.00046637102014202134, -0.015325732574285579], [0.0004662572860995799, 7.020771690546823e-05, 0.9999998888375036, 0.027871359898947852], [0.0016287902917273087, -0.9999986711086838, 6.94481959860882e-05, 0.03188431905091], [0.0, 0.0, 0.0, 1.0]]}, "Hobj2base": {"type": "ndarray", "data": [[0.9999988240390923, 0.0015333288653467745, 2.8688379160109143e-05, -0.7341060837392424], [0.0015333244695457332, -0.9999988128100601, 0.0001526254950805226, 0.08984922826890496], [2.8922370178748815e-05, -0.00015258132700514906, -0.9999999879412176, -0.00296681028016621], [0.0, 0.0, 0.0, 1.0]]}, "mean_rme": {"type": "float", "data": 0.00159117191137269}, "max_rme": {"type": "float", "data": 0.006528839944491049}, "simu": {"type": "float", "data": 0.002}}, {"type": "dict", "image_number": {"type": "int", "data": 19}, "Hcamera2end": {"type": "ndarray", "data": [[0.9999983870406919, 0.0017474255871535397, -0.000415234670840133, -0.01545490945812848], [0.0004151891947764109, 2.638728267967405e-05, 0.999999913460818, 0.027880326610727726], [0.0017474363928473972, -0.9999984729025981, 2.5661727895642805e-05, 0.03194653732827323], [0.0, 0.0, 0.0, 1.0]]}, "Hobj2base": {"type": "ndarray", "data": [[0.9999986213360699, 0.0016579406521479028, 9.251353157631006e-05, -0.7342265966840069], [0.0016579260502170847, -0.9999986132066208, 0.00015768971624955478, 0.08978869462805787], [9.27748434701528e-05, -0.00015753611825443292, -0.9999999832875996, -0.002940701114557237], [0.0, 0.0, 0.0, 1.0]]}, "mean_rme": {"type": "float", "data": 0.0015614756321614101}, "max_rme": {"type": "float", "data": 0.006492305231172585}, "simu": {"type": "float", "data": 0.002}}, {"type": "dict", "image_number": {"type": "int", "data": 20}, "Hcamera2end": {"type": "ndarray", "data": [[0.9999989052358457, 0.0014553537342940912, -0.0002673436332663818, -0.015279029235831264], [0.0002672506729874428, 6.406879459597281e-05, 0.9999999622361327, 0.027547356208407453], [0.0014553708077186325, -0.9999989389197858, 6.367978019072851e-05, 0.03195469312543488], [0.0, 0.0, 0.0, 1.0]]}, "Hobj2base": {"type": "ndarray", "data": [[0.9999990296492667, 0.0013930670676688673, -8.04177259907483e-06, -0.7342470833980841], [0.0013930696271878225, -0.9999989760281163, 0.0003275663789168255, 0.09003206099093111], [-7.585442429581223e-06, -0.000327577263811706, -0.9999999463177971, -0.002459176671545571], [0.0, 0.0, 0.0, 1.0]]}, "mean_rme": {"type": "float", "data": 0.0015355058511521535}, "max_rme": {"type": "float", "data": 0.0064000720864667016}, "simu": {"type": "float", "data": 0.002}}, {"type": "dict", "image_number": {"type": "int", "data": 21}, "Hcamera2end": {"type": "ndarray", "data": [[0.9999987455989221, 0.001576087578807158, -0.00015731664285050645, -0.015177194775216778], [0.00015711636630843465, 0.00012719497152557935, 0.9999999795679433, 0.027114023086931803], [0.0015761075564903549, -0.9999987498839102, 0.000126947182818693, 0.03195700665907294], [0.0, 0.0, 0.0, 1.0]]}, "Hobj2base": {"type": "ndarray", "data": [[0.999998784767308, 0.0015582573502280202, -4.793681064757584e-05, -0.7342895005580836], [0.00155827573799029, -0.9999987114019881, 0.00038596772967836084, 0.09005820271425558], [-4.7335311824574794e-05, -0.00038604195940674643, -0.9999999243654845, -0.0019502585868097025], [0.0, 0.0, 0.0, 1.0]]}, "mean_rme": {"type": "float", "data": 0.0015107419858412287}, "max_rme": {"type": "float", "data": 0.006440712383115027}, "simu": {"type": "float", "data": 0.002}}, {"type": "dict", "image_number": {"type": "int", "data": 22}, "Hcamera2end": {"type": "ndarray", "data": [[0.9999982160423928, 0.0018784497548408963, -0.00019833948252710298, -0.015256779192611883], [0.00019817643172321978, 8.698646138982635e-05, 0.9999999765797282, 0.027128546478673226], [0.0018784669636968316, -0.9999982319283737, 8.661404174004073e-05, 0.03173941017513723], [0.0, 0.0, 0.0, 1.0]]}, "Hobj2base": {"type": "ndarray", "data": [[0.9999982800344129, 0.0018544355793452434, -3.1573689024699497e-05, -0.7342136682000832], [0.001854445786251145, -0.9999982272545296, 0.0003263719115047582, 0.08977617999335252], [-3.096839736779194e-05, -0.0003264299018508701, -0.9999999462422375, -0.002025404521821193], [0.0, 0.0, 0.0, 1.0]]}, "mean_rme": {"type": "float", "data": 0.0015365038841547538}, "max_rme": {"type": "float", "data": 0.00638421870343614}, "simu": {"type": "float", "data": 0.002}}, {"type": "dict", "image_number": {"type": "int", "data": 23}, "Hcamera2end": {"type": "ndarray", "data": [[0.999998270463692, 0.001848413584922294, -0.00020600204765017617, -0.015201964005544414], [0.00020577648116114474, 0.0001222218277613374, 0.9999999713589319, 0.027146752753653473], [0.0018484387099285409, -0.99999828421305, 0.00012184125633096787, 0.03173193420321434], [0.0, 0.0, 0.0, 1.0]]}, "Hobj2base": {"type": "ndarray", "data": [[0.9999983330352142, 0.001825114395880324, -5.3705071739583656e-05, -0.7342538775464792], [0.0018251303335029467, -0.9999982899791886, 0.00029822468732388496, 0.08981443874129381], [-5.316068573275158e-05, -0.0002983222089493278, -0.9999999540888995, -0.002047316257663892], [0.0, 0.0, 0.0, 1.0]]}, "mean_rme": {"type": "float", "data": 0.0014847535749055308}, "max_rme": {"type": "float", "data": 0.0063433272919095895}, "simu": {"type": "float", "data": 0.002}}, {"type": "dict", "image_number": {"type": "int", "data": 24}, "Hcamera2end": {"type": "ndarray", "data": [[0.9999984054371827, 0.0017753876924767743, -0.00019266975241168712, -0.01539836953214915], [0.00019239862779230348, 0.00015288243494204767, 0.9999999698048643, 0.027102627724034097], [0.00177541709468959, -0.9999984123114911, 0.0001525406090056025, 0.031626038462429985], [0.0, 0.0, 0.0, 1.0]]}, "Hobj2base": {"type": "ndarray", "data": [[0.9999984586615398, 0.0017541858978461092, -7.420498949440271e-05, -0.7340467605043601], [0.0017542070906623416, -0.9999984203352663, 0.00028650384724889194, 0.08974777071481066], [-7.370229126687511e-05, -0.00028663357656822676, -0.9999999562045814, -0.00199944884767723], [0.0, 0.0, 0.0, 1.0]]}, "mean_rme": {"type": "float", "data": 0.0014941385901771024}, "max_rme": {"type": "float", "data": 0.006434218515108753}, "simu": {"type": "float", "data": 0.002}}, {"type": "dict", "image_number": {"type": "int", "data": 25}, "Hcamera2end": {"type": "ndarray", "data": [[0.9999983401470108, 0.0018139776571260877, -0.00017084578607769955, -0.015446349874234822], [0.00017066735049766257, 9.852135981436305e-05, 0.9999999805830984, 0.026929495017843946], [0.001813994453863425, -0.999998349887939, 9.821160952283581e-05, 0.03224758968445299], [0.0, 0.0, 0.0, 1.0]]}, "Hobj2base": {"type": "ndarray", "data": [[0.9999983959245029, 0.0017910875664503886, -1.239961279927023e-05, -0.7346244403559545], [0.001791091105045117, -0.9999983535070776, 0.00029150606831838055, 0.08993139901427423], [-1.1877479488885622e-05, -0.00029152780955682986, -0.9999999574352303, -0.001928084053752046], [0.0, 0.0, 0.0, 1.0]]}, "mean_rme": {"type": "float", "data": 0.0015723900173085408}, "max_rme": {"type": "float", "data": 0.006464466856429291}, "simu": {"type": "float", "data": 0.002}}, {"type": "dict", "image_number": {"type": "int", "data": 26}, "Hcamera2end": {"type": "ndarray", "data": [[0.9999972517331858, 0.0023418197772868236, -0.00011138315054405427, -0.015308377921398034], [0.00011116610962391324, 9.281041540165624e-05, 0.9999999895141612, 0.026216477010995855], [0.0023418300902473504, -0.9999972536294074, 9.254982933970535e-05, 0.03220588758959185], [0.0, 0.0, 0.0, 1.0]]}, "Hobj2base": {"type": "ndarray", "data": [[0.9999973113235837, 0.0023189067115796137, 4.155315831140215e-06, -0.7347160193759303], [0.002318904851864212, -0.9999972303816964, 0.0004023794539800426, 0.08993573344601943], [5.088384738937492e-06, -0.0004023687363298524, -0.9999999190367512, -0.001150012560818075], [0.0, 0.0, 0.0, 1.0]]}, "mean_rme": {"type": "float", "data": 0.0015737939655124042}, "max_rme": {"type": "float", "data": 0.006511768619546332}, "simu": {"type": "float", "data": 0.002}}, {"type": "dict", "image_number": {"type": "int", "data": 27}, "Hcamera2end": {"type": "ndarray", "data": [[0.9999971169711857, 0.0023942467881735117, -0.00018338929671650288, -0.015323838863412282], [0.0001833132592655082, 3.1977811866701344e-05, 0.9999999826868339, 0.026350841704088974], [0.002394252611109949, -0.9999971332757592, 3.153882249151696e-05, 0.032366872559436564], [0.0, 0.0, 0.0, 1.0]]}, "Hobj2base": {"type": "ndarray", "data": [[0.9999971600765185, 0.0023823797695642227, 6.407442143345283e-05, -0.7348077394563677], [0.0023823547214800638, -0.9999970868400629, 0.00038819758989020576, 0.08979286333747881], [6.499906885916333e-05, -0.0003880438394383267, -0.999999922598547, -0.0011748671770562865], [0.0, 0.0, 0.0, 1.0]]}, "mean_rme": {"type": "float", "data": 0.0015857243512301343}, "max_rme": {"type": "float", "data": 0.006572406350072446}, "simu": {"type": "float", "data": 0.002}}, {"type": "dict", "image_number": {"type": "int", "data": 28}, "Hcamera2end": {"type": "ndarray", "data": [[0.9999973296701284, 0.0023041851782432876, -0.00017715325824240445, -0.015532460902619585], [0.00017743788540880543, -0.00012332232985046154, 0.9999999766536994, 0.026265854009072755], [0.002304163277496541, -0.9999973377575898, -0.0001237308502848311, 0.03259052929103415], [0.0, 0.0, 0.0, 1.0]]}, "Hobj2base": {"type": "ndarray", "data": [[0.9999973392254051, 0.0022972579724311695, 0.0002101140597333416, -0.7350110171162313], [0.002297186762633125, -0.9999973041629466, 0.0003385259470445502, 0.08967078655315765], [0.00021089117473079683, -0.0003380423750666481, -0.9999999206261294, -0.001140604526548673], [0.0, 0.0, 0.0, 1.0]]}, "mean_rme": {"type": "float", "data": 0.0015837379740296952}, "max_rme": {"type": "float", "data": 0.0064861598761575545}, "simu": {"type": "float", "data": 0.002}}, {"type": "dict", "image_number": {"type": "int", "data": 29}, "Hcamera2end": {"type": "ndarray", "data": [[0.9999990749165736, 0.0013311202702457267, -0.00027979425164358963, -0.015729260882240158], [0.000279904410681014, -8.257106379749857e-05, 0.9999999574177694, 0.0259890570349644], [0.0013310971106546537, -0.9999991106500274, -8.294357384719397e-05, 0.03251697099495423], [0.0, 0.0, 0.0, 1.0]]}, "Hobj2base": {"type": "ndarray", "data": [[0.9999990624842708, 0.0013311580054585926, 0.00032101237332172615, -0.7349114775459638], [0.0013310693765335576, -0.9999990759979525, 0.000276147706930925, 0.08966076337675931], [0.00032137967293640604, -0.0002757201582984893, -0.9999999103467461, -0.0007671549947965495], [0.0, 0.0, 0.0, 1.0]]}, "mean_rme": {"type": "float", "data": 0.0016065163352608246}, "max_rme": {"type": "float", "data": 0.006190640144967452}, "simu": {"type": "float", "data": 0.002}}, {"type": "dict", "image_number": {"type": "int", "data": 30}, "Hcamera2end": {"type": "ndarray", "data": [[0.99999905718094, 0.0013453448848682516, -0.00027510792770621764, -0.01574342360875365], [0.00027525072863144825, -0.00010596047236721695, 0.9999999565047066, 0.025987916610893922], [0.001345315675786109, -0.9999990894093451, -0.00010633067962562137, 0.032523863802001264], [0.0, 0.0, 0.0, 1.0]]}, "Hobj2base": {"type": "ndarray", "data": [[0.9999990493822225, 0.0013452048450700793, 0.00030275167395046177, -0.7349130590169981], [0.0013451191452850668, -0.9999990552552953, 0.0002830953927111928, 0.0896718900526996], [0.0003031322092213132, -0.00028268788652278194, -0.9999999140992073, -0.0007416987359218178], [0.0, 0.0, 0.0, 1.0]]}, "mean_rme": {"type": "float", "data": 0.001569550365893163}, "max_rme": {"type": "float", "data": 0.006189592366761726}, "simu": {"type": "float", "data": 0.002}}]}