{"type": "list", "data": [{"type": "dict", "image_number": {"type": "int", "data": 5}, "Hcamera2end": {"type": "ndarray", "data": [[0.9999914517034525, 0.0031350649562224874, -0.0026959020275198124, -0.016407706959662264], [0.0026936794384630116, 0.0007129516182431406, 0.9999961178880009, 0.02703554617648906], [0.0031369748332623483, -0.9999948315204984, 0.0007045006637105278, 0.038482845670956334], [0.0, 0.0, 0.0, 1.0]]}, "Hobj2base": {"type": "ndarray", "data": [[0.9999909578607169, 0.0032756314603488326, 0.0027119062192342094, -0.7401667849397745], [0.0032813819941008592, -0.99999237168679, -0.002118749734404992, 0.08731738500426409], [0.0027049452886775513, 0.0021276293766122733, -0.9999940782145766, 0.004810372277939434], [0.0, 0.0, 0.0, 1.0]]}, "mean_rme": {"type": "float", "data": 0.0012094186965480873}, "max_rme": {"type": "float", "data": 0.0030780385088594892}, "simu": {"type": "float", "data": 0.002}}, {"type": "dict", "image_number": {"type": "int", "data": 6}, "Hcamera2end": {"type": "ndarray", "data": [[0.9999964041632348, 0.002651074203499212, -0.00040430949519369816, -0.016967193847796963], [0.000397473034455391, 0.0025787711624093435, 0.9999965959714457, 0.02686032058062672], [0.0026521078008338176, -0.9999931608490428, 0.0025777081590608875, 0.033403384268954076], [0.0, 0.0, 0.0, 1.0]]}, "Hobj2base": {"type": "ndarray", "data": [[0.9999976152286261, 0.00203367650015735, 0.0007960508485069578, -0.735959162768712], [0.002033639280344658, -0.9999979310224159, 4.756222094573697e-05, 0.08834878307822695], [0.0007961459276666291, -4.594322724603853e-05, -0.9999996820203902, 0.0046815780611695335], [0.0, 0.0, 0.0, 1.0]]}, "mean_rme": {"type": "float", "data": 0.001319302203319929}, "max_rme": {"type": "float", "data": 0.003782892427828921}, "simu": {"type": "float", "data": 0.002}}, {"type": "dict", "image_number": {"type": "int", "data": 7}, "Hcamera2end": {"type": "ndarray", "data": [[0.9999972770951877, 0.002325883779983161, 0.0001899127493022886, -0.01695242775543615], [-0.0001966437101907424, 0.0028940502046764793, 0.9999957928934824, 0.027043962116365294], [0.0023253243777113615, -0.9999931073452732, 0.0028944996948692125, 0.03318739847102872], [0.0, 0.0, 0.0, 1.0]]}, "Hobj2base": {"type": "ndarray", "data": [[0.9999984870255925, 0.001700942741118403, 0.0003643354461812435, -0.7359110556550144], [0.0017007613876926589, -0.9999984299521021, 0.0004974977716871262, 0.08881936061112665], [0.00036518108938061593, -0.0004968773713266969, -0.9999998098778069, 0.004637685709021558], [0.0, 0.0, 0.0, 1.0]]}, "mean_rme": {"type": "float", "data": 0.0012581499133381593}, "max_rme": {"type": "float", "data": 0.003995090276704416}, "simu": {"type": "float", "data": 0.002}}, {"type": "dict", "image_number": {"type": "int", "data": 8}, "Hcamera2end": {"type": "ndarray", "data": [[0.9999981906835611, 0.0014316600353844492, -0.0012525889777623067, -0.014874795009939983], [0.001248843312977188, 0.002614215167796363, 0.9999958031259112, 0.026865252766191276], [0.0014349285639922234, -0.9999955581044345, 0.0026124225187922345, 0.03329861750555303], [0.0, 0.0, 0.0, 1.0]]}, "Hobj2base": {"type": "ndarray", "data": [[0.9999994592502971, 0.0009624609616658446, 0.0003939137097252285, -0.7353073173523104], [0.0009628494120768625, -0.9999990492452937, -0.0009871319661473288, 0.09009762390958152], [0.0003929632592284858, 0.0009875107119398292, -0.9999994352010759, 0.004089447379314326], [0.0, 0.0, 0.0, 1.0]]}, "mean_rme": {"type": "float", "data": 0.0012591014895854044}, "max_rme": {"type": "float", "data": 0.004293418520997738}, "simu": {"type": "float", "data": 0.002}}, {"type": "dict", "image_number": {"type": "int", "data": 9}, "Hcamera2end": {"type": "ndarray", "data": [[0.9999982490712731, 0.0013703322484403826, -0.0012743798166082714, -0.014520058831681303], [0.0012707017986273057, 0.002681562904999879, 0.9999955972589708, 0.0264295323848663], [0.0013737435448654659, -0.9999954656946778, 0.0026798169261215143, 0.03325183499462705], [0.0, 0.0, 0.0, 1.0]]}, "Hobj2base": {"type": "ndarray", "data": [[0.9999995954414156, 0.0008360327179933745, 0.00033191309035938564, -0.7351519730201598], [0.0008362733269457861, -0.999999387191838, -0.000725439777837409, 0.09015197557897639], [0.0003313063955711289, 0.0007257170544188511, -0.999999681785364, 0.0045320133053505796], [0.0, 0.0, 0.0, 1.0]]}, "mean_rme": {"type": "float", "data": 0.0013586582002726292}, "max_rme": {"type": "float", "data": 0.004600752040879619}, "simu": {"type": "float", "data": 0.002}}, {"type": "dict", "image_number": {"type": "int", "data": 10}, "Hcamera2end": {"type": "ndarray", "data": [[0.9999984387938925, 0.0015085113477595379, -0.0009202191539275631, -0.014601530813230103], [0.0009167743546950423, 0.0022826784431430047, 0.999996974447377, 0.026339355649723967], [0.0015106073481047108, -0.999996256879314, 0.0022812919148941235, 0.033130900627262816], [0.0, 0.0, 0.0, 1.0]]}, "Hobj2base": {"type": "ndarray", "data": [[0.9999993151962658, 0.0011182181659912152, 0.0003452464810752817, -0.7352312059215997], [0.0011186092204799965, -0.9999987307264759, -0.0011345743032700828, 0.08988187720479424], [0.00034397734126648044, 0.0011349597222064323, -0.9999992967727618, 0.004630467246535336], [0.0, 0.0, 0.0, 1.0]]}, "mean_rme": {"type": "float", "data": 0.0014268270672827357}, "max_rme": {"type": "float", "data": 0.004757782879339478}, "simu": {"type": "float", "data": 0.002}}, {"type": "dict", "image_number": {"type": "int", "data": 11}, "Hcamera2end": {"type": "ndarray", "data": [[0.9999987222744124, 0.0011172114851999051, -0.001143366975138564, -0.014407907668718967], [0.0011406238287832683, 0.0024529109534837668, 0.999996341095874, 0.026543312617547478], [0.0011200119748073613, -0.9999963675265785, 0.0024516335012948476, 0.03381900558071708], [0.0, 0.0, 0.0, 1.0]]}, "Hobj2base": {"type": "ndarray", "data": [[0.9999996667221304, 0.000764106990361197, 0.00028756935752965204, -0.7357812101325135], [0.0007644718736309767, -0.9999989002108542, -0.001270889387993363, 0.09024730257172786], [0.0002865979457986524, 0.0012711088031196046, -0.9999991510716537, 0.004212194674439714], [0.0, 0.0, 0.0, 1.0]]}, "mean_rme": {"type": "float", "data": 0.001505668197458115}, "max_rme": {"type": "float", "data": 0.004233266392388857}, "simu": {"type": "float", "data": 0.002}}, {"type": "dict", "image_number": {"type": "int", "data": 12}, "Hcamera2end": {"type": "ndarray", "data": [[0.9999947081466025, 0.003061788761202184, -0.0010996037345498292, -0.014215408070724581], [0.001093189168113749, 0.002095924851880482, 0.9999972060143256, 0.027361116630037045], [0.003064084893402711, -0.9999931162506053, 0.002092566646244687, 0.03384030378176357], [0.0, 0.0, 0.0, 1.0]]}, "Hobj2base": {"type": "ndarray", "data": [[0.9999962632557916, 0.0026833696651611043, -0.0005224956397774411, -0.735832696309144], [0.002682926039649296, -0.999996041471312, -0.0008479089405176923, 0.08962186129621519], [-0.0005247688245932657, 0.0008465039549413075, -0.9999995040242444, 0.003531008289240097], [0.0, 0.0, 0.0, 1.0]]}, "mean_rme": {"type": "float", "data": 0.0013922325406855371}, "max_rme": {"type": "float", "data": 0.004294990821236522}, "simu": {"type": "float", "data": 0.002}}, {"type": "dict", "image_number": {"type": "int", "data": 13}, "Hcamera2end": {"type": "ndarray", "data": [[0.9999950447499881, 0.002867323621871913, -0.001299588672098158, -0.013652114271538944], [0.0012922640666645996, 0.0025548850658235756, 0.9999959012995415, 0.0272223145414815], [0.0028706321692613264, -0.9999926254815822, 0.0025511670664452035, 0.03350645836182118], [0.0, 0.0, 0.0, 1.0]]}, "Hobj2base": {"type": "ndarray", "data": [[0.9999967877692357, 0.0023657053780730608, -0.0009098842092293572, -0.7355699880221368], [0.0023648525484384047, -0.9999967645297672, -0.0009372312529271165, 0.09007449374360682], [-0.0009120984783416308, 0.0009350765003330727, -0.9999991468537881, 0.0034838992218461863], [0.0, 0.0, 0.0, 1.0]]}, "mean_rme": {"type": "float", "data": 0.0013423220591944238}, "max_rme": {"type": "float", "data": 0.004456331889371001}, "simu": {"type": "float", "data": 0.002}}, {"type": "dict", "image_number": {"type": "int", "data": 14}, "Hcamera2end": {"type": "ndarray", "data": [[0.9999951486132378, 0.002817323267593614, -0.0013286984587526345, -0.013671908236371363], [0.0013216043480379477, 0.002518400530076681, 0.9999959555021798, 0.027103989337348738], [0.002820658067838634, -0.9999928601486994, 0.002514664925661436, 0.033615053295307465], [0.0, 0.0, 0.0, 1.0]]}, "Hobj2base": {"type": "ndarray", "data": [[0.9999969167613798, 0.00231573958059472, -0.0008965589378125189, -0.7354761355003478], [0.002314944022893124, -0.9999969268006019, -0.0008873688760135408, 0.09008337800041807], [-0.0008986110977369034, 0.0008852906562892914, -0.9999992043789578, 0.0035842427201557597], [0.0, 0.0, 0.0, 1.0]]}, "mean_rme": {"type": "float", "data": 0.0013062690427495046}, "max_rme": {"type": "float", "data": 0.004397513620590043}, "simu": {"type": "float", "data": 0.002}}, {"type": "dict", "image_number": {"type": "int", "data": 15}, "Hcamera2end": {"type": "ndarray", "data": [[0.9999950463195663, 0.002986204427530677, -0.0009949469561336237, -0.012902941526706], [0.000987390475215647, 0.002530871824681924, 0.9999963098671196, 0.027365755712286756], [0.002988711491257863, -0.9999923386061134, 0.0025279107377428334, 0.033185645495647946], [0.0, 0.0, 0.0, 1.0]]}, "Hobj2base": {"type": "ndarray", "data": [[0.9999964435033835, 0.00242966610825086, -0.0010998650766252305, -0.7354249889693646], [0.002429037968530982, -0.999996886243423, -0.0005720821669336279, 0.09097569748552073], [-0.001101251620565248, 0.0005694085182939528, -0.9999992315091084, 0.0031347602943020527], [0.0, 0.0, 0.0, 1.0]]}, "mean_rme": {"type": "float", "data": 0.001369493069429217}, "max_rme": {"type": "float", "data": 0.004737950490836251}, "simu": {"type": "float", "data": 0.002}}, {"type": "dict", "image_number": {"type": "int", "data": 16}, "Hcamera2end": {"type": "ndarray", "data": [[0.9999950882984812, 0.002972132192865371, -0.0009948915222416958, -0.012827343874430606], [0.0009875765350989914, 0.002461646322247102, 0.9999964824887994, 0.02737088087356256], [0.002974570809413854, -0.9999925533360797, 0.002458699023362154, 0.033161429749016834], [0.0, 0.0, 0.0, 1.0]]}, "Hobj2base": {"type": "ndarray", "data": [[0.9999963185368833, 0.0024908159960068763, -0.0010764517426422751, -0.7354247267174865], [0.0024902013157465305, -0.9999967358582456, -0.0005719879895754684, 0.0909951436534012], [-0.001077872945785154, 0.0005693053022769162, -0.9999992570404161, 0.0030405584968490953], [0.0, 0.0, 0.0, 1.0]]}, "mean_rme": {"type": "float", "data": 0.0013264954062180607}, "max_rme": {"type": "float", "data": 0.004706803548994332}, "simu": {"type": "float", "data": 0.002}}, {"type": "dict", "image_number": {"type": "int", "data": 17}, "Hcamera2end": {"type": "ndarray", "data": [[0.9999949679341114, 0.002920144382704225, -0.001239702883673287, -0.012730443912896319], [0.0012327757169317863, 0.0023728067275849973, 0.9999964250197423, 0.02704692572802125], [0.0029230755185882936, -0.9999929212474544, 0.0023691949043802563, 0.03244164198568401], [0.0, 0.0, 0.0, 1.0]]}, "Hobj2base": {"type": "ndarray", "data": [[0.9999964548108606, 0.002463441365933237, -0.0010108522874282227, -0.7346513791500737], [0.0024626052202612377, -0.9999966253363908, -0.0008275816335904361, 0.09079517870096683], [-0.0010128875749716667, 0.0008250893695370829, -0.9999991466427827, 0.003249012983475963], [0.0, 0.0, 0.0, 1.0]]}, "mean_rme": {"type": "float", "data": 0.0014213020681994443}, "max_rme": {"type": "float", "data": 0.005038000368313478}, "simu": {"type": "float", "data": 0.002}}, {"type": "dict", "image_number": {"type": "int", "data": 18}, "Hcamera2end": {"type": "ndarray", "data": [[0.9999951445370691, 0.002800396571554166, -0.0013669971939569655, -0.012907627647361839], [0.001359021648009104, 0.002847931842054341, 0.9999950211597972, 0.02707134236034488], [0.0028042757436638013, -0.9999920234998203, 0.0028441122144631237, 0.032683461174891265], [0.0, 0.0, 0.0, 1.0]]}, "Hobj2base": {"type": "ndarray", "data": [[0.9999964945426498, 0.002218743088590296, -0.001445019556612388, -0.7351774071756219], [0.002217589525503596, -0.9999972216112591, -0.0007994163235366915, 0.09071898300247053], [-0.001446789241229075, 0.0007962090609839727, -0.9999986364250817, 0.0032531941664230447], [0.0, 0.0, 0.0, 1.0]]}, "mean_rme": {"type": "float", "data": 0.0014555185632912997}, "max_rme": {"type": "float", "data": 0.004914921429153146}, "simu": {"type": "float", "data": 0.002}}, {"type": "dict", "image_number": {"type": "int", "data": 19}, "Hcamera2end": {"type": "ndarray", "data": [[0.9999954832759553, 0.002750743273386308, -0.0012111313440501092, -0.012369762651132269], [0.0012028621322290561, 0.0030058411363363957, 0.999994759007143, 0.02742655567410221], [0.0027543693251759127, -0.9999916991308013, 0.003002518794862352, 0.03215714511474766], [0.0, 0.0, 0.0, 1.0]]}, "Hobj2base": {"type": "ndarray", "data": [[0.9999964807981508, 0.002098095979128643, -0.0016236947298811475, -0.7350451799636418], [0.002096930417322622, -0.9999975428031582, -0.0007192151770390832, 0.09133219759155045], [-0.001625199722614659, 0.0007158078711081681, -0.9999984231712336, 0.002735110283183482], [0.0, 0.0, 0.0, 1.0]]}, "mean_rme": {"type": "float", "data": 0.0015178703070812655}, "max_rme": {"type": "float", "data": 0.005077640142504364}, "simu": {"type": "float", "data": 0.002}}, {"type": "dict", "image_number": {"type": "int", "data": 20}, "Hcamera2end": {"type": "ndarray", "data": [[0.9999956363233381, 0.002597386053923185, -0.0014074515867228622, -0.012416886252394723], [0.0013993160799866031, 0.003131353774289636, 0.9999941182517269, 0.0274139319434452], [0.0026017780055904625, -0.9999917240703682, 0.0031277055460030567, 0.032225911825813636], [0.0, 0.0, 0.0, 1.0]]}, "Hobj2base": {"type": "ndarray", "data": [[0.9999965196228884, 0.001902001302431894, -0.001828423680625481, -0.7352351092168358], [0.0019006379517587932, -0.9999979147128222, -0.0007470912816718641, 0.0913209348258291], [-0.0018298408364278, 0.0007436135100731757, -0.9999980493588279, 0.002684603375347527], [0.0, 0.0, 0.0, 1.0]]}, "mean_rme": {"type": "float", "data": 0.0015532543432575506}, "max_rme": {"type": "float", "data": 0.005170224010820318}, "simu": {"type": "float", "data": 0.002}}, {"type": "dict", "image_number": {"type": "int", "data": 21}, "Hcamera2end": {"type": "ndarray", "data": [[0.9999959193507595, 0.0025751526186513825, -0.0012368794686860802, -0.012658938908098584], [0.0012287415656967323, 0.0031593507487573946, 0.9999942543319991, 0.027504020896603455], [0.0025790455587549003, -0.9999916935114195, 0.00315617365949461, 0.032094569461881925], [0.0, 0.0, 0.0, 1.0]]}, "Hobj2base": {"type": "ndarray", "data": [[0.9999964982240115, 0.0018430629941957074, -0.0018991204579964145, -0.7350422601949307], [0.0018418930317716433, -0.9999981129861284, -0.000617619819996564, 0.0912300355134372], [-0.001900255186564484, 0.0006141196804922296, -0.999998005941634, 0.0027059758204985534], [0.0, 0.0, 0.0, 1.0]]}, "mean_rme": {"type": "float", "data": 0.0015283483764944302}, "max_rme": {"type": "float", "data": 0.005101656204444277}, "simu": {"type": "float", "data": 0.002}}, {"type": "dict", "image_number": {"type": "int", "data": 22}, "Hcamera2end": {"type": "ndarray", "data": [[0.9999948296380221, 0.0029161237710429214, -0.0013553299874987546, -0.012825958269375763], [0.0013463081584175539, 0.003093516332468904, 0.9999943087893268, 0.02785052517041607], [0.0029202999102204037, -0.9999909631485941, 0.003089574336645806, 0.032151443845026384], [0.0, 0.0, 0.0, 1.0]]}, "Hobj2base": {"type": "ndarray", "data": [[0.9999954880405908, 0.002183009601460822, -0.0020635812415756936, -0.7350557786485458], [0.0021819676536331697, -0.9999974909613172, -0.0005070386862031685, 0.09097402712049019], [-0.002064682934290826, 0.0005025337309454351, -0.9999977422695665, 0.002663583730322494], [0.0, 0.0, 0.0, 1.0]]}, "mean_rme": {"type": "float", "data": 0.0015507366710777754}, "max_rme": {"type": "float", "data": 0.00518179902034735}, "simu": {"type": "float", "data": 0.002}}, {"type": "dict", "image_number": {"type": "int", "data": 23}, "Hcamera2end": {"type": "ndarray", "data": [[0.9999950964582706, 0.002889218581857656, -0.0012080874970117092, -0.012806417587337485], [0.0011994764022557566, 0.0029803013788134436, 0.9999948395167106, 0.027927664618036765], [0.0028928041369265163, -0.9999913850727304, 0.002976821215271319, 0.032292850343029346], [0.0, 0.0, 0.0, 1.0]]}, "Hobj2base": {"type": "ndarray", "data": [[0.9999957145188096, 0.002223751784054994, -0.001904172265916394, -0.7350922231838016], [0.0022229675675508893, -0.9999974435648498, -0.00041385862334002805, 0.09104804865703006], [-0.0019050877168754789, 0.0004096239365665202, -0.9999981014227091, 0.002529721879442996], [0.0, 0.0, 0.0, 1.0]]}, "mean_rme": {"type": "float", "data": 0.0015070307957777197}, "max_rme": {"type": "float", "data": 0.0053429114469871475}, "simu": {"type": "float", "data": 0.002}}, {"type": "dict", "image_number": {"type": "int", "data": 24}, "Hcamera2end": {"type": "ndarray", "data": [[0.9999967625542374, 0.0022712296019368724, -0.0011473435141310536, -0.012771330054978826], [0.0011406053700251792, 0.0029658139146260254, 0.999994951470863, 0.02799022948416881], [0.002274620942927116, -0.9999930227076184, 0.0029632137362838318, 0.03224111060278561], [0.0, 0.0, 0.0, 1.0]]}, "Hobj2base": {"type": "ndarray", "data": [[0.9999972557154639, 0.0017120703870439624, -0.001599179955767173, -0.735068979865753], [0.0017113082890802358, -0.9999984215631978, -0.0004778023154544492, 0.09110032381219924], [-0.001599995462757828, 0.0004750643143149083, -0.9999986071632383, 0.0024087874595975084], [0.0, 0.0, 0.0, 1.0]]}, "mean_rme": {"type": "float", "data": 0.0015091339859127878}, "max_rme": {"type": "float", "data": 0.005281156001785942}, "simu": {"type": "float", "data": 0.002}}, {"type": "dict", "image_number": {"type": "int", "data": 25}, "Hcamera2end": {"type": "ndarray", "data": [[0.9999965763909953, 0.0023320847848919252, -0.0011868390137324107, -0.012813422360050819], [0.001179900016231999, 0.0029745746282913155, 0.9999948798577583, 0.028049950525892542], [0.0023356031855042217, -0.9999928566176544, 0.0029718128176352554, 0.03210757160902518], [0.0, 0.0, 0.0, 1.0]]}, "Hobj2base": {"type": "ndarray", "data": [[0.9999971063034515, 0.0017509168418222833, -0.0016497499617874032, -0.7349998128874563], [0.0017500605021821517, -0.9999983332486677, -0.0005203730632353491, 0.09103478669177424], [-0.0016506583420249062, 0.0005174843951870114, -0.9999985037673498, 0.002241517354329792], [0.0, 0.0, 0.0, 1.0]]}, "mean_rme": {"type": "float", "data": 0.001504121785838216}, "max_rme": {"type": "float", "data": 0.005175764560290591}, "simu": {"type": "float", "data": 0.002}}, {"type": "dict", "image_number": {"type": "int", "data": 26}, "Hcamera2end": {"type": "ndarray", "data": [[0.9999969808418754, 0.0021383792106098314, -0.001210636809918275, -0.012915776498227238], [0.0012043065383937407, 0.002959123959027976, 0.999994896602556, 0.02821439768804065], [0.002141950722000744, -0.9999933354376651, 0.0029565397608999344, 0.03212578571698391], [0.0, 0.0, 0.0, 1.0]]}, "Hobj2base": {"type": "ndarray", "data": [[0.9999974880202639, 0.0015843068089500965, -0.0015855362175758764, -0.7349369307628771], [0.0015833456086845304, -0.9999985620993699, -0.0006073021298516018, 0.09096582922105631], [-0.0015864960906317631, 0.0006047901525134489, -0.9999985586284745, 0.001995847216818778], [0.0, 0.0, 0.0, 1.0]]}, "mean_rme": {"type": "float", "data": 0.0015067793850619651}, "max_rme": {"type": "float", "data": 0.005217946352231356}, "simu": {"type": "float", "data": 0.002}}, {"type": "dict", "image_number": {"type": "int", "data": 27}, "Hcamera2end": {"type": "ndarray", "data": [[0.999997289158693, 0.0020235445920321537, -0.001151929923811778, -0.012897695607821964], [0.0011460357345227624, 0.0029115528329287654, 0.9999951047191162, 0.028382401312676317], [0.002026888591046005, -0.9999937140439359, 0.00290922588575826, 0.03225133119348073], [0.0, 0.0, 0.0, 1.0]]}, "Hobj2base": {"type": "ndarray", "data": [[0.9999977498753669, 0.0015002141545998752, -0.0014998672252497628, -0.7349815330144511], [0.0014993289195138712, -0.9999987012709199, -0.0005911592548082598, 0.09105812810127395], [-0.001500752142810267, 0.0005889091303200106, -0.9999987004636766, 0.0018480736285067646], [0.0, 0.0, 0.0, 1.0]]}, "mean_rme": {"type": "float", "data": 0.001488434608264743}, "max_rme": {"type": "float", "data": 0.005442076803497203}, "simu": {"type": "float", "data": 0.002}}, {"type": "dict", "image_number": {"type": "int", "data": 28}, "Hcamera2end": {"type": "ndarray", "data": [[0.9999956808273508, 0.002670285820004451, -0.0012279659126938004, -0.012997467731767002], [0.001220321821323599, 0.0028623966727354677, 0.9999951587382512, 0.029028870381906696], [0.00267378781799458, -0.9999923381001112, 0.0028591257014947136, 0.03235651990814947], [0.0, 0.0, 0.0, 1.0]]}, "Hobj2base": {"type": "ndarray", "data": [[0.9999961367833687, 0.002122411753842027, -0.0017949336158317184, -0.7349882283584545], [0.0021213938119069007, -0.9999975880555179, -0.0005688334045654405, 0.09053748918775538], [-0.001796136585255315, 0.0005650234459733624, -0.9999982273193653, 0.0014801604064999271], [0.0, 0.0, 0.0, 1.0]]}, "mean_rme": {"type": "float", "data": 0.0015109477471873759}, "max_rme": {"type": "float", "data": 0.005457818309532209}, "simu": {"type": "float", "data": 0.002}}, {"type": "dict", "image_number": {"type": "int", "data": 29}, "Hcamera2end": {"type": "ndarray", "data": [[0.9999959569402204, 0.0026148330321039514, -0.001117475470508339, -0.013014681149753762], [0.0011100152268844268, 0.0028527618363779483, 0.9999953147970754, 0.029009933818722827], [0.002618008672455936, -0.9999925121710261, 0.002849847798009897, 0.03238831815650214], [0.0, 0.0, 0.0, 1.0]]}, "Hobj2base": {"type": "ndarray", "data": [[0.9999963136443428, 0.002040084401885079, -0.0017918575161698736, -0.7350130136094654], [0.002039243760983382, -0.9999978098917157, -0.0004708467420597956, 0.0905885109284854], [-0.0017928141589020382, 0.0004671909720908238, -0.9999982837735206, 0.0015178584519788972], [0.0, 0.0, 0.0, 1.0]]}, "mean_rme": {"type": "float", "data": 0.0014683105739310715}, "max_rme": {"type": "float", "data": 0.005494369916164726}, "simu": {"type": "float", "data": 0.002}}, {"type": "dict", "image_number": {"type": "int", "data": 30}, "Hcamera2end": {"type": "ndarray", "data": [[0.999995553879788, 0.002785656993086264, -0.0010641126692979756, -0.01312930133545962], [0.001056400650258841, 0.002768483062298044, 0.9999956097499629, 0.02900733224629944], [0.002788590741256875, -0.9999922877785863, 0.00276552798343066, 0.03227824446732622], [0.0, 0.0, 0.0, 1.0]]}, "Hobj2base": {"type": "ndarray", "data": [[0.9999959422293835, 0.002224118256121494, -0.001780118746107395, -0.7349413670081334], [0.0022233009646391018, -0.9999974222168071, -0.0004609691543630387, 0.09046388590517059], [-0.0017811394072589379, 0.00045700954413055634, -0.999998309340915, 0.0016426678711877604], [0.0, 0.0, 0.0, 1.0]]}, "mean_rme": {"type": "float", "data": 0.0014829824714914727}, "max_rme": {"type": "float", "data": 0.005329063562013486}, "simu": {"type": "float", "data": 0.002}}]}