{"type": "list", "data": [{"type": "dict", "image_number": {"type": "int", "data": 5}, "Hcamera2end": {"type": "ndarray", "data": [[0.9999873136870233, -0.004785047065966259, 0.0015734641995602257, -0.016614233796348767], [-0.0015766642355123414, -0.0006650587845651312, 0.9999985359122789, 0.020967567181432705], [-0.004783993614049489, -0.9999883304426054, -0.0006725947599954818, 0.03009338956058774], [0.0, 0.0, 0.0, 1.0]]}, "Hobj2base": {"type": "ndarray", "data": [[0.9999876467968338, -0.004463131226192748, 0.0021878558883987836, -0.7303264822456008], [-0.004465083752018516, -0.9999896368615526, 0.0008883673719724852, 0.09220468470644652], [0.002183868315187128, -0.0008981253575689004, -0.9999972120411256, 0.003900231117795627], [0.0, 0.0, 0.0, 1.0]]}, "mean_rme": {"type": "float", "data": 0.0018634976818743662}, "max_rme": {"type": "float", "data": 0.0036791430022229954}, "simu": {"type": "float", "data": 0.002}}, {"type": "dict", "image_number": {"type": "int", "data": 6}, "Hcamera2end": {"type": "ndarray", "data": [[0.9999891215272412, -0.004466297617933863, 0.001344995451517491, -0.01578385984670254], [-0.0013445669289862115, 9.8947055759524e-05, 0.9999990911742139, 0.020481571515111135], [-0.004466426642187357, -0.9999900211477454, 9.294074329457835e-05, 0.03005928977064026], [0.0, 0.0, 0.0, 1.0]]}, "Hobj2base": {"type": "ndarray", "data": [[0.9999903125964613, -0.004256101313472999, 0.0011226374486128165, -0.7307390306643663], [-0.004256973265275011, -0.9999906383789006, 0.0007754567541554902, 0.09302253739187182], [0.0011193265163964878, -0.0007802282795983272, -0.9999990691755576, 0.003937626148341404], [0.0, 0.0, 0.0, 1.0]]}, "mean_rme": {"type": "float", "data": 0.0018043129243115656}, "max_rme": {"type": "float", "data": 0.0039743396889797555}, "simu": {"type": "float", "data": 0.002}}, {"type": "dict", "image_number": {"type": "int", "data": 7}, "Hcamera2end": {"type": "ndarray", "data": [[0.999993473446973, -0.0034053569841164854, 0.0012068998586581756, -0.014826372312099198], [-0.0012058371847790217, 0.00031409537028692647, 0.9999992236500898, 0.019679694143749545], [-0.0034057334220259005, -0.9999941524268575, 0.0003099870142478922, 0.030229563343655022], [0.0, 0.0, 0.0, 1.0]]}, "Hobj2base": {"type": "ndarray", "data": [[0.9999943857103993, -0.0031326520750587137, 0.001189553974259503, -0.7310559135919066], [-0.003133873704915392, -0.9999945625589359, 0.0010264931390945756, 0.09346598699645654], [0.001186331860267657, -0.0010302152879853289, -0.9999987656358273, 0.004904658093723853], [0.0, 0.0, 0.0, 1.0]]}, "mean_rme": {"type": "float", "data": 0.001749485808965499}, "max_rme": {"type": "float", "data": 0.004452094517636507}, "simu": {"type": "float", "data": 0.002}}, {"type": "dict", "image_number": {"type": "int", "data": 8}, "Hcamera2end": {"type": "ndarray", "data": [[0.9999938221216074, -0.003390301738034473, 0.0009282094290101542, -0.014260901453621192], [-0.0009270203335289846, 0.0003522890164935344, 0.9999995082627544, 0.02033098154727284], [-0.0033906270688836802, -0.9999941908564143, 0.0003491439614469183, 0.03355503296209604], [0.0, 0.0, 0.0, 1.0]]}, "Hobj2base": {"type": "ndarray", "data": [[0.9999943391886205, -0.003168986173796272, 0.001130980700360513, -0.734583189757098], [-0.003169867621136967, -0.999994672982075, 0.000778425806792221, 0.09321113476957618], [0.001128507854986999, -0.0007820064593727595, -0.9999990574675148, 0.0045728082295513894], [0.0, 0.0, 0.0, 1.0]]}, "mean_rme": {"type": "float", "data": 0.0017281797869767134}, "max_rme": {"type": "float", "data": 0.0047597907309886445}, "simu": {"type": "float", "data": 0.002}}, {"type": "dict", "image_number": {"type": "int", "data": 9}, "Hcamera2end": {"type": "ndarray", "data": [[0.9999934632195479, -0.003414534238423257, 0.0011893166564977448, -0.015423567882153547], [-0.001186939188100793, 0.0006982209924177862, 0.9999990518309553, 0.02042150294360577], [-0.003415361406723789, -0.9999939267032477, 0.0006941635838036975, 0.034389895474258164], [0.0, 0.0, 0.0, 1.0]]}, "Hobj2base": {"type": "ndarray", "data": [[0.9999943452666481, -0.0032677892065327008, 0.0007943478013414721, -0.7353661772124758], [-0.0032685913067054618, -0.9999941475152587, 0.0010105672170268908, 0.0920477126329348], [0.0007910408317888095, -0.0010131579008567097, -0.9999991738823937, 0.004550481016611806], [0.0, 0.0, 0.0, 1.0]]}, "mean_rme": {"type": "float", "data": 0.0016737586039788797}, "max_rme": {"type": "float", "data": 0.004592908608027968}, "simu": {"type": "float", "data": 0.002}}, {"type": "dict", "image_number": {"type": "int", "data": 10}, "Hcamera2end": {"type": "ndarray", "data": [[0.9999946303511673, -0.0031042903848711107, 0.0010500714445317578, -0.01565494296272495], [-0.0010476292573291862, 0.0007882349416148404, 0.9999991405789389, 0.020425908885075506], [-0.0031051154199823456, -0.9999948710202885, 0.0007849785636395712, 0.03403029600044538], [0.0, 0.0, 0.0, 1.0]]}, "Hobj2base": {"type": "ndarray", "data": [[0.9999952706058941, -0.003001339694246454, 0.0006713612174808504, -0.7350276088819918], [-0.003001920183650546, -0.9999951198403825, 0.0008653153356442612, 0.09177789129071574], [0.0006687608358660388, -0.000867326616016289, -0.9999994002515629, 0.004636300859466464], [0.0, 0.0, 0.0, 1.0]]}, "mean_rme": {"type": "float", "data": 0.0015848978232810352}, "max_rme": {"type": "float", "data": 0.004520030228440219}, "simu": {"type": "float", "data": 0.002}}, {"type": "dict", "image_number": {"type": "int", "data": 11}, "Hcamera2end": {"type": "ndarray", "data": [[0.9999950708537412, -0.003087103557236527, 0.0005727650897675762, -0.01573376066237718], [-0.000570971046225258, 0.0005819913533935406, 0.9999996676390094, 0.02048273843985398], [-0.003087435875533501, -0.9999950655266713, 0.0005802258379251635, 0.033905072533167456], [0.0, 0.0, 0.0, 1.0]]}, "Hobj2base": {"type": "ndarray", "data": [[0.9999955512271446, -0.0029361524642935962, 0.0005258655966125501, -0.7350630864312975], [-0.0029363407851663134, -0.9999956249662278, 0.0003577026657404128, 0.09133898276287217], [0.0005248130263693072, -0.0003592451950013523, -0.9999997977570683, 0.0046740616204231445], [0.0, 0.0, 0.0, 1.0]]}, "mean_rme": {"type": "float", "data": 0.0015359176710840064}, "max_rme": {"type": "float", "data": 0.004743005613019546}, "simu": {"type": "float", "data": 0.002}}, {"type": "dict", "image_number": {"type": "int", "data": 12}, "Hcamera2end": {"type": "ndarray", "data": [[0.9999955781202116, -0.002940239474701045, 0.00044579351188231073, -0.015615084414297892], [-0.0004442403919903066, 0.0005288609827670543, 0.9999997614782392, 0.020468195067556164], [-0.002940474536184753, -0.99999553763899, 0.0005275524710706136, 0.03396286922215032], [0.0, 0.0, 0.0, 1.0]]}, "Hobj2base": {"type": "ndarray", "data": [[0.9999959315787053, -0.0028105800164974666, 0.0004873048412985492, -0.7350490310545198], [-0.0028106917527997207, -0.9999960238321302, 0.00022876144988624768, 0.09136618578270665], [0.000486659951333101, -0.00023013018288683073, -0.9999998551010849, 0.004718990412354777], [0.0, 0.0, 0.0, 1.0]]}, "mean_rme": {"type": "float", "data": 0.001431365013110105}, "max_rme": {"type": "float", "data": 0.004716544145697332}, "simu": {"type": "float", "data": 0.002}}, {"type": "dict", "image_number": {"type": "int", "data": 13}, "Hcamera2end": {"type": "ndarray", "data": [[0.9999967669693485, -0.0025220155239531012, 0.000324790005119415, -0.015671868977259824], [-0.0003232754838416493, 0.0006009046387167594, 0.9999997672032616, 0.02013009774461043], [-0.002522210104656797, -0.9999966391700087, 0.0006000873901849113, 0.033856601802973986], [0.0, 0.0, 0.0, 1.0]]}, "Hobj2base": {"type": "ndarray", "data": [[0.999997106954886, -0.002368520429870437, 0.00041975329858064483, -0.7352078116204888], [-0.0023686385955970805, -0.9999971552238267, 0.00028123914502031506, 0.09115978355869511], [0.0004190859838158026, -0.00028223257524642796, -0.9999998723558474, 0.005031370475453758], [0.0, 0.0, 0.0, 1.0]]}, "mean_rme": {"type": "float", "data": 0.0014067914732205891}, "max_rme": {"type": "float", "data": 0.0051072334649087114}, "simu": {"type": "float", "data": 0.002}}, {"type": "dict", "image_number": {"type": "int", "data": 14}, "Hcamera2end": {"type": "ndarray", "data": [[0.9999972196875456, -0.002328989414108711, 0.00036935821052503704, -0.0157906880761308], [-0.0003679212593677163, 0.00061738309875492, 0.9999997417359947, 0.020238764860463533], [-0.002329216848131141, -0.9999970973189962, 0.0006165244975187001, 0.03423588441381378], [0.0, 0.0, 0.0, 1.0]]}, "Hobj2base": {"type": "ndarray", "data": [[0.999997510534008, -0.0021988179885260987, 0.00037963830142366626, -0.7355681964863978], [-0.0021989387008573926, -0.9999975318192873, 0.000317842609343106, 0.09093006164318315], [0.000378938486360789, -0.00031867661943806746, -0.9999998774254109, 0.004887948026731616], [0.0, 0.0, 0.0, 1.0]]}, "mean_rme": {"type": "float", "data": 0.0013616896132766627}, "max_rme": {"type": "float", "data": 0.005080539627467406}, "simu": {"type": "float", "data": 0.002}}, {"type": "dict", "image_number": {"type": "int", "data": 15}, "Hcamera2end": {"type": "ndarray", "data": [[0.9999977575459752, -0.002117382262229143, 3.994216649803677e-05, -0.01575962181553112], [-3.889030342591588e-05, 0.0004968140807874999, 0.999999875831649, 0.019955943099531075], [-0.002117401843148012, -0.9999976349312655, 0.0004967306210661437, 0.034730591990862175], [0.0, 0.0, 0.0, 1.0]]}, "Hobj2base": {"type": "ndarray", "data": [[0.999998001105914, -0.0019706070373506674, 0.0003383667843892427, -0.7360273803896994], [-0.001970598562077826, -0.9999980580467174, -2.537915730383496e-05, 0.09097409203123914], [0.0003384161396427399, 2.4712321474815175e-05, -0.9999999424319073, 0.005181742412231357], [0.0, 0.0, 0.0, 1.0]]}, "mean_rme": {"type": "float", "data": 0.0013617037596208596}, "max_rme": {"type": "float", "data": 0.005322610231543845}, "simu": {"type": "float", "data": 0.002}}, {"type": "dict", "image_number": {"type": "int", "data": 16}, "Hcamera2end": {"type": "ndarray", "data": [[0.9999979005831262, -0.0020440613423977584, -0.00014367521922489508, -0.015763604582103075], [0.00014478989916369867, 0.0005451885418876756, 0.9999998409026571, 0.019924157715289527], [-0.0020439826871097547, -0.9999977622888379, 0.0005454833567453132, 0.034787848728169465], [0.0, 0.0, 0.0, 1.0]]}, "Hobj2base": {"type": "ndarray", "data": [[0.9999981582696503, -0.0019054325546586435, 0.00022974787686540142, -0.7361258387855737], [-0.0019053958644599822, -0.9999981719618629, -0.00015981092481322028, 0.0909098572594145], [0.00023005196581624986, 0.00015937286983014207, -0.9999999608381895, 0.005376560557627013], [0.0, 0.0, 0.0, 1.0]]}, "mean_rme": {"type": "float", "data": 0.001326412001474325}, "max_rme": {"type": "float", "data": 0.005363002288903185}, "simu": {"type": "float", "data": 0.002}}, {"type": "dict", "image_number": {"type": "int", "data": 17}, "Hcamera2end": {"type": "ndarray", "data": [[0.9999978107253306, -0.0020915542498742704, -6.281214691729168e-05, -0.01575635072918377], [6.391352582662537e-05, 0.0005265212795542151, 0.9999998593451919, 0.019827731434304687], [-0.0020915208837551423, -0.9999976740853761, 0.0005266538054610193, 0.034434494358783006], [0.0, 0.0, 0.0, 1.0]]}, "Hobj2base": {"type": "ndarray", "data": [[0.9999980859185202, -0.0019505981715806078, 0.00015272874243821977, -0.7359965100847103], [-0.0019505813886833362, -0.9999980915688209, -0.00010995891372709698, 0.09123037051642904], [0.00015294293662199078, 0.00010966079341425967, -0.9999999822914845, 0.005657876479519659], [0.0, 0.0, 0.0, 1.0]]}, "mean_rme": {"type": "float", "data": 0.001471641239942964}, "max_rme": {"type": "float", "data": 0.005595500934239328}, "simu": {"type": "float", "data": 0.002}}, {"type": "dict", "image_number": {"type": "int", "data": 18}, "Hcamera2end": {"type": "ndarray", "data": [[0.9999953210200098, -0.003055958317680722, 0.0001380465439048545, -0.015281243197337094], [-0.00013618631767922185, 0.0006089207941751829, 0.9999998053343577, 0.021575463184821446], [-0.003056041782201781, -0.9999951451553288, 0.0006085017653367775, 0.034233365767848876], [0.0, 0.0, 0.0, 1.0]]}, "Hobj2base": {"type": "ndarray", "data": [[0.999995690990016, -0.0029243046911342995, 0.00025776631641404003, -0.7358673224841206], [-0.0029243309949002817, -0.9999957189607358, 0.00010172724697319463, 0.09152896418564503], [0.00025746773144077865, -0.00010248060265800264, -0.9999999616040456, 0.0037050638703041675], [0.0, 0.0, 0.0, 1.0]]}, "mean_rme": {"type": "float", "data": 0.0015769748050858952}, "max_rme": {"type": "float", "data": 0.004702773289275597}, "simu": {"type": "float", "data": 0.002}}, {"type": "dict", "image_number": {"type": "int", "data": 19}, "Hcamera2end": {"type": "ndarray", "data": [[0.9999955571981859, -0.0029790836526687975, 0.00010317208970488166, -0.014959844644668072], [-0.00010132273768619082, 0.0006209230665650267, 0.9999998020941047, 0.021613579988934713], [-0.002979147125020903, -0.9999953697468483, 0.0006206184590153985, 0.034015061440757145], [0.0, 0.0, 0.0, 1.0]]}, "Hobj2base": {"type": "ndarray", "data": [[0.9999958654622267, -0.002865090997889421, 0.0002455850687656796, -0.7355308326061997], [-0.002865111129774031, -0.9999958922262784, 8.16626191120112e-05, 0.0916985331482678], [0.0002453500891229058, -8.236590998865468e-05, -0.9999999665095947, 0.0037155295545292337], [0.0, 0.0, 0.0, 1.0]]}, "mean_rme": {"type": "float", "data": 0.0015927401803981828}, "max_rme": {"type": "float", "data": 0.004655643463724213}, "simu": {"type": "float", "data": 0.002}}, {"type": "dict", "image_number": {"type": "int", "data": 20}, "Hcamera2end": {"type": "ndarray", "data": [[0.9999939024641812, -0.0034905024638545988, -0.0001068971818715366, -0.014809625433704322], [0.00010926985216494229, 0.0006795667278418627, 0.9999997631245529, 0.023163173278814557], [-0.003490428993272167, -0.9999936772708177, 0.0006799439908476979, 0.03394205596730665], [0.0, 0.0, 0.0, 1.0]]}, "Hobj2base": {"type": "ndarray", "data": [[0.9999941751262182, -0.0033999693709934734, 0.00029986982275167167, -0.7354827979742928], [-0.0034000714127282576, -0.9999941617918233, 0.00034043597985438506, 0.09173931531909704], [0.0002987106001449316, -0.00034145357566964945, -0.9999998970907109, 0.0022593224191583576], [0.0, 0.0, 0.0, 1.0]]}, "mean_rme": {"type": "float", "data": 0.0015220407607522024}, "max_rme": {"type": "float", "data": 0.004740648947895776}, "simu": {"type": "float", "data": 0.002}}, {"type": "dict", "image_number": {"type": "int", "data": 21}, "Hcamera2end": {"type": "ndarray", "data": [[0.9999934611489195, -0.003615630854920817, -6.980634222666991e-05, -0.01476932977302504], [7.245525503993158e-05, 0.0007325023090792859, 0.9999997290952648, 0.023141796805394396], [-0.003615578742122429, -0.999993195303792, 0.0007327594908115298, 0.03407666347530429], [0.0, 0.0, 0.0, 1.0]]}, "Hobj2base": {"type": "ndarray", "data": [[0.9999937711271898, -0.003522501921463131, 0.00022290588778389555, -0.7356242606168107], [-0.0035225757282962207, -0.9999937407344641, 0.00033159030712680797, 0.09167359123131706], [0.00022173646506276165, -0.00033237344456296165, -0.9999999201804135, 0.002233758144878166], [0.0, 0.0, 0.0, 1.0]]}, "mean_rme": {"type": "float", "data": 0.001519831177873622}, "max_rme": {"type": "float", "data": 0.004961703912502599}, "simu": {"type": "float", "data": 0.002}}, {"type": "dict", "image_number": {"type": "int", "data": 22}, "Hcamera2end": {"type": "ndarray", "data": [[0.9999928382934589, -0.0037831628276372696, -0.00010507526752468735, -0.014617164106387946], [0.00010759168844224265, 0.0006649658847158735, 0.9999997731221747, 0.023142549259558724], [-0.003783092097853283, -0.9999926227224839, 0.000665368159301627, 0.03416355464663804], [0.0, 0.0, 0.0, 1.0]]}, "Hobj2base": {"type": "ndarray", "data": [[0.9999932103349934, -0.0036778302585200556, 0.00022988802310738244, -0.7355438396725357], [-0.0036778894812296245, -0.9999932033300958, 0.0002577257809749024, 0.09183204334146623], [0.0002289385889587042, -0.0002585695338452333, -0.9999999403644577, 0.0022946828533260033], [0.0, 0.0, 0.0, 1.0]]}, "mean_rme": {"type": "float", "data": 0.0015173344253758471}, "max_rme": {"type": "float", "data": 0.004968606962873656}, "simu": {"type": "float", "data": 0.002}}, {"type": "dict", "image_number": {"type": "int", "data": 23}, "Hcamera2end": {"type": "ndarray", "data": [[0.9999924682966276, -0.003876222357699137, -0.00019557671627388681, -0.014618138760964634], [0.00019818988638712915, 0.0006737811714383479, 0.9999997533698207, 0.02325850470239593], [-0.0038760896257967244, -0.9999922604296331, 0.0006745443247871963, 0.033902015744806016], [0.0, 0.0, 0.0, 1.0]]}, "Hobj2base": {"type": "ndarray", "data": [[0.9999929809040164, -0.003740858553342525, 0.00021004757409487672, -0.7353837827197216], [-0.0037408946480526704, -0.9999929880866101, 0.00017171151764773502, 0.09160033742830849], [0.00020940375275997945, -0.00017249607823387913, -0.9999999631975851, 0.002301391722549137], [0.0, 0.0, 0.0, 1.0]]}, "mean_rme": {"type": "float", "data": 0.0015741765923812823}, "max_rme": {"type": "float", "data": 0.005074615171130748}, "simu": {"type": "float", "data": 0.002}}, {"type": "dict", "image_number": {"type": "int", "data": 24}, "Hcamera2end": {"type": "ndarray", "data": [[0.9999929086682411, -0.0037535681266956983, -0.0003055152191097181, -0.014639124072703222], [0.0003082854326796852, 0.0007374649715323756, 0.9999996805527028, 0.023287396290681987], [-0.003753341620856142, -0.9999926834091007, 0.0007386169122975961, 0.03381629229832966], [0.0, 0.0, 0.0, 1.0]]}, "Hobj2base": {"type": "ndarray", "data": [[0.9999934219596568, -0.0036263881267108887, 7.31202452266554e-05, -0.7354242818606819], [-0.003626399288606531, -0.9999934128724606, 0.00015310090774881192, 0.09148634991672668], [7.256456026022544e-05, -0.00015336506385013685, -0.9999999856067707, 0.0023092119278002566], [0.0, 0.0, 0.0, 1.0]]}, "mean_rme": {"type": "float", "data": 0.0015430872121990629}, "max_rme": {"type": "float", "data": 0.005071141609092212}, "simu": {"type": "float", "data": 0.002}}, {"type": "dict", "image_number": {"type": "int", "data": 25}, "Hcamera2end": {"type": "ndarray", "data": [[0.9999928956572967, -0.003761222121157884, -0.000248682710261427, -0.014757247885697884], [0.00025139157507942105, 0.0007197530566771526, 0.9999997093788642, 0.02321268777633698], [-0.003761042037926387, -0.9999926675549637, 0.0007206934828579703, 0.03403407967666422], [0.0, 0.0, 0.0, 1.0]]}, "Hobj2base": {"type": "ndarray", "data": [[0.999993353733065, -0.003645597656720472, 4.590667135599001e-05, -0.7354934200702842], [-0.003645607283903108, -0.9999933324056385, 0.00021140434671411353, 0.09128338970924117], [4.513567007792543e-05, -0.0002115702993598692, -0.9999999766003898, 0.002238123975986395], [0.0, 0.0, 0.0, 1.0]]}, "mean_rme": {"type": "float", "data": 0.0016037443104465303}, "max_rme": {"type": "float", "data": 0.005271995796354387}, "simu": {"type": "float", "data": 0.002}}, {"type": "dict", "image_number": {"type": "int", "data": 26}, "Hcamera2end": {"type": "ndarray", "data": [[0.9999956805539467, -0.0029161556257164324, -0.00036730071538686507, -0.014898202018285884], [0.000369467944128816, 0.000742676142224008, 0.9999996559627339, 0.02389648306225693], [-0.0029158818369718837, -0.9999954722240069, 0.0007437503602982787, 0.03404136497086449], [0.0, 0.0, 0.0, 1.0]]}, "Hobj2base": {"type": "ndarray", "data": [[0.9999959934352837, -0.0028252136232100886, 0.00017686538216184073, -0.7355477673144827], [-0.0028252464502468684, -0.9999959917538248, 0.00018563076242344387, 0.0911108662100047], [0.00017634022668296353, -0.00018612970697490515, -0.9999999671299278, 0.0014660523297774252], [0.0, 0.0, 0.0, 1.0]]}, "mean_rme": {"type": "float", "data": 0.0016192193618200393}, "max_rme": {"type": "float", "data": 0.005144199987302561}, "simu": {"type": "float", "data": 0.002}}, {"type": "dict", "image_number": {"type": "int", "data": 27}, "Hcamera2end": {"type": "ndarray", "data": [[0.9999960231067537, -0.002785725694738085, -0.00043988979362837304, -0.014677367772388782], [0.0004416119514066175, 0.0006176230242658232, 0.9999997117603007, 0.023887630000465822], [-0.0027854532057166636, -0.9999959291287909, 0.0006188507778051022, 0.03404117263441821], [0.0, 0.0, 0.0, 1.0]]}, "Hobj2base": {"type": "ndarray", "data": [[0.9999963211954581, -0.0026994002741908708, 0.0002661460312185504, -0.7354237298631027], [-0.0026994227742747033, -0.9999963530054057, 8.421742445851002e-05, 0.09123941618055563], [0.0002659177240467382, -8.493555529702059e-05, -0.9999999610368575, 0.0014238583124983441], [0.0, 0.0, 0.0, 1.0]]}, "mean_rme": {"type": "float", "data": 0.0016061062584166157}, "max_rme": {"type": "float", "data": 0.005116257203113178}, "simu": {"type": "float", "data": 0.002}}, {"type": "dict", "image_number": {"type": "int", "data": 28}, "Hcamera2end": {"type": "ndarray", "data": [[0.9999956297055362, -0.0029308182462763344, -0.0003884253278145086, -0.014747697216702776], [0.0003901081066646716, 0.0005736170860146661, 0.9999997593895229, 0.02385019229774079], [-0.0029305947336860827, -0.99999554062398, 0.0005747579150962023, 0.03401923477214582], [0.0, 0.0, 0.0, 1.0]]}, "Hobj2base": {"type": "ndarray", "data": [[0.9999959249437365, -0.0028402545553384583, 0.0002881839374556344, -0.7354507072363059], [-0.0028402793321690525, -0.9999959627345758, 8.560294595789133e-05, 0.09121848599081697], [0.00028793963982338055, -8.642112000248857e-05, -0.9999999548110758, 0.0013839723492624733], [0.0, 0.0, 0.0, 1.0]]}, "mean_rme": {"type": "float", "data": 0.00161025164928255}, "max_rme": {"type": "float", "data": 0.005101311758436422}, "simu": {"type": "float", "data": 0.002}}, {"type": "dict", "image_number": {"type": "int", "data": 29}, "Hcamera2end": {"type": "ndarray", "data": [[0.999996260549606, -0.002717410298687706, -0.00030751922385791985, -0.014707717237681873], [0.00030900169831915266, 0.0005451437868123632, 0.9999998036680817, 0.023922359091248666], [-0.002717242122979118, -0.9999961592423843, 0.0005459814326714829, 0.033989261814477555], [0.0, 0.0, 0.0, 1.0]]}, "Hobj2base": {"type": "ndarray", "data": [[0.9999964394486304, -0.0026582631688045802, 0.00023393799849984943, -0.735574511212436], [-0.00265828484306163, -0.9999964624868674, 9.23874629931915e-05, 0.0911485903043969], [0.00023369158075097355, -9.300900787851192e-05, -0.9999999683687837, 0.0013823783776597408], [0.0, 0.0, 0.0, 1.0]]}, "mean_rme": {"type": "float", "data": 0.0016500811731157972}, "max_rme": {"type": "float", "data": 0.005194683950074594}, "simu": {"type": "float", "data": 0.002}}, {"type": "dict", "image_number": {"type": "int", "data": 30}, "Hcamera2end": {"type": "ndarray", "data": [[0.9999962911668473, -0.0026928903091376017, -0.0004074240210062744, -0.014790451969391386], [0.00040870350037133666, 0.00047459915481218307, 0.9999998038585262, 0.023919359732626627], [-0.002692696417854108, -0.9999962615417245, 0.00047569798829849574, 0.034203002003899065], [0.0, 0.0, 0.0, 1.0]]}, "Hobj2base": {"type": "ndarray", "data": [[0.9999965187636246, -0.00262365091672988, 0.00028092080535832407, -0.735784828242601], [-0.002623645334768748, -0.9999965580318895, -2.0236905949348127e-05, 0.09106843111546659], [0.0002809729330147161, 1.949979893947716e-05, -0.9999999603369842, 0.001410673736668853], [0.0, 0.0, 0.0, 1.0]]}, "mean_rme": {"type": "float", "data": 0.0016354622398584543}, "max_rme": {"type": "float", "data": 0.005235841791377552}, "simu": {"type": "float", "data": 0.002}}]}