{"type": "list", "data": [{"type": "dict", "image_number": {"type": "int", "data": 5}, "Hcamera2end": {"type": "ndarray", "data": [[0.9999931616663872, -0.0024056714695817666, -0.002808801389058588, -0.020149887329315736], [0.0028126395114655544, 0.001593553071838505, 0.9999947748101419, 0.03027242034745815], [-0.0024011829254098824, -0.9999958366580275, 0.0016003084612179475, 0.03699519766097126], [0.0, 0.0, 0.0, 1.0]]}, "Hobj2base": {"type": "ndarray", "data": [[0.999997053342973, -0.0022575833975208293, -0.0008925371557733793, -0.7374332967722179], [-0.0022603967495242287, -0.9999924406430383, -0.003163741979749841, 0.08463413931772433], [-0.0008853879973988942, 0.003165750145373045, -0.9999945970424597, -0.005711455436074852], [0.0, 0.0, 0.0, 1.0]]}, "mean_rme": {"type": "float", "data": 0.001461332739940716}, "max_rme": {"type": "float", "data": 0.0038868213129289175}, "simu": {"type": "float", "data": 0.002}}, {"type": "dict", "image_number": {"type": "int", "data": 6}, "Hcamera2end": {"type": "ndarray", "data": [[0.9999954628688806, -0.0021658376051844675, -0.0020936544894411798, -0.01899474375682808], [0.002093609870904804, -2.28680630123268e-05, 0.9999978081349783, 0.03034547914303861], [-0.002165880735783567, -0.999997654309509, -1.8333540267923e-05, 0.03700599859087672], [0.0, 0.0, 0.0, 1.0]]}, "Hobj2base": {"type": "ndarray", "data": [[0.9999973446410187, -0.002146467442348162, 0.0008386825565039257, -0.7361928557128096], [-0.0021441174072679673, -0.9999938009960319, -0.0027929787060088423, 0.0859575035396075], [0.0008446723953670497, 0.002791173055779179, -0.9999957479317185, -0.006070052388180554], [0.0, 0.0, 0.0, 1.0]]}, "mean_rme": {"type": "float", "data": 0.001417058863868056}, "max_rme": {"type": "float", "data": 0.004107130350432642}, "simu": {"type": "float", "data": 0.002}}, {"type": "dict", "image_number": {"type": "int", "data": 7}, "Hcamera2end": {"type": "ndarray", "data": [[0.999995040066739, -0.0029104443608362336, -0.0012038087653657463, -0.015707081162181974], [0.001206054827649463, 0.0007700929897045405, 0.9999989761937459, 0.030349073809273857], [-0.002909514336413941, -0.999995468124936, 0.0007735993255666429, 0.03443024476704792], [0.0, 0.0, 0.0, 1.0]]}, "Hobj2base": {"type": "ndarray", "data": [[0.9999959902789836, -0.0028298379563984574, 0.00010697240534811956, -0.7336774806162119], [-0.0028296373574122837, -0.9999943201835866, -0.0018310524274505655, 0.0897483328693427], [0.00011215337942385102, 0.0018307423923267798, -0.9999983179005416, -0.005709039481377258], [0.0, 0.0, 0.0, 1.0]]}, "mean_rme": {"type": "float", "data": 0.001476476197484679}, "max_rme": {"type": "float", "data": 0.004325261330593522}, "simu": {"type": "float", "data": 0.002}}, {"type": "dict", "image_number": {"type": "int", "data": 8}, "Hcamera2end": {"type": "ndarray", "data": [[0.9999958703803118, -0.0028367621267435692, -0.00046043779046145514, -0.01456635518962749], [0.00046183843139014323, 0.0004931110658162874, 0.9999997717733441, 0.030386300550129672], [-0.0028365344323492384, -0.9999958548024653, 0.0004944191552259669, 0.03355345463425726], [0.0, 0.0, 0.0, 1.0]]}, "Hobj2base": {"type": "ndarray", "data": [[0.9999959441004153, -0.002846011321367721, 0.00010955490769112104, -0.7332406913236312], [-0.002845900506367512, -0.9999954517075054, -0.0009987064684183983, 0.09162032031704508], [0.00011239673931919857, 0.0009983906353979745, -0.9999994952914286, -0.0054519442514436856], [0.0, 0.0, 0.0, 1.0]]}, "mean_rme": {"type": "float", "data": 0.0014816481888261135}, "max_rme": {"type": "float", "data": 0.003961325722581788}, "simu": {"type": "float", "data": 0.002}}, {"type": "dict", "image_number": {"type": "int", "data": 9}, "Hcamera2end": {"type": "ndarray", "data": [[0.9999958316480922, -0.002818610589490681, -0.0006261954847552203, -0.014284754105891138], [0.0006285757622384431, 0.0008436794837496375, 0.999999446548567, 0.03011990869235436], [-0.0028180807212433057, -0.9999956718102704, 0.0008454476772964403, 0.03341754929508485], [0.0, 0.0, 0.0, 1.0]]}, "Hobj2base": {"type": "ndarray", "data": [[0.9999960388849205, -0.0028088759722526844, -0.00018008398337999768, -0.733155197318286], [-0.0028090703175132894, -0.9999954624854177, -0.001088178536581798, 0.09178408888401485], [-0.0001770266077013713, 0.0010886800947537598, -0.9999993917184309, -0.005741416888401487], [0.0, 0.0, 0.0, 1.0]]}, "mean_rme": {"type": "float", "data": 0.0015322165975722901}, "max_rme": {"type": "float", "data": 0.004778263238939262}, "simu": {"type": "float", "data": 0.002}}, {"type": "dict", "image_number": {"type": "int", "data": 10}, "Hcamera2end": {"type": "ndarray", "data": [[0.9999957998352015, -0.002806803307790178, -0.0007226113388025101, -0.01467044012617641], [0.0007244596693111039, 0.0006575571233354838, 0.9999995213882938, 0.02989224927661834], [-0.0028063268061880257, -0.9999958447282772, 0.0006595877772833658, 0.03322739029666056], [0.0, 0.0, 0.0, 1.0]]}, "Hobj2base": {"type": "ndarray", "data": [[0.9999959656153912, -0.002840166218051592, 4.6997820624588794e-05, -0.7326684355561646], [-0.002840112223398542, -0.9999953490323179, -0.0011116097747654468, 0.09149763743380283], [5.015475856918869e-05, 0.0011114718110192517, -0.9999993810572654, -0.005758387004484439], [0.0, 0.0, 0.0, 1.0]]}, "mean_rme": {"type": "float", "data": 0.0014989876772388922}, "max_rme": {"type": "float", "data": 0.004617630124783778}, "simu": {"type": "float", "data": 0.002}}, {"type": "dict", "image_number": {"type": "int", "data": 11}, "Hcamera2end": {"type": "ndarray", "data": [[0.9999971141681296, -0.0023207877841373075, -0.0006209665640900763, -0.01436623639872335], [0.0006224255435055566, 0.0006279875912186261, 0.9999996091089376, 0.029804968928540152], [-0.002320396917665295, -0.9999971097836464, 0.0006294302965499377, 0.033269341411512436], [0.0, 0.0, 0.0, 1.0]]}, "Hobj2base": {"type": "ndarray", "data": [[0.9999971620817679, -0.00238229268558939, -2.2582529910956876e-05, -0.7330486415059467], [-0.0023823146106015216, -0.9999966355022387, -0.0010264313414725843, 0.09155908224094787], [-2.0137194055035703e-05, 0.0010264822272353176, -0.9999994729642263, -0.005643069922138422], [0.0, 0.0, 0.0, 1.0]]}, "mean_rme": {"type": "float", "data": 0.0014737760836156873}, "max_rme": {"type": "float", "data": 0.004641540615194395}, "simu": {"type": "float", "data": 0.002}}, {"type": "dict", "image_number": {"type": "int", "data": 12}, "Hcamera2end": {"type": "ndarray", "data": [[0.9999963422304282, -0.0025976970738833915, -0.0007533230892096792, -0.014266038424119262], [0.0007537875839946686, 0.00017783579848207332, 0.9999997000893089, 0.029643832538373178], [-0.002597562326993181, -0.9999966101664254, 0.0001797932598009977, 0.03398824676937649], [0.0, 0.0, 0.0, 1.0]]}, "Hobj2base": {"type": "ndarray", "data": [[0.9999963616758494, -0.0026613289969631055, 0.00044041234514322606, -0.7334255762926172], [-0.002660905089185151, -0.999995998669442, -0.0009603276584475777, 0.0914268296377266], [0.0004429663307518636, 0.0009591522690137338, -0.9999994419037217, -0.0056113850958075156], [0.0, 0.0, 0.0, 1.0]]}, "mean_rme": {"type": "float", "data": 0.0014672514152403175}, "max_rme": {"type": "float", "data": 0.004741245957123108}, "simu": {"type": "float", "data": 0.002}}, {"type": "dict", "image_number": {"type": "int", "data": 13}, "Hcamera2end": {"type": "ndarray", "data": [[0.9999960266571727, -0.0027307440132919815, -0.0006997906837320972, -0.014541129524095402], [0.000700308909901835, 0.00018882314679513623, 0.9999997369565903, 0.029613895139704024], [-0.0027306111583087654, -0.9999962536844591, 0.0001907347608991472, 0.034136279048238696], [0.0, 0.0, 0.0, 1.0]]}, "Hobj2base": {"type": "ndarray", "data": [[0.9999960404811267, -0.0027845053570750033, 0.00040688079972702113, -0.7337251382407671], [-0.002784137340316561, -0.9999957172373535, -0.0009022672672206915, 0.09144418535693041], [0.0004093914251922198, 0.0009011308826488403, -0.9999995101807768, -0.005878596987842979], [0.0, 0.0, 0.0, 1.0]]}, "mean_rme": {"type": "float", "data": 0.001585493966149232}, "max_rme": {"type": "float", "data": 0.004884266914762403}, "simu": {"type": "float", "data": 0.002}}, {"type": "dict", "image_number": {"type": "int", "data": 14}, "Hcamera2end": {"type": "ndarray", "data": [[0.9999959988553979, -0.0027719293817469928, -0.0005645181108851478, -0.014373097087622385], [0.0005652552933592156, 0.00026516939548892893, 0.9999998050858036, 0.029505350980626812], [-0.0027717791485323984, -0.9999961230388318, 0.00026673518226372206, 0.03435499132976366], [0.0, 0.0, 0.0, 1.0]]}, "Hobj2base": {"type": "ndarray", "data": [[0.999995989337155, -0.002819982008025734, 0.00026269959880966524, -0.7340724326111449], [-0.00281976866600505, -0.999995697222803, -0.0008089749995360301, 0.09154642901548701], [0.00026497976341545616, 0.0008082310029127613, -0.9999996382741199, -0.0057197113146088595], [0.0, 0.0, 0.0, 1.0]]}, "mean_rme": {"type": "float", "data": 0.001531153774054222}, "max_rme": {"type": "float", "data": 0.00496031100271177}, "simu": {"type": "float", "data": 0.002}}, {"type": "dict", "image_number": {"type": "int", "data": 15}, "Hcamera2end": {"type": "ndarray", "data": [[0.9999961174019929, -0.0027308242083604484, -0.0005547793098723453, -0.014453914735933136], [0.0005554232422364835, 0.00023504873566093654, 0.9999998181285406, 0.029551692930933644], [-0.0027306933115261076, -0.9999962436685625, 0.00023656458629706112, 0.034511264939678946], [0.0, 0.0, 0.0, 1.0]]}, "Hobj2base": {"type": "ndarray", "data": [[0.9999960769330328, -0.002784825936600064, 0.00030143497926925233, -0.7342083762200369], [-0.0027845742416252816, -0.9999957767750147, -0.0008322129705696566, 0.09160917098969869], [0.00030375127450673375, 0.000831370337663644, -0.999999608279186, -0.005862014674866234], [0.0, 0.0, 0.0, 1.0]]}, "mean_rme": {"type": "float", "data": 0.0015203052221941379}, "max_rme": {"type": "float", "data": 0.005008756318203633}, "simu": {"type": "float", "data": 0.002}}, {"type": "dict", "image_number": {"type": "int", "data": 16}, "Hcamera2end": {"type": "ndarray", "data": [[0.9999991089774434, -0.0012790847938302858, -0.00038208167903906265, -0.014353978938464719], [0.00038257392059840365, 0.00038461633006414697, 0.9999998528537261, 0.02946737119323796], [-0.0012789376507645479, -0.9999991080057865, 0.00038510533184665796, 0.034391533090539196], [0.0, 0.0, 0.0, 1.0]]}, "Hobj2base": {"type": "ndarray", "data": [[0.9999990754254672, -0.0012901545376631525, 0.0004297085987043411, -0.734339363550774], [-0.0012898325711392228, -0.9999988878869881, -0.0007487033622280168, 0.09141390115053818], [0.00043067406385995945, 0.000748148417849248, -0.9999996273968279, -0.005645258068451141], [0.0, 0.0, 0.0, 1.0]]}, "mean_rme": {"type": "float", "data": 0.0014770597760116549}, "max_rme": {"type": "float", "data": 0.0048222878971742045}, "simu": {"type": "float", "data": 0.002}}, {"type": "dict", "image_number": {"type": "int", "data": 17}, "Hcamera2end": {"type": "ndarray", "data": [[0.9999989906192533, -0.0013814515403752262, -0.00033219288989498423, -0.014458194461840962], [0.0003326202270622614, 0.00030912099491275935, 0.9999998969039924, 0.029452159626438545], [-0.0013813487101564602, -0.9999989980174243, 0.0003095801816170862, 0.03437762369762958], [0.0, 0.0, 0.0, 1.0]]}, "Hobj2base": {"type": "ndarray", "data": [[0.9999989414471365, -0.0013899077955409852, 0.0004304194771691155, -0.7342303967855974], [-0.001389626754997287, -0.9999988215521811, -0.0006525578375672495, 0.0914493688257583], [0.0004313259651676974, 0.0006519590243789359, -0.9999996944536247, -0.00557922822120136], [0.0, 0.0, 0.0, 1.0]]}, "mean_rme": {"type": "float", "data": 0.0014523275557151605}, "max_rme": {"type": "float", "data": 0.0047089766541656974}, "simu": {"type": "float", "data": 0.002}}, {"type": "dict", "image_number": {"type": "int", "data": 18}, "Hcamera2end": {"type": "ndarray", "data": [[0.9999991484489943, -0.001254208593678983, -0.00036064122046453983, -0.014872914907513916], [0.0003610231083368866, 0.0003042720657497888, 0.9999998885404061, 0.02955267343327679], [-0.0012540987208362578, -0.9999991671893097, 0.00030472460493158326, 0.03436508955117816], [0.0, 0.0, 0.0, 1.0]]}, "Hobj2base": {"type": "ndarray", "data": [[0.9999991072001229, -0.0012695948146032865, 0.0004168068663844242, -0.7344430691287216], [-0.001269312136279384, -0.9999989647399556, -0.0006777652376228129, 0.09103953067951334], [0.0004176669221121335, 0.0006772355745001058, -0.9999996834531091, -0.005626146909783207], [0.0, 0.0, 0.0, 1.0]]}, "mean_rme": {"type": "float", "data": 0.0014656435934670344}, "max_rme": {"type": "float", "data": 0.00449176129994977}, "simu": {"type": "float", "data": 0.002}}, {"type": "dict", "image_number": {"type": "int", "data": 19}, "Hcamera2end": {"type": "ndarray", "data": [[0.999999735663786, -0.0006568933616849513, -0.00031171055420707567, -0.015461120065898368], [0.00031192518842521185, 0.00032666422447391597, 0.9999998979965753, 0.029610231523181308], [-0.0006567914699931285, -0.9999997308907617, 0.0003268690397103535, 0.034372784820344754], [0.0, 0.0, 0.0, 1.0]]}, "Hobj2base": {"type": "ndarray", "data": [[0.9999996551476708, -0.0007216220050072486, 0.00041105501027577195, -0.7348094925727403], [-0.0007213577287924348, -0.9999995332848663, -0.00064270761380352, 0.09043955529778094], [0.0004115186103870842, 0.0006424108744556811, -0.9999997089803085, -0.0056675789869494704], [0.0, 0.0, 0.0, 1.0]]}, "mean_rme": {"type": "float", "data": 0.001511064442357795}, "max_rme": {"type": "float", "data": 0.0048902864525576795}, "simu": {"type": "float", "data": 0.002}}, {"type": "dict", "image_number": {"type": "int", "data": 20}, "Hcamera2end": {"type": "ndarray", "data": [[0.999999535818467, -0.0008934504504527283, -0.00036070644988904927, -0.015728551394173423], [0.0003609903937351689, 0.00031766505138053347, 0.9999998843874188, 0.029661915949689505], [-0.0008933357633256781, -0.9999995504175029, 0.0003179874309561237, 0.03442363480923348], [0.0, 0.0, 0.0, 1.0]]}, "Hobj2base": {"type": "ndarray", "data": [[0.9999994797970153, -0.0009445790305209956, 0.00038493655819169014, -0.7349735058299496], [-0.0009443116683320424, -0.9999993132136098, -0.0006941525635661471, 0.09024435298330029], [0.00038559197577802795, 0.0006937887023824437, -0.9999996849879824, -0.0057429488081488095], [0.0, 0.0, 0.0, 1.0]]}, "mean_rme": {"type": "float", "data": 0.001506989053438005}, "max_rme": {"type": "float", "data": 0.005294704962118424}, "simu": {"type": "float", "data": 0.002}}, {"type": "dict", "image_number": {"type": "int", "data": 21}, "Hcamera2end": {"type": "ndarray", "data": [[0.9999994591064405, -0.0009740852431288163, -0.0003646159151673302, -0.015745501781253692], [0.0003649458607538992, 0.0003385672561647679, 0.9999998760933583, 0.02961610276844534], [-0.0009739616754232327, -0.9999994682649348, 0.000338922561413435, 0.034474219755628456], [0.0, 0.0, 0.0, 1.0]]}, "Hobj2base": {"type": "ndarray", "data": [[0.999999388474673, -0.0010152982187477237, 0.0004384287936880583, -0.7348845445909599], [-0.0010149898227396388, -0.9999992377491886, -0.0007030623732181505, 0.09025214965207681], [0.0004391422774705517, 0.0007026169425141134, -0.9999996567416869, -0.005723992865169503], [0.0, 0.0, 0.0, 1.0]]}, "mean_rme": {"type": "float", "data": 0.0014866665443730009}, "max_rme": {"type": "float", "data": 0.005194489456555262}, "simu": {"type": "float", "data": 0.002}}, {"type": "dict", "image_number": {"type": "int", "data": 22}, "Hcamera2end": {"type": "ndarray", "data": [[0.9999996201001001, -0.0007876491567376148, -0.00037337442512285813, -0.015835443458692443], [0.0003735550131040232, 0.0002291399909556402, 0.9999999039757534, 0.029635195251155794], [-0.0007875635260918026, -0.9999996635517783, 0.00022943413419640457, 0.034169926575242336], [0.0, 0.0, 0.0, 1.0]]}, "Hobj2base": {"type": "ndarray", "data": [[0.9999994915032225, -0.0008417934713557498, 0.0005553170698204504, -0.7346146304150655], [-0.0008413660541156621, -0.9999993500119755, -0.0007694665616484386, 0.08996994756644693], [0.0005559644407990273, 0.0007689989454453536, -0.99999954977198, -0.005795751780651706], [0.0, 0.0, 0.0, 1.0]]}, "mean_rme": {"type": "float", "data": 0.0014854072438168111}, "max_rme": {"type": "float", "data": 0.00518186706074486}, "simu": {"type": "float", "data": 0.002}}, {"type": "dict", "image_number": {"type": "int", "data": 23}, "Hcamera2end": {"type": "ndarray", "data": [[0.9999994046001813, -0.000975132281837448, -0.0004898125311923135, -0.016025594929031217], [0.0004897328270599705, -8.197383788588475e-05, 0.9999998767210166, 0.029537127450700616], [-0.0009751723134371578, -0.999999521198547, -8.149623478947987e-05, 0.034279332627026975], [0.0, 0.0, 0.0, 1.0]]}, "Hobj2base": {"type": "ndarray", "data": [[0.9999990922926998, -0.001035729041044091, 0.0008617883325597142, -0.7344006944757366], [-0.0010351256036445196, -0.9999992190002382, -0.0007003669737692266, 0.0898254030164925], [0.0008625130499173529, 0.000699474278873057, -0.9999993834032959, -0.005864311686832959], [0.0, 0.0, 0.0, 1.0]]}, "mean_rme": {"type": "float", "data": 0.001496455959201665}, "max_rme": {"type": "float", "data": 0.005226149507135458}, "simu": {"type": "float", "data": 0.002}}, {"type": "dict", "image_number": {"type": "int", "data": 24}, "Hcamera2end": {"type": "ndarray", "data": [[0.9999995016211968, -0.0008481986411135874, -0.0005266084154505393, -0.015874586794928678], [0.0005265497091576545, -6.943472849352261e-05, 0.9999998589621012, 0.029599686001755974], [-0.0008482350863977824, -0.9999996378688764, -6.898807514099659e-05, 0.034206804190768214], [0.0, 0.0, 0.0, 1.0]]}, "Hobj2base": {"type": "ndarray", "data": [[0.9999992264702429, -0.0009100468271609205, 0.0008478641920807765, -0.7342822916755504], [-0.0009094404118956612, -0.9999993306045436, -0.0007153381035945128, 0.08988452348700815], [0.000848514615695862, 0.0007145664682991259, -0.9999993847086657, -0.005809285409419033], [0.0, 0.0, 0.0, 1.0]]}, "mean_rme": {"type": "float", "data": 0.00150851926966783}, "max_rme": {"type": "float", "data": 0.005022596074494734}, "simu": {"type": "float", "data": 0.002}}, {"type": "dict", "image_number": {"type": "int", "data": 25}, "Hcamera2end": {"type": "ndarray", "data": [[0.9999993829342501, -0.0009450166585763601, -0.0005840159537251506, -0.01581165145441792], [0.0005839295028185416, -9.17541540836897e-05, 0.9999998253037401, 0.029594489769066475], [-0.00094507007937529, -0.9999995492622433, -9.120227435777117e-05, 0.03421514333599926], [0.0, 0.0, 0.0, 1.0]]}, "Hobj2base": {"type": "ndarray", "data": [[0.9999991847392029, -0.0009952825033107578, 0.0007999585415237663, -0.7342413827447052], [-0.0009946793302671344, -0.9999992210105915, -0.0007540498923974608, 0.08990816349356905], [0.0008007084110290617, 0.0007532535754238202, -0.9999993957373632, -0.005806835651669948], [0.0, 0.0, 0.0, 1.0]]}, "mean_rme": {"type": "float", "data": 0.0014625783767535498}, "max_rme": {"type": "float", "data": 0.004960296633815253}, "simu": {"type": "float", "data": 0.002}}, {"type": "dict", "image_number": {"type": "int", "data": 26}, "Hcamera2end": {"type": "ndarray", "data": [[0.9999996822146618, -0.00070768889500902, -0.0003670790149173778, -0.015612004410020117], [0.0003670693957323614, -1.3722229772472616e-05, 0.9999999325358774, 0.029160152780597567], [-0.0007076938844079968, -0.9999997494940328, -1.3462454476753649e-05, 0.03422613539864949], [0.0, 0.0, 0.0, 1.0]]}, "Hobj2base": {"type": "ndarray", "data": [[0.9999994465611172, -0.0007044931651335984, 0.0007813877651708428, -0.7342744008461538], [-0.0007040687079411784, -0.9999996045281023, -0.0005433515382431734, 0.09009535521870725], [0.0007817702435988973, 0.0005428010868570802, -0.9999995471010308, -0.005143263148969927], [0.0, 0.0, 0.0, 1.0]]}, "mean_rme": {"type": "float", "data": 0.0014963867954066162}, "max_rme": {"type": "float", "data": 0.0054787603294311205}, "simu": {"type": "float", "data": 0.002}}, {"type": "dict", "image_number": {"type": "int", "data": 27}, "Hcamera2end": {"type": "ndarray", "data": [[0.9999995963654237, -0.0008069434058222569, -0.00039510926277583076, -0.01543265012057438], [0.0003950842412795946, -3.116691604865274e-05, 0.9999999214685298, 0.02913296514073453], [-0.0008069556567890278, -0.9999996739354284, -3.0848092845259245e-05, 0.034295275239492676], [0.0, 0.0, 0.0, 1.0]]}, "Hobj2base": {"type": "ndarray", "data": [[0.9999993721663905, -0.0008010663791373072, 0.0007835556656836147, -0.7342410099552096], [-0.0008006294227608436, -0.9999995239183872, -0.0005578131646445061, 0.09029906204189231], [0.0007840021380192064, 0.0005571854767103362, -0.9999995374423891, -0.0051301391298053545], [0.0, 0.0, 0.0, 1.0]]}, "mean_rme": {"type": "float", "data": 0.0014984595952813812}, "max_rme": {"type": "float", "data": 0.005417488349545918}, "simu": {"type": "float", "data": 0.002}}, {"type": "dict", "image_number": {"type": "int", "data": 28}, "Hcamera2end": {"type": "ndarray", "data": [[0.9999998140115899, -0.0005010828729426201, -0.000347696333016924, -0.015555044364610315], [0.000347664431968753, -6.374991403124142e-05, 0.9999999375326938, 0.029200119228444493], [-0.0005011050072526615, -0.9999998724259433, -6.357569348214298e-05, 0.034288570409785904], [0.0, 0.0, 0.0, 1.0]]}, "Hobj2base": {"type": "ndarray", "data": [[0.9999995775337377, -0.0005047334740788579, 0.0007682294359136479, -0.7343824797008222], [-0.0005043262986260951, -0.9999997323141148, -0.0005301194988683687, 0.0902057800930398], [0.0007684967993258122, 0.0005297318366028555, -0.9999995643983304, -0.005057904676412386], [0.0, 0.0, 0.0, 1.0]]}, "mean_rme": {"type": "float", "data": 0.0015582189404761114}, "max_rme": {"type": "float", "data": 0.005320975984089871}, "simu": {"type": "float", "data": 0.002}}, {"type": "dict", "image_number": {"type": "int", "data": 29}, "Hcamera2end": {"type": "ndarray", "data": [[0.9999998457082674, -0.0004984248929117887, -0.00024526733885757326, -0.015639122939945686], [0.0002452402284965052, -5.445245782809138e-05, 0.9999999684460796, 0.029169429868100574], [-0.0004984382325939551, -0.9999998743037701, -5.4330215591980036e-05, 0.03434755160299196], [0.0, 0.0, 0.0, 1.0]]}, "Hobj2base": {"type": "ndarray", "data": [[0.999999627942181, -0.0005046607249126058, 0.0006995949201561664, -0.7344201392419878], [-0.0005043474911538972, -0.9999997725364298, -0.0004478400345389509, 0.09014966266672107], [0.0006998207683002836, 0.00044748702897375964, -0.9999996550030661, -0.005023462476322753], [0.0, 0.0, 0.0, 1.0]]}, "mean_rme": {"type": "float", "data": 0.0015176109122413501}, "max_rme": {"type": "float", "data": 0.005349757567329194}, "simu": {"type": "float", "data": 0.002}}, {"type": "dict", "image_number": {"type": "int", "data": 30}, "Hcamera2end": {"type": "ndarray", "data": [[0.9999998535274337, -0.0004935303514809719, -0.00022220014253064962, -0.015598743439433935], [0.00022214017495059623, -0.00012155887325926429, 0.999999967938591, 0.029158676727977416], [-0.0004935573460566576, -0.999999870825608, -0.00012144922253543022, 0.034354248911589384], [0.0, 0.0, 0.0, 1.0]]}, "Hobj2base": {"type": "ndarray", "data": [[0.9999996565011896, -0.0004934849294067437, 0.0006659355277906174, -0.7344604453840764], [-0.0004932527749515933, -0.9999998175434006, -0.00034873322959696676, 0.09017420643602203], [0.0006661075008794751, 0.0003484046352604957, -0.9999997174574637, -0.005078282957571138], [0.0, 0.0, 0.0, 1.0]]}, "mean_rme": {"type": "float", "data": 0.001509633762969633}, "max_rme": {"type": "float", "data": 0.005405880404712404}, "simu": {"type": "float", "data": 0.002}}]}