{"type": "list", "data": [{"type": "dict", "image_number": {"type": "int", "data": 5}, "Hcamera2end": {"type": "ndarray", "data": [[0.9999980878226996, 0.0012514452025785287, 0.0015027427755015764, -0.01529841491033353], [-0.0015025193075530526, -0.00017948892592700716, 0.9999988551090727, 0.03243616980933435], [0.0012517134954969894, -0.9999992008339961, -0.0001776082621331998, 0.034362119275329055], [0.0, 0.0, 0.0, 1.0]]}, "Hobj2base": {"type": "ndarray", "data": [[0.9999994532787485, 0.0008074606196042754, -0.000664416700484855, -0.7366950534202094], [0.0008080549482292304, -0.9999992732523022, 0.0008947301653542687, 0.089082034326999], [-0.0006636937582478517, -0.000895266561388786, -0.9999993790039972, 0.0010510187889882338], [0.0, 0.0, 0.0, 1.0]]}, "mean_rme": {"type": "float", "data": 0.001344664870251319}, "max_rme": {"type": "float", "data": 0.002661893091379375}, "simu": {"type": "float", "data": 0.002}}, {"type": "dict", "image_number": {"type": "int", "data": 6}, "Hcamera2end": {"type": "ndarray", "data": [[0.999999949599373, 0.00020250257481437207, 0.0002445280323869986, -0.011684685240745656], [-0.0002447193902425734, 0.0009454800248260842, 0.9999995230898575, 0.032563408768923], [0.00020227128186870838, -0.9999995325300055, 0.0009455295334799274, 0.032183228607351885], [0.0, 0.0, 0.0, 1.0]]}, "Hobj2base": {"type": "ndarray", "data": [[0.99999967687424, -0.00020442164974517822, -0.0007774723176388488, -0.7355067060159742], [-0.00020480875213475775, -0.9999998550985731, -0.0004978515926587963, 0.09219966642262727], [-0.0007773704333381007, 0.000498010664925317, -0.999999573840203, -0.0008315323978390446], [0.0, 0.0, 0.0, 1.0]]}, "mean_rme": {"type": "float", "data": 0.0014917845717303895}, "max_rme": {"type": "float", "data": 0.003368072544567585}, "simu": {"type": "float", "data": 0.002}}, {"type": "dict", "image_number": {"type": "int", "data": 7}, "Hcamera2end": {"type": "ndarray", "data": [[0.9999999866839706, 5.9261773835895564e-05, -0.00015205295391949338, -0.013097463632346533], [0.00015198201531824678, 0.0011952099718421927, 0.9999992741870319, 0.032653722161658995], [5.944346602970427e-05, -0.9999992839803266, 0.0011952009492028903, 0.03181133367994449], [0.0, 0.0, 0.0, 1.0]]}, "Hobj2base": {"type": "ndarray", "data": [[0.9999993886709708, -0.0004684144986500295, -0.0010016214565222268, -0.735538731598356], [-0.00046926675492515036, -0.999999527954601, -0.0008508109586618153, 0.09071876622969614], [-0.0010012224515227794, 0.0008512804661869435, -0.9999991364372123, -0.0001494746016821234], [0.0, 0.0, 0.0, 1.0]]}, "mean_rme": {"type": "float", "data": 0.0013781770700330073}, "max_rme": {"type": "float", "data": 0.0035005811649884144}, "simu": {"type": "float", "data": 0.002}}, {"type": "dict", "image_number": {"type": "int", "data": 8}, "Hcamera2end": {"type": "ndarray", "data": [[0.9999999155541811, 0.0001606095040622327, -0.0003782806073128359, -0.013180283295405975], [0.00037814639676787414, 0.0008348423027081386, 0.9999995800217277, 0.03253912599834739], [0.00016092524126300948, -0.9999996386213929, 0.0008347814983038493, 0.032053490684489164], [0.0, 0.0, 0.0, 1.0]]}, "Hobj2base": {"type": "ndarray", "data": [[0.9999997764988806, -0.0001700413629813475, -0.0006465973427932902, -0.7355260816929776], [-0.00017067686932150693, -0.9999995023697021, -0.000982918996661207, 0.09043541379589133], [-0.0006464298841409695, 0.0009830291361878905, -0.9999993078908216, -0.0001334942698867081], [0.0, 0.0, 0.0, 1.0]]}, "mean_rme": {"type": "float", "data": 0.0012864107466372026}, "max_rme": {"type": "float", "data": 0.003679653272611244}, "simu": {"type": "float", "data": 0.002}}, {"type": "dict", "image_number": {"type": "int", "data": 9}, "Hcamera2end": {"type": "ndarray", "data": [[0.9999996554578208, 0.0006481504287470618, -0.0005186378905539141, -0.012510935381988737], [0.0005180784572105998, 0.0008629927348404731, 0.9999994934189976, 0.032512385737655795], [0.000648597681137929, -0.9999994175721111, 0.0008626566447289541, 0.032079855148973595], [0.0, 0.0, 0.0, 1.0]]}, "Hobj2base": {"type": "ndarray", "data": [[0.9999995348381557, 0.00022041105773391265, -0.0009390114151526886, -0.7352037289252221], [0.00021947117568801215, -0.9999994750029797, -0.001000912667516383, 0.09087327837613113], [-0.0009392315343942401, 0.0010007061159907327, -0.9999990582152536, -0.00020130814182442138], [0.0, 0.0, 0.0, 1.0]]}, "mean_rme": {"type": "float", "data": 0.0013931049713669847}, "max_rme": {"type": "float", "data": 0.003688715331635839}, "simu": {"type": "float", "data": 0.002}}, {"type": "dict", "image_number": {"type": "int", "data": 10}, "Hcamera2end": {"type": "ndarray", "data": [[0.9999997182587432, 0.0005294479849433931, -0.0005321346308645964, -0.012854556905188812], [0.0005316597903140393, 0.0008965965679142984, 0.9999994567260835, 0.03243760400679712], [0.0005299248073918143, -0.9999994578995661, 0.0008963148291013523, 0.0321516064123042], [0.0, 0.0, 0.0, 1.0]]}, "Hobj2base": {"type": "ndarray", "data": [[0.9999995973831654, 0.00011663777616095098, -0.0008897354305741003, -0.735051635780332], [0.00011575116895545512, -0.9999994968239667, -0.000996470511418774, 0.09074336413566278], [-0.0008898512089850175, 0.0009963671223068209, -0.9999991077082935, 0.00011965424212310172], [0.0, 0.0, 0.0, 1.0]]}, "mean_rme": {"type": "float", "data": 0.0013572580041766016}, "max_rme": {"type": "float", "data": 0.0036356602658112747}, "simu": {"type": "float", "data": 0.002}}, {"type": "dict", "image_number": {"type": "int", "data": 11}, "Hcamera2end": {"type": "ndarray", "data": [[0.9999994327836226, -0.00016354363900077627, -0.0010524665844112082, -0.014275311062824845], [0.0010526503409085607, 0.001127598836180299, 0.9999988102233545, 0.03260001036100105], [-0.00016235668432467337, -0.9999993508869608, 0.0011277703508552062, 0.03295643682170859], [0.0, 0.0, 0.0, 1.0]]}, "Hobj2base": {"type": "ndarray", "data": [[0.9999994049567331, -0.0006318683041815722, -0.0008892854580635431, -0.7364301944662408], [-0.0006330987513530982, -0.9999988418157628, -0.0013840350802164895, 0.08978939778290701], [-0.0008884099002080795, 0.0013845972621688303, -0.9999986468082196, 0.000696851840588925], [0.0, 0.0, 0.0, 1.0]]}, "mean_rme": {"type": "float", "data": 0.0014877866487800788}, "max_rme": {"type": "float", "data": 0.005971176903664416}, "simu": {"type": "float", "data": 0.002}}, {"type": "dict", "image_number": {"type": "int", "data": 12}, "Hcamera2end": {"type": "ndarray", "data": [[0.9999992790485025, 0.0002158265727740777, -0.0011812372182171363, -0.01385398936278849], [0.0011809639889500238, 0.0012617385478242982, 0.999998506668832, 0.03267040945894058], [0.00021731666300587915, -0.9999991807170282, 0.001261482754761678, 0.03238470950502951], [0.0, 0.0, 0.0, 1.0]]}, "Hobj2base": {"type": "ndarray", "data": [[0.9999990931925702, -0.00044588719887928707, -0.0012707472774925311, -0.7358717600676442], [-0.0004476258660193354, -0.9999989637358597, -0.0013682683546116022, 0.08961474999472879], [-0.0012701358673187437, 0.0013688359332062717, -0.9999982565200132, 0.0007768960872640701], [0.0, 0.0, 0.0, 1.0]]}, "mean_rme": {"type": "float", "data": 0.0016207336474033018}, "max_rme": {"type": "float", "data": 0.00661141683717717}, "simu": {"type": "float", "data": 0.002}}, {"type": "dict", "image_number": {"type": "int", "data": 13}, "Hcamera2end": {"type": "ndarray", "data": [[0.9999993673738722, 0.00012260351897461718, -0.001118132475392098, -0.013466238975724038], [0.0011179846274221483, 0.0011994125293665059, 0.9999986557590752, 0.03283833579065802], [0.0001239444562664263, -0.9999992731887166, 0.0011992747017373073, 0.03234731140319402], [0.0, 0.0, 0.0, 1.0]]}, "Hobj2base": {"type": "ndarray", "data": [[0.9999990959053496, -0.000523536947335738, -0.0012385869158408756, -0.7360994501294607], [-0.0005250877828775028, -0.9999990782549819, -0.0012521070265216145, 0.08990325467845506], [-0.0012379302498891544, 0.0012527562613558899, -0.9999984490640199, 0.0004996135134264181], [0.0, 0.0, 0.0, 1.0]]}, "mean_rme": {"type": "float", "data": 0.0016099714529964485}, "max_rme": {"type": "float", "data": 0.006704028384955235}, "simu": {"type": "float", "data": 0.002}}, {"type": "dict", "image_number": {"type": "int", "data": 14}, "Hcamera2end": {"type": "ndarray", "data": [[0.9999993520496728, 0.0001534294841426421, -0.0011279891967163978, -0.013508984069982742], [0.001127811382926205, 0.0011541193807205197, 0.9999986980241223, 0.03275175146059247], [0.00015473111857432854, -0.9999993222336946, 0.0011539455933897713, 0.03228425657096291], [0.0, 0.0, 0.0, 1.0]]}, "Hobj2base": {"type": "ndarray", "data": [[0.9999991544028556, -0.00048065073968611927, -0.001208374296369751, -0.7359945616961673], [-0.0004821353841961259, -0.9999991289957861, -0.0012286387346888052, 0.08988396668829719], [-0.0012077826977540116, 0.0012292202957610325, -0.9999985151381072, 0.0004443555348608535], [0.0, 0.0, 0.0, 1.0]]}, "mean_rme": {"type": "float", "data": 0.0015538764703385266}, "max_rme": {"type": "float", "data": 0.006727783145544147}, "simu": {"type": "float", "data": 0.002}}, {"type": "dict", "image_number": {"type": "int", "data": 15}, "Hcamera2end": {"type": "ndarray", "data": [[0.9999980798631127, 0.0012719857957375067, -0.0014907455259394015, -0.013953167591139383], [0.0014893062888951408, 0.0011316862562643637, 0.9999982506249674, 0.031458480735729745], [0.001273670626780607, -0.9999985506681262, 0.001129789706826867, 0.03241990036665884], [0.0, 0.0, 0.0, 1.0]]}, "Hobj2base": {"type": "ndarray", "data": [[0.9999984102628731, 0.0005160315244021092, -0.0017068049661161, -0.7359243440416212], [0.0005134882547236816, -0.9999987578473373, -0.001490179048181286, 0.09015364501697215], [-0.0017075718253696309, 0.0014893002548851226, -0.9999974330883119, 0.00198690195078091], [0.0, 0.0, 0.0, 1.0]]}, "mean_rme": {"type": "float", "data": 0.0017395780601263031}, "max_rme": {"type": "float", "data": 0.00643701013727635}, "simu": {"type": "float", "data": 0.002}}, {"type": "dict", "image_number": {"type": "int", "data": 16}, "Hcamera2end": {"type": "ndarray", "data": [[0.9999982436863992, 0.0013495309990741047, -0.0013005345821599196, -0.013674930749383113], [0.001298947212437167, 0.0011764486463102797, 0.9999984643511818, 0.031489700656378745], [0.0013510589388170827, -0.9999983973660483, 0.0011746936105682115, 0.03254933353827802], [0.0, 0.0, 0.0, 1.0]]}, "Hobj2base": {"type": "ndarray", "data": [[0.9999983688582378, 0.0006136778319237873, -0.001698729049154224, -0.7359366934546788], [0.0006114856384914466, -0.999998980077218, -0.00129070904461936, 0.09054199920158655], [-0.0016995193961099127, 0.0012896681908726882, -0.9999977241923004, 0.0019137346429095661], [0.0, 0.0, 0.0, 1.0]]}, "mean_rme": {"type": "float", "data": 0.001721740464824498}, "max_rme": {"type": "float", "data": 0.0068792676769196814}, "simu": {"type": "float", "data": 0.002}}, {"type": "dict", "image_number": {"type": "int", "data": 17}, "Hcamera2end": {"type": "ndarray", "data": [[0.9999980148991241, 0.0014799905311573115, -0.0013341011351409554, -0.013832381315216923], [0.001332583927895459, 0.0010256594678397235, 0.9999985861203656, 0.03141790384470703], [0.0014813567720891538, -0.9999983788240273, 0.0010236852202070157, 0.03274695685439425], [0.0, 0.0, 0.0, 1.0]]}, "Hobj2base": {"type": "ndarray", "data": [[0.999998375013167, 0.0007863077861937134, -0.0016222487758702283, -0.7359080317696318], [0.0007843834495521987, -0.9999989884667155, -0.001186510914001199, 0.0903715424513275], [-0.0016231800976816795, 0.0011852365208457377, -0.9999979802483401, 0.0020671408434797893], [0.0, 0.0, 0.0, 1.0]]}, "mean_rme": {"type": "float", "data": 0.0016959644437974596}, "max_rme": {"type": "float", "data": 0.0068291525935766095}, "simu": {"type": "float", "data": 0.002}}, {"type": "dict", "image_number": {"type": "int", "data": 18}, "Hcamera2end": {"type": "ndarray", "data": [[0.9999978250933024, 0.001619281200649469, -0.0013144341209531038, -0.01411036846510965], [0.001312832993449562, 0.000989455461662514, 0.9999986487227974, 0.03137864392860639], [0.0016205795865716704, -0.9999981994515204, 0.000987327463903287, 0.033161674196564316], [0.0, 0.0, 0.0, 1.0]]}, "Hobj2base": {"type": "ndarray", "data": [[0.9999982238112751, 0.0009357219012402836, -0.0016360925457813043, -0.7363802000018467], [0.000933793458506622, -0.9999988689290014, -0.001179054916020818, 0.09020685810355343], [-0.00163719396275216, 0.001177525049280008, -0.9999979665132759, 0.002054891353548752], [0.0, 0.0, 0.0, 1.0]]}, "mean_rme": {"type": "float", "data": 0.0017397979150459585}, "max_rme": {"type": "float", "data": 0.0063486481899739655}, "simu": {"type": "float", "data": 0.002}}, {"type": "dict", "image_number": {"type": "int", "data": 19}, "Hcamera2end": {"type": "ndarray", "data": [[0.9999973232192084, 0.0018919803306406027, -0.0013319027165939804, -0.014135067804449397], [0.0013299415673905983, 0.001037439176443944, 0.9999985774866794, 0.03140222087773335], [0.0018933594073307868, -0.999997672062482, 0.0010349201761603588, 0.03305652020470192], [0.0, 0.0, 0.0, 1.0]]}, "Hobj2base": {"type": "ndarray", "data": [[0.9999977778017248, 0.0011658243533865355, -0.0017564866037925212, -0.7364586063186456], [0.00116359934719248, -0.9999985200855026, -0.0012672266428617929, 0.09011010813526728], [-0.00175796136802404, 0.0012651799801674075, -0.9999976544429725, 0.00195902254079658], [0.0, 0.0, 0.0, 1.0]]}, "mean_rme": {"type": "float", "data": 0.0017379457800885101}, "max_rme": {"type": "float", "data": 0.006244139871352333}, "simu": {"type": "float", "data": 0.002}}, {"type": "dict", "image_number": {"type": "int", "data": 20}, "Hcamera2end": {"type": "ndarray", "data": [[0.999997295537378, 0.0017180733628109012, -0.0015675273043250627, -0.014004199765627827], [0.001565650010097582, 0.0010934749136469746, 0.999998176524667, 0.03150132577577892], [0.0017197842817302403, -0.9999979262661165, 0.0010907820548071712, 0.03245884073269636], [0.0, 0.0, 0.0, 1.0]]}, "Hobj2base": {"type": "ndarray", "data": [[0.999998052928908, 0.0010808196261789425, -0.0016510503713420455, -0.7359157947301029], [0.001078338701159728, -0.9999982894081179, -0.0015027862402716811, 0.09033137600649502], [-0.0016526717879311202, 0.001501002922727053, -0.9999975078299883, 0.0017815368316326824], [0.0, 0.0, 0.0, 1.0]]}, "mean_rme": {"type": "float", "data": 0.001764668420463124}, "max_rme": {"type": "float", "data": 0.006466074430835328}, "simu": {"type": "float", "data": 0.002}}, {"type": "dict", "image_number": {"type": "int", "data": 21}, "Hcamera2end": {"type": "ndarray", "data": [[0.9999977232313323, 0.0014951963100326747, -0.0015224717226043536, -0.013856636962298757], [0.0015208745838253754, 0.0010687367133941361, 0.9999982723696766, 0.03195126533577003], [0.0014968208483112418, -0.9999983110934899, 0.0010664602740620976, 0.03242054834285904], [0.0, 0.0, 0.0, 1.0]]}, "Hobj2base": {"type": "ndarray", "data": [[0.9999984142170525, 0.0009214474342590811, -0.0015239744112364828, -0.7359215440975869], [0.0009192416784036502, -0.9999985299574004, -0.0014474383493338905, 0.09019460153518741], [-0.0015253059092824191, 0.0014460351532152092, -0.99999779120967, 0.00123486974758569], [0.0, 0.0, 0.0, 1.0]]}, "mean_rme": {"type": "float", "data": 0.0017341293061302364}, "max_rme": {"type": "float", "data": 0.006558293523574371}, "simu": {"type": "float", "data": 0.002}}, {"type": "dict", "image_number": {"type": "int", "data": 22}, "Hcamera2end": {"type": "ndarray", "data": [[0.9999976997564873, 0.0014876791888951367, -0.0015450865235350276, -0.013762302601688623], [0.0015434163142110148, 0.0011231888308934623, 0.9999981781548061, 0.031884407619462964], [0.001489411902499955, -0.9999982626272313, 0.0011208901389552217, 0.03241956144426601], [0.0, 0.0, 0.0, 1.0]]}, "Hobj2base": {"type": "ndarray", "data": [[0.9999983701630633, 0.0008929995628454197, -0.001569147219956042, -0.7358717283136081], [0.0008907479861600265, -0.9999985736444645, -0.0014350181396975015, 0.0902658041077593], [-0.0015704264523656443, 0.0014336180861257682, -0.9999977392474146, 0.0012240420200351108], [0.0, 0.0, 0.0, 1.0]]}, "mean_rme": {"type": "float", "data": 0.0016932109269169073}, "max_rme": {"type": "float", "data": 0.0066896727124176325}, "simu": {"type": "float", "data": 0.002}}, {"type": "dict", "image_number": {"type": "int", "data": 23}, "Hcamera2end": {"type": "ndarray", "data": [[0.9999973255564434, 0.001570084655112794, -0.0016981502101561694, -0.013528932909711473], [0.0016963643669099858, 0.0011380514010724818, 0.999997913591295, 0.031872534768272454], [0.0015720139615004014, -0.9999981198348246, 0.001135384921756244, 0.03235767651759387], [0.0, 0.0, 0.0, 1.0]]}, "Hobj2base": {"type": "ndarray", "data": [[0.999998166037348, 0.0009538460485700915, -0.0016607527377773196, -0.7357692211827697], [0.0009512398288348562, -0.9999983160875625, -0.001569383581940167, 0.09041024548750738], [-0.0016622468915434535, 0.0015678009295992709, -0.9999973894643508, 0.0012550985866190388], [0.0, 0.0, 0.0, 1.0]]}, "mean_rme": {"type": "float", "data": 0.001676194667341421}, "max_rme": {"type": "float", "data": 0.006887283388361559}, "simu": {"type": "float", "data": 0.002}}, {"type": "dict", "image_number": {"type": "int", "data": 24}, "Hcamera2end": {"type": "ndarray", "data": [[0.9999972390813597, 0.0017110252696718375, -0.0016106589286697226, -0.013503685841802495], [0.0016086985618121155, 0.0011464855053363587, 0.9999980488280583, 0.031631123351346886], [0.0017128685282831, -0.9999978789795071, 0.0011437298160925646, 0.032397805775275186], [0.0, 0.0, 0.0, 1.0]]}, "Hobj2base": {"type": "ndarray", "data": [[0.9999979350462133, 0.0011059844533339936, -0.0017049051875093549, -0.7357097724011686], [0.0011032815267976782, -0.9999981344647411, -0.0015855084074426478, 0.09050481155415603], [-0.0017066555545978764, 0.0015836241430427372, -0.9999972897270228, 0.0013990382925699433], [0.0, 0.0, 0.0, 1.0]]}, "mean_rme": {"type": "float", "data": 0.001668453045179133}, "max_rme": {"type": "float", "data": 0.007073759811753538}, "simu": {"type": "float", "data": 0.002}}, {"type": "dict", "image_number": {"type": "int", "data": 25}, "Hcamera2end": {"type": "ndarray", "data": [[0.9999972963098852, 0.0016906143623584445, -0.0015966201794627276, -0.013545476748130364], [0.0015946186615761596, 0.0011845865668902444, 0.9999980269710484, 0.031593541355545963], [0.0016925023615443789, -0.9999978692866016, 0.001181887478923449, 0.03240231771298205], [0.0, 0.0, 0.0, 1.0]]}, "Hobj2base": {"type": "ndarray", "data": [[0.9999979105259688, 0.0010807818679081074, -0.0017351813307721208, -0.735748820350565], [0.0010781107818643206, -0.9999982337021143, -0.0015395680544528396, 0.09047004206282994], [-0.0017368422031626674, 0.0015376941198641755, -0.9999973094343584, 0.001350052752709776], [0.0, 0.0, 0.0, 1.0]]}, "mean_rme": {"type": "float", "data": 0.001650305535251167}, "max_rme": {"type": "float", "data": 0.007018101859280951}, "simu": {"type": "float", "data": 0.002}}, {"type": "dict", "image_number": {"type": "int", "data": 26}, "Hcamera2end": {"type": "ndarray", "data": [[0.9999975686352746, 0.001596773420706738, -0.0015208675755167557, -0.013686666072164889], [0.0015189761799582994, 0.0011850562231935369, 0.9999981441748342, 0.03155791528637906], [0.0015985727709594594, -0.9999980229762411, 0.0011826278810987967, 0.03236230830372793], [0.0, 0.0, 0.0, 1.0]]}, "Hobj2base": {"type": "ndarray", "data": [[0.9999980262990521, 0.0009781334098982145, -0.001729350465594267, -0.7356623355678268], [0.0009755896296511971, -0.9999984419293726, -0.0014711776582452788, 0.09041311809921163], [-0.0017307867791635275, 0.0014694876182002737, -0.9999974224883108, 0.0013702558606355241], [0.0, 0.0, 0.0, 1.0]]}, "mean_rme": {"type": "float", "data": 0.001620810420430221}, "max_rme": {"type": "float", "data": 0.00698952439521669}, "simu": {"type": "float", "data": 0.002}}, {"type": "dict", "image_number": {"type": "int", "data": 27}, "Hcamera2end": {"type": "ndarray", "data": [[0.9999979087143813, 0.0015217632022975268, -0.0013663102209959888, -0.013750273837235543], [0.0013644243102329393, 0.0012396426375640424, 0.9999983008147727, 0.03156487252216534], [0.00152345435294606, -0.9999980737595883, 0.0012375637144095286, 0.032564584424212124], [0.0, 0.0, 0.0, 1.0]]}, "Hobj2base": {"type": "ndarray", "data": [[0.9999981453590532, 0.0009150249970421192, -0.0016946998875312098, -0.7358625476432713], [0.0009128214301895973, -0.9999987376144095, -0.0013005870304052996, 0.09047958044180866], [-0.0016958878178101415, 0.0012990376599082598, -0.9999977182302304, 0.001269160648138226], [0.0, 0.0, 0.0, 1.0]]}, "mean_rme": {"type": "float", "data": 0.0016204665388650987}, "max_rme": {"type": "float", "data": 0.006935983847032728}, "simu": {"type": "float", "data": 0.002}}, {"type": "dict", "image_number": {"type": "int", "data": 28}, "Hcamera2end": {"type": "ndarray", "data": [[0.9999983618245811, 0.001206916309171615, -0.00134896300052223, -0.013696426706345577], [0.0013474575455113302, 0.0012473014248243208, 0.9999983142972387, 0.03262770299235724], [0.0012085968381420466, -0.999998493794955, 0.0012456731130382481, 0.03262665511679513], [0.0, 0.0, 0.0, 1.0]]}, "Hobj2base": {"type": "ndarray", "data": [[0.9999986400058635, 0.000680409370720755, -0.0015023413432840328, -0.735803521364099], [0.0006784899883291329, -0.9999989535226186, -0.0012777343242216868, 0.08994974847505335], [-0.00150320915352529, 0.0012767132629500268, -0.9999980551808512, 0.0003441763146247128], [0.0, 0.0, 0.0, 1.0]]}, "mean_rme": {"type": "float", "data": 0.0016246399318612936}, "max_rme": {"type": "float", "data": 0.007038812569004099}, "simu": {"type": "float", "data": 0.002}}, {"type": "dict", "image_number": {"type": "int", "data": 29}, "Hcamera2end": {"type": "ndarray", "data": [[0.9999988167888407, 0.0007634758010367727, -0.0013354870346685573, -0.013625386929469598], [0.001334548061697796, 0.001229055430563064, 0.9999983542007554, 0.03295612080687755], [0.0007651159321012821, -0.9999989532631771, 0.001228035081180523, 0.03258118370295212], [0.0, 0.0, 0.0, 1.0]]}, "Hobj2base": {"type": "ndarray", "data": [[0.9999991089737669, 0.0003162472466675901, -0.0012969345979200386, -0.7358335033894656], [0.00031460601615372, -0.9999991497941161, -0.0012654778147223246, 0.0898905625374807], [-0.0012973336991332373, 0.0012650686637213306, -0.999998358261927, -1.5082343536558949e-05], [0.0, 0.0, 0.0, 1.0]]}, "mean_rme": {"type": "float", "data": 0.0016083672542376221}, "max_rme": {"type": "float", "data": 0.006982962266054077}, "simu": {"type": "float", "data": 0.002}}, {"type": "dict", "image_number": {"type": "int", "data": 30}, "Hcamera2end": {"type": "ndarray", "data": [[0.9999987372796293, 0.0009014052312312472, -0.0013087810191657636, -0.01365992597655354], [0.0013076768696760003, 0.0012244222590229725, 0.9999983953843806, 0.03333441390038124], [0.0009030062854343873, -0.9999988441287023, 0.0012232419661489802, 0.032588574702760956], [0.0, 0.0, 0.0, 1.0]]}, "Hobj2base": {"type": "ndarray", "data": [[0.9999989516965498, 0.0004242726720413415, -0.0013844126918048844, -0.7358670354765979], [0.00042249935281768556, -0.9999990903184945, -0.0012809592029024053, 0.08963099322742346], [-0.0013849549084140548, 0.0012803729466021332, -0.9999982212709273, -0.00025399594110847026], [0.0, 0.0, 0.0, 1.0]]}, "mean_rme": {"type": "float", "data": 0.001604874037428507}, "max_rme": {"type": "float", "data": 0.006954930581096391}, "simu": {"type": "float", "data": 0.002}}]}