{"type": "list", "data": [{"type": "dict", "image_number": {"type": "int", "data": 5}, "Hcamera2end": {"type": "ndarray", "data": [[0.9999981274177915, 0.0010759235067286947, -0.0016085861861360553, -0.010021863793104718], [0.0016081845338800388, 0.000374070328509446, 0.9999986369060182, 0.026178264795130645], [0.0010765237645069215, -0.9999993512297881, 0.0003723393444888812, 0.034395492548039946], [0.0, 0.0, 0.0, 1.0]]}, "Hobj2base": {"type": "ndarray", "data": [[0.9999989804502892, 0.0014230354150953197, 0.00011861108451522593, -0.7366175905031339], [0.0014230877824192214, -0.9999988894645238, -0.0004425956198921322, 0.09667974128443016], [0.00011798112355173612, 0.0004427639626291291, -0.9999998950202584, 0.0036276148141870745], [0.0, 0.0, 0.0, 1.0]]}, "mean_rme": {"type": "float", "data": 0.0009327181854259971}, "max_rme": {"type": "float", "data": 0.0026077499011042393}, "simu": {"type": "float", "data": 0.002}}, {"type": "dict", "image_number": {"type": "int", "data": 6}, "Hcamera2end": {"type": "ndarray", "data": [[0.9999973124611456, 0.0010665469514314035, -0.002058530564806763, -0.012786940425419845], [0.002057843872697461, 0.0006445439571751699, 0.9999976749181382, 0.02582151218959503], [0.0010678712850586383, -0.9999992235200422, 0.0006423474378292049, 0.034003113345786734], [0.0, 0.0, 0.0, 1.0]]}, "Hobj2base": {"type": "ndarray", "data": [[0.9999992475689127, 0.0012238721552874292, -8.365737320183931e-05, -0.7365353444170873], [0.0012237966061324243, -0.9999988486391995, -0.0008972414064559839, 0.09401446788744232], [-8.475538565595156e-05, 0.0008971383517342544, -0.9999995939795685, 0.004924494572923359], [0.0, 0.0, 0.0, 1.0]]}, "mean_rme": {"type": "float", "data": 0.0011357895928887577}, "max_rme": {"type": "float", "data": 0.0029566231090410455}, "simu": {"type": "float", "data": 0.002}}, {"type": "dict", "image_number": {"type": "int", "data": 7}, "Hcamera2end": {"type": "ndarray", "data": [[0.9999972981503752, 0.001031995914353519, -0.002082948962969182, -0.012644119659962056], [0.0020823503430802194, 0.0005807956549316318, 0.999997663243998, 0.0258742004732287], [0.0010332032705380092, -0.9999992988301745, 0.0005786451086627897, 0.03382644638284075], [0.0, 0.0, 0.0, 1.0]]}, "Hobj2base": {"type": "ndarray", "data": [[0.9999992875412509, 0.0011934090109765338, -2.6304430727675075e-05, -0.7362928569121936], [0.0011933839268158971, -0.9999988518847347, -0.0009338436785465024, 0.09408846160836415], [-2.741885798797748e-05, 0.0009338116219365688, -0.9999995636219354, 0.005028521822978979], [0.0, 0.0, 0.0, 1.0]]}, "mean_rme": {"type": "float", "data": 0.0010985875219401337}, "max_rme": {"type": "float", "data": 0.002881432223185987}, "simu": {"type": "float", "data": 0.002}}, {"type": "dict", "image_number": {"type": "int", "data": 8}, "Hcamera2end": {"type": "ndarray", "data": [[0.9999979781198615, 0.0010403706997771142, -0.0017208675126805491, -0.011819566700936942], [0.0017195185299206616, 0.0012961435909583097, 0.9999976816312213, 0.026196981347421953], [0.001042598779211615, -0.9999986188193457, 0.0012943520336150538, 0.03314808707446608], [0.0, 0.0, 0.0, 1.0]]}, "Hobj2base": {"type": "ndarray", "data": [[0.9999994877954963, 0.0006955608892322627, -0.0007352576380788518, -0.7363616261037758], [0.000694956106821322, -0.999999420280671, -0.0008224805961578874, 0.09526741710204928], [-0.0007358292971706273, 0.0008219692030939519, -0.9999993914607519, 0.004815685729033001], [0.0, 0.0, 0.0, 1.0]]}, "mean_rme": {"type": "float", "data": 0.0012338963316059022}, "max_rme": {"type": "float", "data": 0.0030891028505301912}, "simu": {"type": "float", "data": 0.002}}, {"type": "dict", "image_number": {"type": "int", "data": 9}, "Hcamera2end": {"type": "ndarray", "data": [[0.9999978108907135, 0.001155250726467889, -0.0017445943768914535, -0.011627295630127652], [0.0017431837730315855, 0.0012209202002468889, 0.9999977353295345, 0.026215537413235936], [0.0011573781207216726, -0.9999985873738139, 0.0012189037131989933, 0.03262048568515558], [0.0, 0.0, 0.0, 1.0]]}, "Hobj2base": {"type": "ndarray", "data": [[0.9999993858902565, 0.0008693274200284858, -0.0006873783140462019, -0.7357925059522196], [0.0008687108233416869, -0.9999992205300852, -0.0008968169978783191, 0.09497960631836215], [-0.0006881574058624891, 0.0008962193141531203, -0.9999993616149592, 0.004846863150736051], [0.0, 0.0, 0.0, 1.0]]}, "mean_rme": {"type": "float", "data": 0.0013105221177688487}, "max_rme": {"type": "float", "data": 0.003320630713085776}, "simu": {"type": "float", "data": 0.002}}, {"type": "dict", "image_number": {"type": "int", "data": 10}, "Hcamera2end": {"type": "ndarray", "data": [[0.9999978225540095, 0.0011089130571168917, -0.0017678232579676238, -0.011573874878261439], [0.0017663713201788837, 0.0013089499113251302, 0.9999975832883241, 0.02626585085194194], [0.0011112243692905145, -0.999998528479898, 0.0013069883089367185, 0.03241130199509425], [0.0, 0.0, 0.0, 1.0]]}, "Hobj2base": {"type": "ndarray", "data": [[0.9999994041245667, 0.0007902284816665387, -0.0007531862043512828, -0.7356138621785503], [0.0007895488715561878, -0.9999992813378868, -0.0009021841769416228, 0.09506050540093916], [-0.0007538985946972217, 0.0009015889620345182, -0.9999993093868877, 0.0049819864046819155], [0.0, 0.0, 0.0, 1.0]]}, "mean_rme": {"type": "float", "data": 0.0012508149086973125}, "max_rme": {"type": "float", "data": 0.0033076171481390138}, "simu": {"type": "float", "data": 0.002}}, {"type": "dict", "image_number": {"type": "int", "data": 11}, "Hcamera2end": {"type": "ndarray", "data": [[0.9999978116883614, 0.0010001852222023186, -0.0018374569409174441, -0.011856424160604284], [0.001835992725372049, 0.0014628992405798513, 0.9999972445244656, 0.026174083338896696], [0.0010028704805798753, -0.9999984297764335, 0.0014610597065083386, 0.03237760728154967], [0.0, 0.0, 0.0, 1.0]]}, "Hobj2base": {"type": "ndarray", "data": [[0.9999995355552368, 0.0006972224248344437, -0.0006654097993440884, -0.7353265303812432], [0.0006965205279709966, -0.9999992014616186, -0.0010544834184642961, 0.0950659875830509], [-0.0006661444774747935, 0.0010540194571302382, -0.9999992226469576, 0.004990057164322346], [0.0, 0.0, 0.0, 1.0]]}, "mean_rme": {"type": "float", "data": 0.0013557537161711613}, "max_rme": {"type": "float", "data": 0.003496667962569505}, "simu": {"type": "float", "data": 0.002}}, {"type": "dict", "image_number": {"type": "int", "data": 12}, "Hcamera2end": {"type": "ndarray", "data": [[0.9999982521030812, 0.00041302336413405255, -0.001823513773769574, -0.011675883010943407], [0.0018228747099929723, 0.0015424096437731682, 0.999997149046077, 0.027817543779290597], [0.00041583479185368735, -0.9999987251912829, 0.001541654057955033, 0.03250152279086469], [0.0, 0.0, 0.0, 1.0]]}, "Hobj2base": {"type": "ndarray", "data": [[0.9999998877773406, 0.0002174539226619595, -0.00042090271765880577, -0.7355563863067357], [0.00021694213442930856, -0.9999992376334337, -0.0012155939541560834, 0.09414404846681891], [-0.00042116673245034164, 0.0012155025062049413, -0.9999991725857778, 0.0036014434190709175], [0.0, 0.0, 0.0, 1.0]]}, "mean_rme": {"type": "float", "data": 0.0014189064436422641}, "max_rme": {"type": "float", "data": 0.0038946587096785057}, "simu": {"type": "float", "data": 0.002}}, {"type": "dict", "image_number": {"type": "int", "data": 13}, "Hcamera2end": {"type": "ndarray", "data": [[0.9999980051975229, 0.000310316203543887, -0.0019731459218050164, -0.011824796275624105], [0.0019726435613285683, 0.0016109251956537562, 0.9999967567934377, 0.02763669180088843], [0.0003134937876044762, -0.9999986543110283, 0.0016103098389151915, 0.03224372155682398], [0.0, 0.0, 0.0, 1.0]]}, "Hobj2base": {"type": "ndarray", "data": [[0.999999888034103, 0.0001166888759232621, -0.0004586016655112081, -0.7353428438377118], [0.00011606290951871668, -0.9999990620128465, -0.0013647354426175981, 0.09386387188170116], [-0.00045876048479346894, 0.0013646820631701608, -0.999998963590305, 0.003613799518778873], [0.0, 0.0, 0.0, 1.0]]}, "mean_rme": {"type": "float", "data": 0.0014952846812902737}, "max_rme": {"type": "float", "data": 0.003816630762847939}, "simu": {"type": "float", "data": 0.002}}, {"type": "dict", "image_number": {"type": "int", "data": 14}, "Hcamera2end": {"type": "ndarray", "data": [[0.9999977536889165, -0.00029577412872619057, -0.0020988412959835334, -0.012341290077012158], [0.002099380849139731, 0.001835858569973703, 0.999996111104119, 0.027644826851799], [-0.00029191980271115327, -0.9999982710689935, 0.0018364753886057628, 0.03192941474544365], [0.0, 0.0, 0.0, 1.0]]}, "Hobj2base": {"type": "ndarray", "data": [[0.9999997882704281, -0.0004908114711032372, -0.0004272741493985994, -0.7351949022925568], [-0.0004914261305478207, -0.999998842960004, -0.0014396454466240247, 0.09348962018378974], [-0.0004265670605257946, 0.0014398551154904328, -0.9999988724282591, 0.003959234975496475], [0.0, 0.0, 0.0, 1.0]]}, "mean_rme": {"type": "float", "data": 0.0015656069624645458}, "max_rme": {"type": "float", "data": 0.0039181801770542535}, "simu": {"type": "float", "data": 0.002}}, {"type": "dict", "image_number": {"type": "int", "data": 15}, "Hcamera2end": {"type": "ndarray", "data": [[0.9999984509343439, -0.0005002946483092591, -0.001687552718383141, -0.01224304501895556], [0.0016883431368207129, 0.0015837159190734695, 0.9999973206670806, 0.027503179912183005], [-0.0004976207037489593, -0.9999986207736252, 0.0015845581348293836, 0.03260971915245421], [0.0, 0.0, 0.0, 1.0]]}, "Hobj2base": {"type": "ndarray", "data": [[0.9999997143879806, -0.0006820556751885649, -0.0003256132875014405, -0.7358124499806219], [-0.0006823688065217957, -0.9999993039582367, -0.0009625257683368843, 0.09361778309512084], [-0.0003249565646981842, 0.0009627476817783361, -0.9999994837599333, 0.004170528788870428], [0.0, 0.0, 0.0, 1.0]]}, "mean_rme": {"type": "float", "data": 0.001575051452290921}, "max_rme": {"type": "float", "data": 0.0038362805100616917}, "simu": {"type": "float", "data": 0.002}}, {"type": "dict", "image_number": {"type": "int", "data": 16}, "Hcamera2end": {"type": "ndarray", "data": [[0.9999987715854397, 0.00018898621096703988, -0.0015559922312617404, -0.012209767228029566], [0.0015556719754025723, 0.0016830864544757906, 0.9999973735488968, 0.0281294960877647], [0.00019160458405170387, -0.9999985657510709, 0.0016827903863957383, 0.032716920043330315], [0.0, 0.0, 0.0, 1.0]]}, "Hobj2base": {"type": "ndarray", "data": [[0.9999997179303748, -0.00015898224743042983, -0.0007340734403972228, -0.7359035132075239], [-0.00015973472237173228, -0.9999994618038479, -0.0010251228381397267, 0.0930652985029142], [-0.0007339100689890221, 0.0010252398060009143, -0.9999992051293598, 0.0037218135978824354], [0.0, 0.0, 0.0, 1.0]]}, "mean_rme": {"type": "float", "data": 0.0015650415336272501}, "max_rme": {"type": "float", "data": 0.004134439851101734}, "simu": {"type": "float", "data": 0.002}}, {"type": "dict", "image_number": {"type": "int", "data": 17}, "Hcamera2end": {"type": "ndarray", "data": [[0.9999985988364568, 0.0005972336270405657, -0.0015638532916925066, -0.012417045902829337], [0.0015628411095622882, 0.0016915069673180128, 0.9999973481624068, 0.028127813343983343], [0.0005998773120127428, -0.9999983910567928, 0.0016905712159758224, 0.03279354431718004], [0.0, 0.0, 0.0, 1.0]]}, "Hobj2base": {"type": "ndarray", "data": [[0.9999994657408082, 0.000268281056899942, -0.000998270190167654, -0.7359195531020631], [0.0002670156263643892, -0.9999991610212458, -0.0012675407133875246, 0.09273096472373714], [-0.0009986094098024248, 0.0012672734824521392, -0.9999986983977367, 0.0040244917609421746], [0.0, 0.0, 0.0, 1.0]]}, "mean_rme": {"type": "float", "data": 0.001570032766765754}, "max_rme": {"type": "float", "data": 0.0043830203181658076}, "simu": {"type": "float", "data": 0.002}}, {"type": "dict", "image_number": {"type": "int", "data": 18}, "Hcamera2end": {"type": "ndarray", "data": [[0.9999988900853345, 0.0003320466359934712, -0.0014524369627166639, -0.012917864013584806], [0.0014518933373422228, 0.0016316161853308087, 0.999997614914336, 0.02811229094958609], [0.0003344156636903413, -0.9999986137858669, 0.0016311322780776516, 0.03273224067030315], [0.0, 0.0, 0.0, 1.0]]}, "Hobj2base": {"type": "ndarray", "data": [[0.9999996047178397, 2.6884962033691332e-05, -0.0008887301970574905, -0.7356038760627279], [2.5859992872680493e-05, -0.9999993346292924, -0.0011532875758380255, 0.09242454850245063], [-0.000888760611815141, 0.0011532641374074593, -0.9999989400426401, 0.0040761872050845355], [0.0, 0.0, 0.0, 1.0]]}, "mean_rme": {"type": "float", "data": 0.0015958914267138239}, "max_rme": {"type": "float", "data": 0.0044578759962390704}, "simu": {"type": "float", "data": 0.002}}, {"type": "dict", "image_number": {"type": "int", "data": 19}, "Hcamera2end": {"type": "ndarray", "data": [[0.9999988516598146, 0.0004599187819138954, -0.0014440061516565212, -0.012807258318006522], [0.001443299847980241, 0.0015323612057551728, 0.9999977843748874, 0.02829413129307744], [0.0004621305019139627, -0.9999987201711055, 0.0015316956453752528, 0.03234901968649537], [0.0, 0.0, 0.0, 1.0]]}, "Hobj2base": {"type": "ndarray", "data": [[0.9999996071661997, 0.00016028074835467825, -0.0008717669000046082, -0.7352983415198768], [0.00015932627022882667, -0.9999993879734033, -0.0010948369552799023, 0.09261422890453673], [-0.0008719418477465978, 0.001094697629822254, -0.9999990206767773, 0.0037911628530194006], [0.0, 0.0, 0.0, 1.0]]}, "mean_rme": {"type": "float", "data": 0.001594737768743882}, "max_rme": {"type": "float", "data": 0.003884035084258844}, "simu": {"type": "float", "data": 0.002}}, {"type": "dict", "image_number": {"type": "int", "data": 20}, "Hcamera2end": {"type": "ndarray", "data": [[0.9999988620175981, 0.00040208750205724395, -0.0014540595412224227, -0.012764638356889374], [0.0014534275004685258, 0.0015677482828537759, 0.9999977148543003, 0.028221968004507353], [0.00040436618257763636, -0.9999986902446235, 0.0015671620937507402, 0.032343361356652375], [0.0, 0.0, 0.0, 1.0]]}, "Hobj2base": {"type": "ndarray", "data": [[0.9999996364370501, 0.0001003951546052198, -0.0008467860299555483, -0.7352455054076436], [9.948229081207236e-05, -0.9999994140020954, -0.0010780068371229199, 0.09264487510103711], [-0.000846893760403787, 0.0010779222049854867, -0.9999990604268985, 0.0037861959518917187], [0.0, 0.0, 0.0, 1.0]]}, "mean_rme": {"type": "float", "data": 0.0015651651895841265}, "max_rme": {"type": "float", "data": 0.003949656467693741}, "simu": {"type": "float", "data": 0.002}}, {"type": "dict", "image_number": {"type": "int", "data": 21}, "Hcamera2end": {"type": "ndarray", "data": [[0.9999987877745008, 0.0005448367815468521, -0.0014586303200054237, -0.012723826912662392], [0.0014577373980326814, 0.0016356971942683707, 0.9999975997453028, 0.02823645775257985], [0.0005472213513217155, -0.9999985138226806, 0.0016349009824822014, 0.03219907544130506], [0.0, 0.0, 0.0, 1.0]]}, "Hobj2base": {"type": "ndarray", "data": [[0.999999595635986, 0.00022106376267048348, -0.0008716987309417649, -0.7353784389578377], [0.00022009441774855363, -0.9999993575543311, -0.0011119574508133136, 0.09261110365773945], [-0.0008719439844206968, 0.0011117651451530964, -0.999999001845477, 0.003740855297477403], [0.0, 0.0, 0.0, 1.0]]}, "mean_rme": {"type": "float", "data": 0.0015776619099243077}, "max_rme": {"type": "float", "data": 0.004075405405776972}, "simu": {"type": "float", "data": 0.002}}, {"type": "dict", "image_number": {"type": "int", "data": 22}, "Hcamera2end": {"type": "ndarray", "data": [[0.9999987554816137, 0.00047230030134867696, -0.0015053131398837692, -0.012694848700516993], [0.0015045368365669384, 0.001639737050623702, 0.9999975238125902, 0.028197783874884915], [0.0004747674495728749, -0.999998544096355, 0.0016390244167394652, 0.032156632947851996], [0.0, 0.0, 0.0, 1.0]]}, "Hobj2base": {"type": "ndarray", "data": [[0.9999996107426845, 0.00013183649304165712, -0.0008724297212757282, -0.7353475838648111], [0.0001308516794513342, -0.9999993543689123, -0.0011287779216393107, 0.0926407773010537], [-0.0008725779721305903, 0.001128663323360015, -0.9999989823628745, 0.0038161771740179732], [0.0, 0.0, 0.0, 1.0]]}, "mean_rme": {"type": "float", "data": 0.0015265033987696796}, "max_rme": {"type": "float", "data": 0.004057722700212485}, "simu": {"type": "float", "data": 0.002}}, {"type": "dict", "image_number": {"type": "int", "data": 23}, "Hcamera2end": {"type": "ndarray", "data": [[0.999998485955676, 0.0006815851172806387, -0.0016011021465416966, -0.012591698954024897], [0.0015999634761171288, 0.0016679009569925407, 0.9999973291080694, 0.028338557441563723], [0.0006842537766429087, -0.9999983767727453, 0.0016668079204230635, 0.0323378283594046], [0.0, 0.0, 0.0, 1.0]]}, "Hobj2base": {"type": "ndarray", "data": [[0.999999461044932, 0.0002985334775451107, -0.0009943780007165223, -0.7354177979836714], [0.0002973554244354474, -0.9999992540908411, -0.001184650797958392, 0.09279039811821901], [-0.000994730916923255, 0.0011843544757923882, -0.999998803906724, 0.0037437677615660874], [0.0, 0.0, 0.0, 1.0]]}, "mean_rme": {"type": "float", "data": 0.0015844900041512013}, "max_rme": {"type": "float", "data": 0.00494490744245632}, "simu": {"type": "float", "data": 0.002}}, {"type": "dict", "image_number": {"type": "int", "data": 24}, "Hcamera2end": {"type": "ndarray", "data": [[0.9999986064178259, 0.0007315100481242952, -0.0015006849954459873, -0.012754355504435363], [0.0014994368340958677, 0.0017038530133604013, 0.9999974242837274, 0.02830102188092246], [0.0007340651106135561, -0.9999982808875013, 0.001702753785790545, 0.03227473550065216], [0.0, 0.0, 0.0, 1.0]]}, "Hobj2base": {"type": "ndarray", "data": [[0.9999994287155864, 0.0003510262034826646, -0.0010096282014366359, -0.7354106388809415], [0.000349933166723356, -0.9999993527768252, -0.001082586121131868, 0.09264993513525265], [-0.0010100075640779096, 0.0010822322002735489, -0.9999989043284925, 0.0037789468741084437], [0.0, 0.0, 0.0, 1.0]]}, "mean_rme": {"type": "float", "data": 0.0015720147467880067}, "max_rme": {"type": "float", "data": 0.005049820061959892}, "simu": {"type": "float", "data": 0.002}}, {"type": "dict", "image_number": {"type": "int", "data": 25}, "Hcamera2end": {"type": "ndarray", "data": [[0.9999985118507476, 0.0007547900108702758, -0.0015513182554533678, -0.012709001669126412], [0.001550015030296327, 0.0017241384536900162, 0.9999973123963871, 0.028268022357834096], [0.0007574626697520535, -0.999998228817747, 0.0017229659520530127, 0.03229889643795], [0.0, 0.0, 0.0, 1.0]]}, "Hobj2base": {"type": "ndarray", "data": [[0.9999993654836923, 0.00034806945331216656, -0.0010713915570498016, -0.7354028229127443], [0.0003469046291135644, -0.9999993488256851, -0.0010872007098565336, 0.09267647981884428], [-0.0010717692807438591, 0.0010868283493192198, -0.9999988350566953, 0.0037621801450718273], [0.0, 0.0, 0.0, 1.0]]}, "mean_rme": {"type": "float", "data": 0.0015411891466688213}, "max_rme": {"type": "float", "data": 0.005022086967263667}, "simu": {"type": "float", "data": 0.002}}, {"type": "dict", "image_number": {"type": "int", "data": 26}, "Hcamera2end": {"type": "ndarray", "data": [[0.9999977691617337, 0.00146988729413301, -0.0015169386601274672, -0.012786808844785783], [0.0015145464865467212, 0.0016272024476984281, 0.9999975291775147, 0.027506380041711333], [0.0014723520286032007, -0.9999975958188785, 0.0016249726050359126, 0.03224749203978109], [0.0, 0.0, 0.0, 1.0]]}, "Hobj2base": {"type": "ndarray", "data": [[0.9999983882001834, 0.001009836589753103, -0.0014845292510511322, -0.7354742294092452], [0.0010082260444495277, -0.9999989028724989, -0.001085234556000681, 0.09294256727892829], [-0.0014856235318963787, 0.0010837360657651657, -0.9999983092180011, 0.004539379301392665], [0.0, 0.0, 0.0, 1.0]]}, "mean_rme": {"type": "float", "data": 0.0015807726442243176}, "max_rme": {"type": "float", "data": 0.004922616482598563}, "simu": {"type": "float", "data": 0.002}}, {"type": "dict", "image_number": {"type": "int", "data": 27}, "Hcamera2end": {"type": "ndarray", "data": [[0.9999982105409326, 0.0010966412600748147, -0.0015415229090730213, -0.012886215762211252], [0.0015397489546490478, 0.0016166344174524117, 0.9999975078300533, 0.02855791594208], [0.0010991306060485228, -0.9999980919337333, 0.0016149429723174569, 0.03227626574381921], [0.0, 0.0, 0.0, 1.0]]}, "Hobj2base": {"type": "ndarray", "data": [[0.9999988942587446, 0.0007130095622778091, -0.0013050282189643917, -0.7355237894253671], [0.0007115036193909585, -0.9999990809594064, -0.0011540549998370975, 0.0923570546406687], [-0.0013058498718407608, 0.0011531251914496726, -0.9999984825280512, 0.003823041061915508], [0.0, 0.0, 0.0, 1.0]]}, "mean_rme": {"type": "float", "data": 0.0016327882597334804}, "max_rme": {"type": "float", "data": 0.0057516670621069466}, "simu": {"type": "float", "data": 0.002}}, {"type": "dict", "image_number": {"type": "int", "data": 28}, "Hcamera2end": {"type": "ndarray", "data": [[0.9999982820925264, 0.001063804160852973, -0.001517936989232847, -0.013010244575384286], [0.0015162121068275853, 0.001620363646737788, 0.9999975377582185, 0.028758263910609195], [0.0010662611514253124, -0.9999981213694152, 0.0016187479103549895, 0.03209859398876793], [0.0, 0.0, 0.0, 1.0]]}, "Hobj2base": {"type": "ndarray", "data": [[0.9999989263660574, 0.0006773165296632572, -0.001299426431613361, -0.7353062066327057], [0.0006758360626332968, -0.9999991224783642, -0.0011394244680318739, 0.09235412807116303], [-0.0013001970423650534, 0.0011385450454638668, -0.9999985066003003, 0.0036813991148601966], [0.0, 0.0, 0.0, 1.0]]}, "mean_rme": {"type": "float", "data": 0.0016413832866414646}, "max_rme": {"type": "float", "data": 0.005686388128563258}, "simu": {"type": "float", "data": 0.002}}, {"type": "dict", "image_number": {"type": "int", "data": 29}, "Hcamera2end": {"type": "ndarray", "data": [[0.9999982777809233, 0.0011216566190708286, -0.0014786215256912625, -0.013099105607234447], [0.001476817340407512, 0.0016076270583167407, 0.9999976172700535, 0.028843693759330456], [0.0011240310184397234, -0.9999980787089895, 0.0016059678076856265, 0.03192532920287361], [0.0, 0.0, 0.0, 1.0]]}, "Hobj2base": {"type": "ndarray", "data": [[0.9999988814867126, 0.0007185825811748356, -0.001311740979672559, -0.7351160842173845], [0.0007171333408057246, -0.999999132393119, -0.001104958271145396, 0.09230890680285177], [-0.001312533845363629, 0.0011040163420438633, -0.9999985292003291, 0.0035740123805032093], [0.0, 0.0, 0.0, 1.0]]}, "mean_rme": {"type": "float", "data": 0.0016209439012344316}, "max_rme": {"type": "float", "data": 0.0057092991119708225}, "simu": {"type": "float", "data": 0.002}}, {"type": "dict", "image_number": {"type": "int", "data": 30}, "Hcamera2end": {"type": "ndarray", "data": [[0.999998263442379, 0.0011593362278675802, -0.0014591270463146175, -0.013092390195992483], [0.0014572121573722522, 0.0016508429169235228, 0.9999975756222572, 0.02887111114023646], [0.0011617422067479327, -0.9999979653265172, 0.0016491506512938958, 0.031985979619299526], [0.0, 0.0, 0.0, 1.0]]}, "Hobj2base": {"type": "ndarray", "data": [[0.999998815660399, 0.0007390529234322148, -0.0013499920650292833, -0.7351591624364695], [0.0007375611985461375, -0.9999991173211797, -0.0011051517274048711, 0.0923391663730102], [-0.0013508076390348542, 0.0011041547167644043, -0.9999984780793842, 0.003702973473886632], [0.0, 0.0, 0.0, 1.0]]}, "mean_rme": {"type": "float", "data": 0.001636419224537015}, "max_rme": {"type": "float", "data": 0.005556124631157622}, "simu": {"type": "float", "data": 0.002}}]}