{"type": "list", "data": [{"type": "dict", "image_number": {"type": "int", "data": 5}, "Hcamera2end": {"type": "ndarray", "data": [[0.9999841326742205, 0.005437792432192624, -0.0014713304358585917, -0.01769013722310942], [0.0014671229988172541, 0.0007776479233576605, 0.9999986214059562, 0.017128576654293966], [0.005438929112742385, -0.9999849127247726, 0.0007696576738246419, 0.03194683952776414], [0.0, 0.0, 0.0, 1.0]]}, "Hobj2base": {"type": "ndarray", "data": [[0.9999846001061639, 0.005354618492392244, 0.0014586333728634155, -0.7355435683733985], [0.005355986780442359, -0.999985218755042, -0.0009357761691838568, 0.08656404998109912], [0.0014536010880659752, 0.0009435741793927655, -0.999998498354695, 0.00409122751469253], [0.0, 0.0, 0.0, 1.0]]}, "mean_rme": {"type": "float", "data": 0.0010330980399424832}, "max_rme": {"type": "float", "data": 0.0028881371816666945}, "simu": {"type": "float", "data": 0.002}}, {"type": "dict", "image_number": {"type": "int", "data": 6}, "Hcamera2end": {"type": "ndarray", "data": [[0.999985206593975, 0.005155289296949539, -0.0017348156875328894, -0.014971837102796735], [0.0017334647870033682, 0.0002664983899579587, 0.9999984620380378, 0.017286997824741607], [0.005155743693898297, -0.9999866758966709, 0.00025755793507598046, 0.03095222424530859], [0.0, 0.0, 0.0, 1.0]]}, "Hobj2base": {"type": "ndarray", "data": [[0.999985555906472, 0.005073183158860157, 0.0017750467770651817, -0.7338636736819444], [0.005075427044039542, -0.9999863237123363, -0.0012619146591848782, 0.08879158879389548], [0.0017686205768179468, 0.0012709055523882683, -0.9999976283873537, 0.004380281931479453], [0.0, 0.0, 0.0, 1.0]]}, "mean_rme": {"type": "float", "data": 0.0012160226821018698}, "max_rme": {"type": "float", "data": 0.0026527503763678073}, "simu": {"type": "float", "data": 0.002}}, {"type": "dict", "image_number": {"type": "int", "data": 7}, "Hcamera2end": {"type": "ndarray", "data": [[0.9999850855057172, 0.00515846292013351, -0.00179416454794488, -0.01323584562993134], [0.001792561576960387, 0.00031535253241643524, 0.9999983436365146, 0.01741403065814748], [0.005159020170177655, -0.999986645317367, 0.0003061009666661674, 0.030695298681330325], [0.0, 0.0, 0.0, 1.0]]}, "Hobj2base": {"type": "ndarray", "data": [[0.999985606043236, 0.005091454742708224, 0.0016925705139695713, -0.7335918382165152], [0.00509368143825504, -0.9999861639777785, -0.0013138730581857098, 0.0904573054046461], [0.0016858575703129126, 0.0013224755613636618, -0.9999977044686863, 0.004587917258388268], [0.0, 0.0, 0.0, 1.0]]}, "mean_rme": {"type": "float", "data": 0.001215370778107294}, "max_rme": {"type": "float", "data": 0.0030195737949558765}, "simu": {"type": "float", "data": 0.002}}, {"type": "dict", "image_number": {"type": "int", "data": 8}, "Hcamera2end": {"type": "ndarray", "data": [[0.9999844254671284, 0.005258892587129259, -0.0018689226667266865, -0.014123481002756458], [0.0018683437594755024, 0.00011499218342914119, 0.9999982480326624, 0.017456128099704954], [0.005259098285219321, -0.9999861653170781, 0.00010516497333268315, 0.030547647610701174], [0.0, 0.0, 0.0, 1.0]]}, "Hobj2base": {"type": "ndarray", "data": [[0.9999849021196636, 0.005186638894825882, 0.0018150233335934576, -0.7338120223062159], [0.005189189836633785, -0.9999855510260571, -0.0014035839671037757, 0.089543973283954], [0.0018077172251726701, 0.0014129812765969346, -0.9999973678177088, 0.004629343858276978], [0.0, 0.0, 0.0, 1.0]]}, "mean_rme": {"type": "float", "data": 0.0013712902175422902}, "max_rme": {"type": "float", "data": 0.004258434180357873}, "simu": {"type": "float", "data": 0.002}}, {"type": "dict", "image_number": {"type": "int", "data": 9}, "Hcamera2end": {"type": "ndarray", "data": [[0.9999842503536951, 0.005287789272774385, -0.0018810447005008944, -0.014223889136570661], [0.0018803114223939583, 0.00014364181612880333, 0.9999982218964112, 0.017398557751989258], [0.0052880500672143, -0.9999860092279471, 0.0001336968632521529, 0.03070671667947814], [0.0, 0.0, 0.0, 1.0]]}, "Hobj2base": {"type": "ndarray", "data": [[0.999985083535277, 0.005193571465814992, 0.001691012233671008, -0.7340602124268263], [0.005195969289393225, -0.9999854973423421, -0.001416689144475269, 0.0895334827292193], [0.0016836300331828115, 0.001425454460115765, -0.9999975667317862, 0.004575773980552761], [0.0, 0.0, 0.0, 1.0]]}, "mean_rme": {"type": "float", "data": 0.001333939014898413}, "max_rme": {"type": "float", "data": 0.004111169496304107}, "simu": {"type": "float", "data": 0.002}}, {"type": "dict", "image_number": {"type": "int", "data": 10}, "Hcamera2end": {"type": "ndarray", "data": [[0.999990779557759, 0.004091459671993151, -0.0013041308285297642, -0.014073940209429418], [0.0013032781816126025, 0.00021105600098425548, 0.9999991284602932, 0.017922173306975646], [0.004091731350761017, -0.9999916076713429, 0.00020572174483313166, 0.030616777405822453], [0.0, 0.0, 0.0, 1.0]]}, "Hobj2base": {"type": "ndarray", "data": [[0.9999909886164532, 0.004068533555702947, 0.0012123203350087814, -0.7340001766209034], [0.004069658772735394, -0.9999912891113685, -0.0009271347568634993, 0.09027781937711664], [0.0012085376957523997, 0.0009320601321833396, -0.9999988353495959, 0.004351351840240242], [0.0, 0.0, 0.0, 1.0]]}, "mean_rme": {"type": "float", "data": 0.0012699120633996466}, "max_rme": {"type": "float", "data": 0.004243224318535799}, "simu": {"type": "float", "data": 0.002}}, {"type": "dict", "image_number": {"type": "int", "data": 11}, "Hcamera2end": {"type": "ndarray", "data": [[0.9999922261146331, 0.0037981500024228017, -0.0010591349581171798, -0.014571448611521551], [0.0010561745631445815, 0.0007813518446245782, 0.9999991369919211, 0.0178439304454122], [0.0037989742816418957, -0.9999924817446649, 0.0007773342610652989, 0.030261192316197498], [0.0, 0.0, 0.0, 1.0]]}, "Hobj2base": {"type": "ndarray", "data": [[0.9999928043174162, 0.0037182951205154656, 0.0007520603609634865, -0.7335796781708428], [0.003719214938441055, -0.9999923329054374, -0.0012253858913018091, 0.09020497381887278], [0.0007474982484652062, 0.0012281741479429975, -0.9999989664167814, 0.004600783674988779], [0.0, 0.0, 0.0, 1.0]]}, "mean_rme": {"type": "float", "data": 0.0012956391657628996}, "max_rme": {"type": "float", "data": 0.004395050534613781}, "simu": {"type": "float", "data": 0.002}}, {"type": "dict", "image_number": {"type": "int", "data": 12}, "Hcamera2end": {"type": "ndarray", "data": [[0.9999924880827444, 0.0037220897445425566, -0.0010815849554675146, -0.015345531097687114], [0.0010785748382449087, 0.0008106292733459641, 0.9999990897778351, 0.017987121103287887], [0.0037229631210404855, -0.9999927444377353, 0.0008066086316217413, 0.03168596491788387], [0.0, 0.0, 0.0, 1.0]]}, "Hobj2base": {"type": "ndarray", "data": [[0.9999930873888047, 0.0036502819880153596, 0.000707542235158311, -0.7350277447766452], [0.003651173217510059, -0.9999925375605219, -0.0012624410499748385, 0.08939132291276637], [0.0007029286893415483, 0.0012650156824699703, -0.9999989528127424, 0.004679044707931124], [0.0, 0.0, 0.0, 1.0]]}, "mean_rme": {"type": "float", "data": 0.0014521127366717115}, "max_rme": {"type": "float", "data": 0.0037986715021900985}, "simu": {"type": "float", "data": 0.002}}, {"type": "dict", "image_number": {"type": "int", "data": 13}, "Hcamera2end": {"type": "ndarray", "data": [[0.9999946225313587, 0.0032731134097589683, -0.0002040513958898218, -0.016543451293358886], [0.00020200179817404774, 0.0006265104527715115, 0.9999997833399399, 0.018043431974705152], [0.003273240540938447, -0.9999944470912125, 0.0006258459089367729, 0.032323368304403105], [0.0, 0.0, 0.0, 1.0]]}, "Hobj2base": {"type": "ndarray", "data": [[0.9999947064655806, 0.003215653215666111, 0.0004966036787035353, -0.7351596964937154], [0.003215835663406387, -0.9999947618310492, -0.0003670305842533345, 0.0885500125161712], [0.0004954208343310624, 0.0003686256371848574, -0.9999998093366504, 0.0046944586217769375], [0.0, 0.0, 0.0, 1.0]]}, "mean_rme": {"type": "float", "data": 0.0014616728939277324}, "max_rme": {"type": "float", "data": 0.004296377927280326}, "simu": {"type": "float", "data": 0.002}}, {"type": "dict", "image_number": {"type": "int", "data": 14}, "Hcamera2end": {"type": "ndarray", "data": [[0.9999947452844331, 0.003239185336726482, -0.00013069765155441257, -0.01651899850503733], [0.00012891172497939054, 0.0005515531894402237, 0.9999998395854105, 0.018212068074727125], [0.0032392569038204623, -0.9999946017191462, 0.0005511327222158524, 0.03232309786684248], [0.0, 0.0, 0.0, 1.0]]}, "Hobj2base": {"type": "ndarray", "data": [[0.9999948259126393, 0.0031841752511815027, 0.00045735754065450633, -0.7351977502320918], [0.0031842893171960557, -0.9999948991643968, -0.00024889100498809663, 0.08862705576366266], [0.0004565626951705548, 0.00025034607593513874, -0.9999998644386645, 0.0048313710462328996], [0.0, 0.0, 0.0, 1.0]]}, "mean_rme": {"type": "float", "data": 0.001468483097035147}, "max_rme": {"type": "float", "data": 0.004305126907878987}, "simu": {"type": "float", "data": 0.002}}, {"type": "dict", "image_number": {"type": "int", "data": 15}, "Hcamera2end": {"type": "ndarray", "data": [[0.9999942589761163, 0.003380603981897948, -0.00023136880894064106, -0.016245936767569982], [0.0002298964129560546, 0.0004359243897136267, 0.9999998785587756, 0.018224738455323148], [0.0033807044306600974, -0.9999941907264482, 0.0004351446983322793, 0.03216003088163393], [0.0, 0.0, 0.0, 1.0]]}, "Hobj2base": {"type": "ndarray", "data": [[0.9999942284800397, 0.003356181840069036, 0.000528251896790646, -0.7348731354152959], [0.0033563779702384658, -0.999994298588295, -0.0003708339574294655, 0.08863293264864208], [0.0005270042988154928, 0.00037260483018300303, -0.9999997917160326, 0.004785641749372667], [0.0, 0.0, 0.0, 1.0]]}, "mean_rme": {"type": "float", "data": 0.0015116042061747142}, "max_rme": {"type": "float", "data": 0.003935784075489446}, "simu": {"type": "float", "data": 0.002}}, {"type": "dict", "image_number": {"type": "int", "data": 16}, "Hcamera2end": {"type": "ndarray", "data": [[0.9999941138241476, 0.003407469182578518, -0.0004018343283043414, -0.01621220867206781], [0.0004004056128839304, 0.00041996113666054047, 0.9999998316539801, 0.01827488997411817], [0.0034076373637459073, -0.9999941063758392, 0.0004185942949089805, 0.03209941856120144], [0.0, 0.0, 0.0, 1.0]]}, "Hobj2base": {"type": "ndarray", "data": [[0.9999941138981684, 0.0033896386140462326, 0.0005315252423455756, -0.7348095697652336], [0.0033899221439414864, -0.9999941119193758, -0.0005334364413416404, 0.0885651261871924], [0.0005297139559223838, 0.000535235130669517, -0.9999997164631997, 0.004813669218638423], [0.0, 0.0, 0.0, 1.0]]}, "mean_rme": {"type": "float", "data": 0.0014569005097334975}, "max_rme": {"type": "float", "data": 0.003915634874688462}, "simu": {"type": "float", "data": 0.002}}, {"type": "dict", "image_number": {"type": "int", "data": 17}, "Hcamera2end": {"type": "ndarray", "data": [[0.9999955868287405, 0.0029595254313048817, -0.0002598697068975481, -0.016343470487887264], [0.000258608407867361, 0.00042655757182497034, 0.9999998755851569, 0.018247844599939046], [0.002959635912487155, -0.9999955296189376, 0.0004257903311934985, 0.03250208113028842], [0.0, 0.0, 0.0, 1.0]]}, "Hobj2base": {"type": "ndarray", "data": [[0.9999955792460975, 0.002948838220812862, 0.00038189188171519617, -0.7350549659173929], [0.0029489901605203148, -0.9999955725523484, -0.00039791046059022066, 0.08835579174961145], [0.00038071681733423146, 0.0003990348969275599, -0.9999998479129166, 0.0047186821901132325], [0.0, 0.0, 0.0, 1.0]]}, "mean_rme": {"type": "float", "data": 0.0014990611666375457}, "max_rme": {"type": "float", "data": 0.0039998574423795175}, "simu": {"type": "float", "data": 0.002}}, {"type": "dict", "image_number": {"type": "int", "data": 18}, "Hcamera2end": {"type": "ndarray", "data": [[0.9999958444769954, 0.002882746919257522, 2.82655322795249e-05, -0.016587178636859025], [-2.9066208044188765e-05, 0.00027770598795440193, 0.9999999610172693, 0.018369526084862416], [0.0028827389573726075, -0.9999958063159985, 0.00027778862446248276, 0.03274337660987275], [0.0, 0.0, 0.0, 1.0]]}, "Hobj2base": {"type": "ndarray", "data": [[0.9999959055163193, 0.002842175676450549, 0.00033314864647154466, -0.7351015452959806], [0.002842205176982246, -0.9999959570449464, -8.811069115526995e-05, 0.08817567323319919], [0.000332896873503304, 8.905720719518898e-05, -0.999999940624241, 0.004805455092527827], [0.0, 0.0, 0.0, 1.0]]}, "mean_rme": {"type": "float", "data": 0.0015236237520816513}, "max_rme": {"type": "float", "data": 0.004077861615073508}, "simu": {"type": "float", "data": 0.002}}, {"type": "dict", "image_number": {"type": "int", "data": 19}, "Hcamera2end": {"type": "ndarray", "data": [[0.9999961755226695, 0.0027656688349945997, 3.991178851418548e-06, -0.01672551391911086], [-5.341541306465216e-06, 0.0004882516970732276, 0.999999880790867, 0.018276454016596087], [0.002765666556601768, -0.9999960563353114, 0.000488264602699906, 0.032963544742759116], [0.0, 0.0, 0.0, 1.0]]}, "Hobj2base": {"type": "ndarray", "data": [[0.9999962375015868, 0.00273909708942484, 0.00014943160501921607, -0.735319774308644], [0.002739122345051222, -0.9999962343050972, -0.00016906923305847393, 0.08794112706101612], [0.00014896794526120084, 0.00016947790838411783, -0.9999999745428954, 0.004632049768233927], [0.0, 0.0, 0.0, 1.0]]}, "mean_rme": {"type": "float", "data": 0.001575704494360698}, "max_rme": {"type": "float", "data": 0.005208393624373864}, "simu": {"type": "float", "data": 0.002}}, {"type": "dict", "image_number": {"type": "int", "data": 20}, "Hcamera2end": {"type": "ndarray", "data": [[0.9999957408138942, 0.0029039316131023686, -0.0002924641129894163, -0.01673292099098305], [0.0002912884455467896, 0.000405268382996371, 0.9999998754542818, 0.01821229407474221], [0.002904049777888276, -0.9999957014601233, 0.00040442077515734365, 0.03317075546568832], [0.0, 0.0, 0.0, 1.0]]}, "Hobj2base": {"type": "ndarray", "data": [[0.9999958887627458, 0.0028640563207165018, 0.0001401392088708418, -0.7355451556359487], [0.002864124266496098, -0.9999957797683809, -0.0004870704409267499, 0.08781072943274235], [0.00013874362027595097, 0.0004874698145734223, -0.999999871561686, 0.004591669266163845], [0.0, 0.0, 0.0, 1.0]]}, "mean_rme": {"type": "float", "data": 0.0015580783619241574}, "max_rme": {"type": "float", "data": 0.0051223462795569885}, "simu": {"type": "float", "data": 0.002}}, {"type": "dict", "image_number": {"type": "int", "data": 21}, "Hcamera2end": {"type": "ndarray", "data": [[0.9999956256410589, 0.002943549909112383, -0.0002901942103179828, -0.01666010403571626], [0.00028898726650916206, 0.00041044705152848415, 0.9999998740097809, 0.018192779970305203], [0.0029436686476118808, -0.9999955835138226, 0.00040959460764367073, 0.03279002201202041], [0.0, 0.0, 0.0, 1.0]]}, "Hobj2base": {"type": "ndarray", "data": [[0.9999957783025673, 0.0029027478593635077, 0.00013202995033674268, -0.7351666316747971], [0.0029028111581799565, -0.9999956707736308, -0.00048178976398271633, 0.08775634254444788], [0.00013063086454313607, 0.00048217098802515797, -0.9999998752233501, 0.004531783315698656], [0.0, 0.0, 0.0, 1.0]]}, "mean_rme": {"type": "float", "data": 0.0015916816386807569}, "max_rme": {"type": "float", "data": 0.005044350389916907}, "simu": {"type": "float", "data": 0.002}}, {"type": "dict", "image_number": {"type": "int", "data": 22}, "Hcamera2end": {"type": "ndarray", "data": [[0.9999950030195541, 0.003148451360907036, -0.00028493850204287384, -0.016554050443722868], [0.00028358220191785906, 0.0004312212813449845, 0.9999998668146615, 0.018160949632803826], [0.0031485738131254324, -0.999994950638369, 0.00043032628177119836, 0.032887543717757164], [0.0, 0.0, 0.0, 1.0]]}, "Hobj2base": {"type": "ndarray", "data": [[0.9999951654020869, 0.0031076395941173935, 0.00010839098611557865, -0.7351509168757823], [0.003107692643125409, -0.9999950497160319, -0.000492737117957259, 0.08784672218310634], [0.0001068592001721625, 0.0004930715816415493, -0.9999998727307555, 0.004536122848740934], [0.0, 0.0, 0.0, 1.0]]}, "mean_rme": {"type": "float", "data": 0.0015950691307266567}, "max_rme": {"type": "float", "data": 0.005004923571391706}, "simu": {"type": "float", "data": 0.002}}, {"type": "dict", "image_number": {"type": "int", "data": 23}, "Hcamera2end": {"type": "ndarray", "data": [[0.9999940936734145, 0.0034337919170354934, -0.000147279858701891, -0.01638499118122309], [0.0001458927836382679, 0.0004041954752446175, 0.9999999076706524, 0.018580206742736166], [0.003433851129848208, -0.9999940228316807, 0.0004036921224728207, 0.03283151558993102], [0.0, 0.0, 0.0, 1.0]]}, "Hobj2base": {"type": "ndarray", "data": [[0.9999942028295101, 0.003402286250671437, 0.0001369512364364917, -0.7351709058924663], [0.0034023264698437214, -0.9999941686988854, -0.0002945213371675709, 0.08811814402981331], [0.00013594839193661944, 0.00029498558259397214, -0.999999947250769, 0.004277049739943924], [0.0, 0.0, 0.0, 1.0]]}, "mean_rme": {"type": "float", "data": 0.0016263295470416114}, "max_rme": {"type": "float", "data": 0.005169785702431984}, "simu": {"type": "float", "data": 0.002}}, {"type": "dict", "image_number": {"type": "int", "data": 24}, "Hcamera2end": {"type": "ndarray", "data": [[0.99999446367009, 0.0033210159275875997, -0.0002085242856737701, -0.01620930616898865], [0.00020737899707011292, 0.00034520154042916307, 0.9999999189149208, 0.01859382538740719], [0.0033210876412073913, -0.9999944258290169, 0.0003445109203272789, 0.03281483633290548], [0.0, 0.0, 0.0, 1.0]]}, "Hobj2base": {"type": "ndarray", "data": [[0.9999945584221128, 0.003294801194057046, 0.0001655634475322503, -0.7349913903998674], [0.0032948593844036793, -0.999994509831013, -0.00035243363718883965, 0.08819571480900056], [0.00016440133979230966, 0.0003529772276725687, -0.9999999241896351, 0.004235655412084985], [0.0, 0.0, 0.0, 1.0]]}, "mean_rme": {"type": "float", "data": 0.001631879886745921}, "max_rme": {"type": "float", "data": 0.005158510107895364}, "simu": {"type": "float", "data": 0.002}}, {"type": "dict", "image_number": {"type": "int", "data": 25}, "Hcamera2end": {"type": "ndarray", "data": [[0.9999944281027552, 0.003330846525277452, -0.000221866781190707, -0.01620543554060963], [0.00022076334592433162, 0.0003316417376252323, 0.9999999206386486, 0.018548749721295155], [0.0033309198412218048, -0.9999943977218989, 0.00033090456092788045, 0.032792181314185376], [0.0, 0.0, 0.0, 1.0]]}, "Hobj2base": {"type": "ndarray", "data": [[0.9999944187937061, 0.0033368750512158397, 0.00016627185716425652, -0.7350030513272123], [0.003336933129490499, -0.9999943710843597, -0.00035025260217470773, 0.0882165836979902], [0.00016510217206417896, 0.00035080548541135335, -0.9999999248383893, 0.004218440628777096], [0.0, 0.0, 0.0, 1.0]]}, "mean_rme": {"type": "float", "data": 0.0016041447066734956}, "max_rme": {"type": "float", "data": 0.0050992167995034254}, "simu": {"type": "float", "data": 0.002}}, {"type": "dict", "image_number": {"type": "int", "data": 26}, "Hcamera2end": {"type": "ndarray", "data": [[0.9999943405089201, 0.0033582400427984755, -0.00020291363908605956, -0.01614417130117584], [0.00020183549632857593, 0.000321379775671482, 0.9999999279887337, 0.018634003972794508], [0.0033583050133071672, -0.9999943094532364, 0.00032070014477969533, 0.03273533593611718], [0.0, 0.0, 0.0, 1.0]]}, "Hobj2base": {"type": "ndarray", "data": [[0.9999943353287761, 0.0033606185072501253, 0.00018855664421960907, -0.7348995176874755], [0.003360685444021533, -0.9999942895803762, -0.00035580891582768945, 0.08819275589801652], [0.00018735982945447261, 0.00035644057985676517, -0.9999999189232003, 0.0042459275116340615], [0.0, 0.0, 0.0, 1.0]]}, "mean_rme": {"type": "float", "data": 0.0016332126103410698}, "max_rme": {"type": "float", "data": 0.00521821540600842}, "simu": {"type": "float", "data": 0.002}}, {"type": "dict", "image_number": {"type": "int", "data": 27}, "Hcamera2end": {"type": "ndarray", "data": [[0.9999936443761352, 0.0035652005437163455, -2.3503589607217455e-05, -0.016004561743600702], [2.267971585780018e-05, 0.00023112788445689425, 0.9999999730327656, 0.01877866666014624], [0.0035652058799076894, -0.9999936179421269, 0.00023104555775965707, 0.03273050720237915], [0.0, 0.0, 0.0, 1.0]]}, "Hobj2base": {"type": "ndarray", "data": [[0.9999936637213153, 0.003554942807531629, 0.00018681235551039555, -0.7350240796656389], [0.0035549724762739504, -0.9999936684685855, -0.00015872439473623278, 0.0883596650499432], [0.00018624691655665066, 0.00015938750179630103, -0.9999999699538547, 0.004334104278358342], [0.0, 0.0, 0.0, 1.0]]}, "mean_rme": {"type": "float", "data": 0.0017002662576330286}, "max_rme": {"type": "float", "data": 0.005832680176760863}, "simu": {"type": "float", "data": 0.002}}, {"type": "dict", "image_number": {"type": "int", "data": 28}, "Hcamera2end": {"type": "ndarray", "data": [[0.99999365873315, 0.003561139761921058, 2.787623175462767e-05, -0.015938660077156636], [-2.9013888068532816e-05, 0.00031941283940184473, 0.9999999485668147, 0.01878001175322664], [0.0035611306747339606, -0.9999936081090888, 0.0003195141364302767, 0.032445664716873185], [0.0, 0.0, 0.0, 1.0]]}, "Hobj2base": {"type": "ndarray", "data": [[0.9999936739559733, 0.0035559229911648325, 8.636964418429343e-05, -0.7348525065805989], [0.0035559363511463815, -0.9999936656217543, -0.0001550259121737287, 0.08854829798620847], [8.581783688097337e-05, 0.00015533205643037353, -0.9999999842536254, 0.0044250710377503905], [0.0, 0.0, 0.0, 1.0]]}, "mean_rme": {"type": "float", "data": 0.0016910712353118492}, "max_rme": {"type": "float", "data": 0.005748328337071951}, "simu": {"type": "float", "data": 0.002}}, {"type": "dict", "image_number": {"type": "int", "data": 29}, "Hcamera2end": {"type": "ndarray", "data": [[0.9999948788413833, 0.0032000728168681703, 4.271971369670339e-05, -0.01554903652783804], [-4.3394497888293295e-05, 0.0002107961254116386, 0.9999999768409553, 0.01877310632867601], [0.003200063737607415, -0.9999948575362576, 0.00021093391144444418, 0.03246493620901682], [0.0, 0.0, 0.0, 1.0]]}, "Hobj2base": {"type": "ndarray", "data": [[0.9999948891493368, 0.003191780994301306, 0.0001849575359951582, -0.7349545858563372], [0.0031917961296017852, -0.9999949028769608, -8.159390464761337e-05, 0.08899061011196409], [0.00018469616336973507, 8.218383438088172e-05, -0.9999999795665724, 0.004307989555319203], [0.0, 0.0, 0.0, 1.0]]}, "mean_rme": {"type": "float", "data": 0.0017310438041766086}, "max_rme": {"type": "float", "data": 0.0058582613983751974}, "simu": {"type": "float", "data": 0.002}}, {"type": "dict", "image_number": {"type": "int", "data": 30}, "Hcamera2end": {"type": "ndarray", "data": [[0.9999950189488197, 0.003154391121493227, 0.00010906054500315482, -0.015568428143921861], [-0.00010964680787693996, 0.00018568377559080584, 0.9999999767495563, 0.01882608534081005], [0.0031543707973784693, -0.9999950076566323, 0.0001860287196077115, 0.0325167167292786], [0.0, 0.0, 0.0, 1.0]]}, "Hobj2base": {"type": "ndarray", "data": [[0.9999950426378543, 0.0031442461413789557, 0.00016857021786333986, -0.7349803452556664], [0.0031442493008253278, -0.9999950566651776, -1.8480876349447314e-05, 0.08897743143405834], [0.00016851127614016077, 1.901081152270726e-05, -0.9999999856212693, 0.004322229387069996], [0.0, 0.0, 0.0, 1.0]]}, "mean_rme": {"type": "float", "data": 0.0017058031161641188}, "max_rme": {"type": "float", "data": 0.005777199827337709}, "simu": {"type": "float", "data": 0.002}}]}