{"type": "list", "data": [{"type": "dict", "image_number": {"type": "int", "data": 5}, "Hcamera2end": {"type": "ndarray", "data": [[0.9999972465892407, 0.002346164357370361, -4.8236349491796726e-05, -0.00855908475371007], [4.6671117271672924e-05, 0.0006671953442781708, 0.9999997763360646, 0.038725318524035504], [0.0023461960156858142, -0.9999970251771655, 0.0006670840091034247, 0.03480569352754137], [0.0, 0.0, 0.0, 1.0]]}, "Hobj2base": {"type": "ndarray", "data": [[0.9999951586670041, 0.0030575674712796266, 0.0005778613258764014, -0.7378257039076571], [0.0030563551751202444, -0.9999931509785169, 0.002087268334514331, 0.09428208950296682], [0.0005842393318552094, -0.0020854920798994278, -0.9999976546908436, -0.001332824125080867], [0.0, 0.0, 0.0, 1.0]]}, "mean_rme": {"type": "float", "data": 0.0019398986670382669}, "max_rme": {"type": "float", "data": 0.006239264207591081}, "simu": {"type": "float", "data": 0.002}}, {"type": "dict", "image_number": {"type": "int", "data": 6}, "Hcamera2end": {"type": "ndarray", "data": [[0.9999985706378118, 0.0016411163395423567, -0.0004067671241483083, -0.009537055046602069], [0.00040836137017707843, -0.0009712218787751858, 0.999999444984373, 0.038552839631200125], [0.0016407203675666028, -0.9999981817309582, -0.000971890659064556, 0.034613143986486475], [0.0, 0.0, 0.0, 1.0]]}, "Hobj2base": {"type": "ndarray", "data": [[0.9999951932618397, 0.002394151886309093, 0.0019701497306150017, -0.7370794920951896], [0.002391227227478547, -0.9999960376464627, 0.0014855045340141579, 0.09316945734728632], [0.001973698447667479, -0.001480786317904771, -0.9999969558885258, -0.0018975528680991172], [0.0, 0.0, 0.0, 1.0]]}, "mean_rme": {"type": "float", "data": 0.0018751880281079301}, "max_rme": {"type": "float", "data": 0.006174141961303194}, "simu": {"type": "float", "data": 0.002}}, {"type": "dict", "image_number": {"type": "int", "data": 7}, "Hcamera2end": {"type": "ndarray", "data": [[0.9999979532212072, 0.001254457539174961, -0.0015874160383212573, -0.011159469116005866], [0.0015887608989269178, -0.0010717971255076453, 0.9999981635431778, 0.03887533611851927], [0.0012527538474709974, -0.9999986387926758, -0.0010737879648636817, 0.03388759549914229], [0.0, 0.0, 0.0, 1.0]]}, "Hobj2base": {"type": "ndarray", "data": [[0.9999960033376348, 0.0019714958768452815, 0.002026453247572123, -0.7364277239701399], [0.0019708949520549253, -0.9999980132351245, 0.0002984943738532132, 0.09094859127788237], [0.002027037701913303, -0.00029449925439576784, -0.9999979021919714, -0.0017330930149879822], [0.0, 0.0, 0.0, 1.0]]}, "mean_rme": {"type": "float", "data": 0.0020470876756126704}, "max_rme": {"type": "float", "data": 0.006304712744605572}, "simu": {"type": "float", "data": 0.002}}, {"type": "dict", "image_number": {"type": "int", "data": 8}, "Hcamera2end": {"type": "ndarray", "data": [[0.999996691280568, 0.0024197570492778, -0.0008730428047342369, -0.012680022763363356], [0.0008737325141152098, -0.0002839900374540516, 0.9999995779704871, 0.038276263049456805], [0.0024195080926100957, -0.9999970320583362, -0.00028610331822109814, 0.03359186347335765], [0.0, 0.0, 0.0, 1.0]]}, "Hobj2base": {"type": "ndarray", "data": [[0.9999954079802352, 0.002897558120138672, 0.0008877924213540533, -0.7360087960348514], [0.0028971249756005873, -0.9999956838674529, 0.0004887876240960294, 0.08987030033017833], [0.000889204880073511, -0.00048621333397654503, -0.999999486455506, -0.0012274348782450734], [0.0, 0.0, 0.0, 1.0]]}, "mean_rme": {"type": "float", "data": 0.0020413660170650236}, "max_rme": {"type": "float", "data": 0.006282083288247094}, "simu": {"type": "float", "data": 0.002}}, {"type": "dict", "image_number": {"type": "int", "data": 9}, "Hcamera2end": {"type": "ndarray", "data": [[0.9999972589233048, 0.0021935512630222977, -0.0008188276579527546, -0.0121548393769466], [0.0008197431698704795, -0.000416498621758965, 0.9999995772749273, 0.03821264158758743], [0.0021932092951621853, -0.9999975074277707, -0.000418295628769938, 0.03369508178269618], [0.0, 0.0, 0.0, 1.0]]}, "Hobj2base": {"type": "ndarray", "data": [[0.9999959491241227, 0.0026501650820846953, 0.0010384413236803243, -0.7359302730901329], [0.002649629627838923, -0.9999963562510579, 0.0005166695681946005, 0.09049250839975524], [0.0010398067995094548, -0.0005139159903323144, -0.9999993273458612, -0.0012190945869815012], [0.0, 0.0, 0.0, 1.0]]}, "mean_rme": {"type": "float", "data": 0.0018804872201452336}, "max_rme": {"type": "float", "data": 0.006196907216087462}, "simu": {"type": "float", "data": 0.002}}, {"type": "dict", "image_number": {"type": "int", "data": 10}, "Hcamera2end": {"type": "ndarray", "data": [[0.9999960305088583, 0.0026547294609754074, -0.0009441281774810068, -0.012569265882711147], [0.0009450277847734308, -0.0003376356914774892, 0.999999496462186, 0.03818660309618096], [0.002654409352848691, -0.9999964192004033, -0.0003401431443372793, 0.0335560091435567], [0.0, 0.0, 0.0, 1.0]]}, "Hobj2base": {"type": "ndarray", "data": [[0.9999948742757623, 0.0030591723822820625, 0.000944926736736403, -0.7357221498746765], [0.00305894095271194, -0.9999952911055108, 0.0002462662224339305, 0.09031259545920714], [0.0009456756580024587, -0.00024337448504886983, -0.9999995232330912, -0.001000492986222623], [0.0, 0.0, 0.0, 1.0]]}, "mean_rme": {"type": "float", "data": 0.0018673959155977912}, "max_rme": {"type": "float", "data": 0.005959311226398874}, "simu": {"type": "float", "data": 0.002}}, {"type": "dict", "image_number": {"type": "int", "data": 11}, "Hcamera2end": {"type": "ndarray", "data": [[0.9999943104663651, 0.0031508864489139064, -0.0012045536456033344, -0.013138966725983739], [0.0012062553630640786, -0.0005382311541783924, 0.9999991276272318, 0.03812975642948461], [0.0031502353718674287, -0.9999948910978553, -0.0005420288655715311, 0.034039713610418396], [0.0, 0.0, 0.0, 1.0]]}, "Hobj2base": {"type": "ndarray", "data": [[0.99999315020516, 0.0034816950799356474, 0.0012559228203077035, -0.7357688965453335], [0.0034815702679242624, -0.9999939341595003, 0.00010155134085885301, 0.08943138194947046], [0.0012562687728840244, -9.717806170301153e-05, -0.9999992061722824, -0.0007895670925500193], [0.0, 0.0, 0.0, 1.0]]}, "mean_rme": {"type": "float", "data": 0.001839396442678086}, "max_rme": {"type": "float", "data": 0.006221414023254601}, "simu": {"type": "float", "data": 0.002}}, {"type": "dict", "image_number": {"type": "int", "data": 12}, "Hcamera2end": {"type": "ndarray", "data": [[0.9999951163658812, 0.002936387286326718, -0.0010699878935925492, -0.013220144788914864], [0.00107143708239393, -0.0004919991191070228, 0.9999993049794811, 0.03809747937087874], [0.0029358588123761997, -0.9999955677734633, -0.0004951428705901595, 0.034049543098162195], [0.0, 0.0, 0.0, 1.0]]}, "Hobj2base": {"type": "ndarray", "data": [[0.9999939755873556, 0.003245180688473645, 0.001231905554220889, -0.7358599814567018], [0.003244919829327919, -0.9999947124014825, 0.0002136922496021083, 0.08953946992028883], [0.0012325925103605921, -0.00020969352747106723, -0.9999992183718585, -0.0009044110043123407], [0.0, 0.0, 0.0, 1.0]]}, "mean_rme": {"type": "float", "data": 0.0017921592315046134}, "max_rme": {"type": "float", "data": 0.0060763306557112436}, "simu": {"type": "float", "data": 0.002}}, {"type": "dict", "image_number": {"type": "int", "data": 13}, "Hcamera2end": {"type": "ndarray", "data": [[0.9999956334801469, 0.002787342069200566, -0.0009817050622013654, -0.013216166674546377], [0.000983208577899304, -0.0005380893659079344, 0.9999993718801662, 0.038092835996329594], [0.0027868120733612997, -0.9999959705838938, -0.0005408275549620978, 0.03387177498112367], [0.0, 0.0, 0.0, 1.0]]}, "Hobj2base": {"type": "ndarray", "data": [[0.9999945099469358, 0.003076519451542874, 0.0012308956299503886, -0.7357649595329078], [0.003076196718505372, -0.9999952336472371, 0.00026400105405190475, 0.08949584979013606], [0.0012317019674456208, -0.0002602131275744331, -0.9999992075993818, -0.0011211221938663503], [0.0, 0.0, 0.0, 1.0]]}, "mean_rme": {"type": "float", "data": 0.0018096195685987355}, "max_rme": {"type": "float", "data": 0.0061545132928021405}, "simu": {"type": "float", "data": 0.002}}, {"type": "dict", "image_number": {"type": "int", "data": 14}, "Hcamera2end": {"type": "ndarray", "data": [[0.9999966327520537, 0.0024718954901441215, -0.0007900741990097664, -0.01314772711027285], [0.0007911506801047404, -0.0004345405998327223, 0.9999995926274511, 0.03788835673552397], [0.002471551163845405, -0.9999968504486164, -0.0004364947784250006, 0.03381525242394458], [0.0, 0.0, 0.0, 1.0]]}, "Hobj2base": {"type": "ndarray", "data": [[0.9999956635702544, 0.0027741065372553844, 0.000988520918648659, -0.7358935685806854], [0.0027739484777322895, -0.9999961395998864, 0.00016123016881961316, 0.08953833329092323], [0.0009889643722277176, -0.00015848736355882122, -0.9999994984154872, -0.0008768178672652101], [0.0, 0.0, 0.0, 1.0]]}, "mean_rme": {"type": "float", "data": 0.0017886803445141875}, "max_rme": {"type": "float", "data": 0.006228507009733358}, "simu": {"type": "float", "data": 0.002}}, {"type": "dict", "image_number": {"type": "int", "data": 15}, "Hcamera2end": {"type": "ndarray", "data": [[0.9999964248375379, 0.002597635220701369, -0.0006345103643754805, -0.013126740125438081], [0.0006348737957418238, -0.00013908634984516333, 0.999999788795103, 0.03793691936873962], [0.0025975464203375704, -0.9999966164673996, -0.0001407350231212856, 0.03412840234769452], [0.0, 0.0, 0.0, 1.0]]}, "Hobj2base": {"type": "ndarray", "data": [[0.9999957284378219, 0.0028545762996961713, 0.0006280925562690944, -0.7363969187073074], [0.0028544722565270477, -0.9999959121273261, 0.00016648355303478654, 0.08940365685653923], [0.0006285652287114794, -0.00016468996911353682, -0.9999997888914611, -0.0007595509255326927], [0.0, 0.0, 0.0, 1.0]]}, "mean_rme": {"type": "float", "data": 0.0017695161485416387}, "max_rme": {"type": "float", "data": 0.006464899958481457}, "simu": {"type": "float", "data": 0.002}}, {"type": "dict", "image_number": {"type": "int", "data": 16}, "Hcamera2end": {"type": "ndarray", "data": [[0.9999952354685736, 0.002989546543705988, -0.0007691889332232327, -0.013209605252531419], [0.0007695593888985648, -0.0001227686680718154, 0.9999996963530545, 0.03804968740984823], [0.002989451203638484, -0.9999955237596402, -0.0001250687167477782, 0.034226073532433364], [0.0, 0.0, 0.0, 1.0]]}, "Hobj2base": {"type": "ndarray", "data": [[0.9999945743534275, 0.003232581805443714, 0.0006337811754786879, -0.7363794685556355], [0.0032325523416063527, -0.9999947741605273, 4.750783308486986e-05, 0.08916656832640961], [0.0006339314363968504, -4.545884450129846e-05, -0.9999997980321931, -0.0007195191985501191], [0.0, 0.0, 0.0, 1.0]]}, "mean_rme": {"type": "float", "data": 0.0017587376736097496}, "max_rme": {"type": "float", "data": 0.006597228645891833}, "simu": {"type": "float", "data": 0.002}}, {"type": "dict", "image_number": {"type": "int", "data": 17}, "Hcamera2end": {"type": "ndarray", "data": [[0.9999949097586711, 0.0031179615171409497, -0.0006773276347445594, -0.013297157449526666], [0.0006778685845182373, -0.00017244117496173494, 0.9999997553790818, 0.03797350865532699], [0.003117843955249171, -0.9999951242781231, -0.0001745538653545875, 0.03423525700116893], [0.0, 0.0, 0.0, 1.0]]}, "Hobj2base": {"type": "ndarray", "data": [[0.9999942013357674, 0.0033601548169643358, 0.0005537638906172633, -0.7363840142353193], [0.0033601294514580076, -0.9999943536572646, 4.672963241933521e-05, 0.08918429581444244], [0.0005539177826760113, -4.486864309187006e-05, -0.9999998455809354, -0.0006588034240205101], [0.0, 0.0, 0.0, 1.0]]}, "mean_rme": {"type": "float", "data": 0.0016919138384389294}, "max_rme": {"type": "float", "data": 0.006535187854020037}, "simu": {"type": "float", "data": 0.002}}, {"type": "dict", "image_number": {"type": "int", "data": 18}, "Hcamera2end": {"type": "ndarray", "data": [[0.9999948961807911, 0.003142752327961046, -0.0005750827539506293, -0.013284464919991006], [0.0005757739679760467, -0.00021903873658324358, 0.9999998102531665, 0.037735452790935826], [0.0031426257662338884, -0.9999950375526053, -0.00022084713362735542, 0.03381284954748086], [0.0, 0.0, 0.0, 1.0]]}, "Hobj2base": {"type": "ndarray", "data": [[0.9999943263443748, 0.003326292820035448, 0.000532029261835417, -0.7360716021639734], [0.003326200817396918, -0.9999944530894938, 0.00017371921912480903, 0.08956474843563056], [0.0005326041517079919, -0.00017194859733618822, -0.9999998433832367, -0.0005439724171561898], [0.0, 0.0, 0.0, 1.0]]}, "mean_rme": {"type": "float", "data": 0.001763293774357364}, "max_rme": {"type": "float", "data": 0.006224471819734078}, "simu": {"type": "float", "data": 0.002}}, {"type": "dict", "image_number": {"type": "int", "data": 19}, "Hcamera2end": {"type": "ndarray", "data": [[0.9999947839425657, 0.0031971948494721055, -0.00045829330768576296, -0.013611022887003034], [0.0004591925071923677, -0.0002805179925913226, 0.999999855225938, 0.037572879700972235], [0.0031970658270825303, -0.9999948496141119, -0.0002819846573123286, 0.034431546316839194], [0.0, 0.0, 0.0, 1.0]]}, "Hobj2base": {"type": "ndarray", "data": [[0.9999941496620677, 0.0033639844239253887, 0.0006198793703025294, -0.7367241102479174], [0.0033638201972502947, -0.9999943070196204, 0.00026578568437860727, 0.08950299785395015], [0.0006207699402437884, -0.0002636989666968536, -0.9999997725537426, -0.0004575807500985781], [0.0, 0.0, 0.0, 1.0]]}, "mean_rme": {"type": "float", "data": 0.0018022214039112156}, "max_rme": {"type": "float", "data": 0.006008673957109814}, "simu": {"type": "float", "data": 0.002}}, {"type": "dict", "image_number": {"type": "int", "data": 20}, "Hcamera2end": {"type": "ndarray", "data": [[0.9999954767922195, 0.002966839091485026, -0.0004942275861563841, -0.013633772389592997], [0.0004951301962382243, -0.00030350612937346533, 0.9999998313650449, 0.03770133560535756], [0.002966688590070545, -0.9999955528650288, -0.00030497372817395174, 0.034295973026301635], [0.0, 0.0, 0.0, 1.0]]}, "Hobj2base": {"type": "ndarray", "data": [[0.999994872313783, 0.0031363649779609978, 0.0006469628009632193, -0.7366256285395308], [0.0031362247283387166, -0.9999950583422232, 0.0002176823087804117, 0.08940262706562761], [0.000647642335064043, -0.00021565217183914116, -0.9999997670267464, -0.0005197453436466076], [0.0, 0.0, 0.0, 1.0]]}, "mean_rme": {"type": "float", "data": 0.001800326724666206}, "max_rme": {"type": "float", "data": 0.00605836085953089}, "simu": {"type": "float", "data": 0.002}}, {"type": "dict", "image_number": {"type": "int", "data": 21}, "Hcamera2end": {"type": "ndarray", "data": [[0.9999968822156254, 0.0024736803451903384, -0.00034126907021974273, -0.014098307641059092], [0.0003418053442804255, -0.00021637246314099023, 0.9999999181760285, 0.03755776301852947], [0.002473606301554671, -0.9999969170395012, -0.00021721730570023468, 0.03426064936386694], [0.0, 0.0, 0.0, 1.0]]}, "Hobj2base": {"type": "ndarray", "data": [[0.9999963534998956, 0.0026461692549899136, 0.0005392357423648955, -0.7362703760157082], [0.0026460094988103107, -0.9999964552766101, 0.0002967624415313145, 0.0892439995282192], [0.0005400191145721627, -0.0002953345364906449, -0.9999998105784156, -0.00020831436267336798], [0.0, 0.0, 0.0, 1.0]]}, "mean_rme": {"type": "float", "data": 0.0018444012576704612}, "max_rme": {"type": "float", "data": 0.00577974664922842}, "simu": {"type": "float", "data": 0.002}}, {"type": "dict", "image_number": {"type": "int", "data": 22}, "Hcamera2end": {"type": "ndarray", "data": [[0.9999982336829469, 0.0018342135556778157, -0.0004102336143933708, -0.01417742822605323], [0.0004107411544801348, -0.0002763390633502283, 0.9999998774642057, 0.037414606929607346], [0.0018340999673482445, -0.9999982796471975, -0.0002770919622412382, 0.03430280250405614], [0.0, 0.0, 0.0, 1.0]]}, "Hobj2base": {"type": "ndarray", "data": [[0.9999979000257365, 0.0019852833817385214, 0.0005085213970873416, -0.7361623918648651], [0.0019851282542388024, -0.9999979830026156, 0.0003053792966504547, 0.08930334505158656], [0.0005091266358437808, -0.00030436917516854804, -0.9999998240747214, -0.00015737706485496883], [0.0, 0.0, 0.0, 1.0]]}, "mean_rme": {"type": "float", "data": 0.001788036388655546}, "max_rme": {"type": "float", "data": 0.0055783846087668724}, "simu": {"type": "float", "data": 0.002}}, {"type": "dict", "image_number": {"type": "int", "data": 23}, "Hcamera2end": {"type": "ndarray", "data": [[0.9999982912958577, 0.0018021713641123507, -0.00041180546278116626, -0.014250650706878285], [0.000412309646381263, -0.0002794019326475272, 0.99999987596765, 0.037237772771523625], [0.0018020560813426256, -0.9999983370550845, -0.00028014450787017253, 0.03418092706397006], [0.0, 0.0, 0.0, 1.0]]}, "Hobj2base": {"type": "ndarray", "data": [[0.9999979952590861, 0.0019445838496512339, 0.00047756827836018776, -0.7360191382452647], [0.0019444449060400406, -0.9999980671571094, 0.0002912319571555522, 0.0893437339869391], [0.00047813368025612313, -0.00029030276810478847, -0.9999998435562312, -0.0001101768574148087], [0.0, 0.0, 0.0, 1.0]]}, "mean_rme": {"type": "float", "data": 0.0017871888372796116}, "max_rme": {"type": "float", "data": 0.005463542295578605}, "simu": {"type": "float", "data": 0.002}}, {"type": "dict", "image_number": {"type": "int", "data": 24}, "Hcamera2end": {"type": "ndarray", "data": [[0.999998565306903, 0.0016473195220342313, -0.0003946169382669085, -0.014316630954166153], [0.00039508827301746317, -0.00028580662699861925, 0.9999998811099073, 0.037385445488321345], [0.001647206542048178, -0.9999986023255056, -0.0002864570535789923, 0.03366778989720669], [0.0, 0.0, 0.0, 1.0]]}, "Hobj2base": {"type": "ndarray", "data": [[0.9999982858587239, 0.001785029138158707, 0.0004918847324698577, -0.735531711656459], [0.0017848799364681368, -0.9999983610143628, 0.0003035987497981017, 0.08915474367230719], [0.0004924258588925442, -0.00030272027419691276, -0.9999998329385908, -0.00023012946233681256], [0.0, 0.0, 0.0, 1.0]]}, "mean_rme": {"type": "float", "data": 0.0018070046699700329}, "max_rme": {"type": "float", "data": 0.005588241232810761}, "simu": {"type": "float", "data": 0.002}}, {"type": "dict", "image_number": {"type": "int", "data": 25}, "Hcamera2end": {"type": "ndarray", "data": [[0.9999984331823011, 0.0017318131591802504, -0.0003666825939186274, -0.014354255545785656], [0.00036721674473107007, -0.0003081265308189085, 0.9999998851049453, 0.037383185765841], [0.0017316999755679066, -0.9999984529394149, -0.00030876199883156374, 0.03372304905659465], [0.0, 0.0, 0.0, 1.0]]}, "Hobj2base": {"type": "ndarray", "data": [[0.999998189884786, 0.0018502264303178614, 0.00044372210685999553, -0.7355095827653837], [0.0018500896255143095, -0.9999982409889796, 0.00030852443034284753, 0.08911258071026555], [0.00044429216640333875, -0.00030770294621156925, -0.9999998539616732, -0.00020205238521380674], [0.0, 0.0, 0.0, 1.0]]}, "mean_rme": {"type": "float", "data": 0.0017629975290352885}, "max_rme": {"type": "float", "data": 0.005614549817371157}, "simu": {"type": "float", "data": 0.002}}, {"type": "dict", "image_number": {"type": "int", "data": 26}, "Hcamera2end": {"type": "ndarray", "data": [[0.9999987445199761, 0.001535125765071869, -0.0003928706618968296, -0.014306641726265848], [0.00039331784626485443, -0.00029101041710055675, 0.9999998803069976, 0.03731967472028372], [0.0015350112518728717, -0.9999987793501666, -0.0002916138441024785, 0.033785811165702395], [0.0, 0.0, 0.0, 1.0]]}, "Hobj2base": {"type": "ndarray", "data": [[0.9999985361575842, 0.0016525414099868207, 0.0004436097125714366, -0.7355199659603374], [0.001652409562440266, -0.9999985905417852, 0.00029741735123467585, 0.08923933346489664], [0.00044410058181104705, -0.00029668389093149753, -0.9999998573766609, -0.00018322414415443517], [0.0, 0.0, 0.0, 1.0]]}, "mean_rme": {"type": "float", "data": 0.0017345222646058833}, "max_rme": {"type": "float", "data": 0.00551220523901972}, "simu": {"type": "float", "data": 0.002}}, {"type": "dict", "image_number": {"type": "int", "data": 27}, "Hcamera2end": {"type": "ndarray", "data": [[0.9999989405745311, 0.0014129954089537064, -0.0003497052896984699, -0.014353363693390152], [0.00035015813360933664, -0.0003202503796588818, 0.999999887414482, 0.037280509911965604], [0.0014128832566190912, -0.9999989504412838, -0.00032074481221266993, 0.033806017216311865], [0.0, 0.0, 0.0, 1.0]]}, "Hobj2base": {"type": "ndarray", "data": [[0.9999987268928736, 0.0015264663757130533, 0.000464879592888064, -0.7355598893811939], [0.0015263244095301476, -0.999998788475216, 0.0003055845163272751, 0.08926278031011545], [0.0004653454941640279, -0.0003048745702153322, -0.9999998452525216, -0.00020375530539516894], [0.0, 0.0, 0.0, 1.0]]}, "mean_rme": {"type": "float", "data": 0.0017108619940017782}, "max_rme": {"type": "float", "data": 0.005451464172723571}, "simu": {"type": "float", "data": 0.002}}, {"type": "dict", "image_number": {"type": "int", "data": 28}, "Hcamera2end": {"type": "ndarray", "data": [[0.999999055272923, 0.0013375249320955603, -0.00031698630514155797, -0.014388915421791552], [0.0003174067245014973, -0.0003141258111616363, 0.9999999002889678, 0.037256694172577244], [0.0013374252251493394, -0.9999990561755697, -0.00031455005380620626, 0.03376316068865847], [0.0, 0.0, 0.0, 1.0]]}, "Hobj2base": {"type": "ndarray", "data": [[0.9999988655812498, 0.0014534382317462798, 0.0003954156292920412, -0.7355888593245288], [0.001453356401911464, -0.9999989224203913, 0.00020715507455932648, 0.0892740584664821], [0.00039571629030548696, -0.0002065801597224783, -0.9999999003666225, -0.0001181522823195411], [0.0, 0.0, 0.0, 1.0]]}, "mean_rme": {"type": "float", "data": 0.001695099244326038}, "max_rme": {"type": "float", "data": 0.005411522144786109}, "simu": {"type": "float", "data": 0.002}}, {"type": "dict", "image_number": {"type": "int", "data": 29}, "Hcamera2end": {"type": "ndarray", "data": [[0.9999993123620227, 0.0011043212329888625, -0.00039465186698180746, -0.014282860865491374], [0.00039503942005155677, -0.00035074621732267275, 0.9999998604604642, 0.03717004252954745], [0.0011041826562428868, -0.9999993287256276, -0.0003511822265558351, 0.033781543331466775], [0.0, 0.0, 0.0, 1.0]]}, "Hobj2base": {"type": "ndarray", "data": [[0.9999991497129709, 0.0012236330338882126, 0.00045088305973968565, -0.735506869706871], [0.00122357074943631, -0.9999992418612966, 0.00013838877582646585, 0.08939752868607957], [0.0004510520549854079, -0.00013783697083297097, -0.9999998887765005, -0.00018954933870731657], [0.0, 0.0, 0.0, 1.0]]}, "mean_rme": {"type": "float", "data": 0.0017021449311988223}, "max_rme": {"type": "float", "data": 0.0053472449899713455}, "simu": {"type": "float", "data": 0.002}}, {"type": "dict", "image_number": {"type": "int", "data": 30}, "Hcamera2end": {"type": "ndarray", "data": [[0.9999994311452354, 0.0009849796912179882, -0.00040929721894605056, -0.014061454004897084], [0.0004095890736067912, -0.00029612178241422704, 0.9999998722743322, 0.037212975162568954], [0.000984858363588788, -0.9999994710633091, -0.00029652505088306746, 0.03374914400173212], [0.0, 0.0, 0.0, 1.0]]}, "Hobj2base": {"type": "ndarray", "data": [[0.9999993004099647, 0.0011078614556185007, 0.00041451486888631836, -0.7356248630876091], [0.0011078211562170572, -0.9999993816189068, 9.743761813975462e-05, 0.08959369347346019], [0.000414622559939625, -9.697834163204909e-05, -0.9999999093416627, -0.00020152078450599669], [0.0, 0.0, 0.0, 1.0]]}, "mean_rme": {"type": "float", "data": 0.0016962028346808342}, "max_rme": {"type": "float", "data": 0.005358318600559971}, "simu": {"type": "float", "data": 0.002}}]}