{"type": "list", "data": [{"type": "dict", "image_number": {"type": "int", "data": 5}, "Hcamera2end": {"type": "ndarray", "data": [[0.9999695254011474, 0.0067620534283268415, 0.0039016538078786235, -0.015025747855253449], [-0.003893343204374246, -0.001241734137667816, 0.9999916499526504, 0.026109980001193238], [0.006766841781587141, -0.9999763660856009, -0.0012153693015553024, 0.029583369349207432], [0.0, 0.0, 0.0, 1.0]]}, "Hobj2base": {"type": "ndarray", "data": [[0.9999767115312955, 0.006495272265947775, 0.0020947155528801753, -0.7312465537659681], [0.006487375798315153, -0.9999719076030149, 0.003754725028436166, 0.08789684428336454], [0.0021190446686427536, -0.003741048379657738, -0.9999907570606408, -0.00483376190775533], [0.0, 0.0, 0.0, 1.0]]}, "mean_rme": {"type": "float", "data": 0.0021922426032622757}, "max_rme": {"type": "float", "data": 0.006123390172437168}, "simu": {"type": "float", "data": 0.002}}, {"type": "dict", "image_number": {"type": "int", "data": 6}, "Hcamera2end": {"type": "ndarray", "data": [[0.9999718206917446, 0.006949749712238221, 0.002838802806565757, -0.015583498234421553], [-0.002844847223577022, 0.0008600005304852942, 0.9999955836119286, 0.025928383726070387], [0.006947277647526905, -0.9999754803884066, 0.000879747272438669, 0.03223052131471682], [0.0, 0.0, 0.0, 1.0]]}, "Hobj2base": {"type": "ndarray", "data": [[0.9999810328598961, 0.006159046399917397, 8.240076302563708e-06, -0.7349696979506151], [0.006159004017967793, -0.9999776379899643, 0.0026057992090052426, 0.08704566048661094], [2.4289130275026082e-05, -0.0026056990337835068, -0.9999966048655278, -0.0030729199697100604], [0.0, 0.0, 0.0, 1.0]]}, "mean_rme": {"type": "float", "data": 0.0022056609014547233}, "max_rme": {"type": "float", "data": 0.005811410536846862}, "simu": {"type": "float", "data": 0.002}}, {"type": "dict", "image_number": {"type": "int", "data": 7}, "Hcamera2end": {"type": "ndarray", "data": [[0.9999776546060201, 0.006498590107820511, 0.0015679972110428835, -0.01498630822904511], [-0.001581566440213177, 0.0020834138360977805, 0.9999965790113396, 0.02566757440856615], [0.0064953010891329955, -0.9999767135855704, 0.00209364523341804, 0.03146056618006458], [0.0, 0.0, 0.0, 1.0]]}, "Hobj2base": {"type": "ndarray", "data": [[0.9999853374757117, 0.0052084618158661, -0.0014821467874893987, -0.7347783742811315], [0.005211508445176011, -0.9999842998806392, 0.002059167781971747, 0.0871565420812961], [-0.001471398420843063, -0.002066861809874122, -0.999996781529294, -0.0024555111313173117], [0.0, 0.0, 0.0, 1.0]]}, "mean_rme": {"type": "float", "data": 0.0019542188754950837}, "max_rme": {"type": "float", "data": 0.005809494307486125}, "simu": {"type": "float", "data": 0.002}}, {"type": "dict", "image_number": {"type": "int", "data": 8}, "Hcamera2end": {"type": "ndarray", "data": [[0.9999743501186258, 0.007103751736933003, 0.000914229780746947, -0.013481783255924959], [-0.0009238427236284408, 0.0013500569958392328, 0.9999986619294698, 0.025453875622895954], [0.007102507969300847, -0.9999738566869476, 0.00135658511639003, 0.03292235174300873], [0.0, 0.0, 0.0, 1.0]]}, "Hobj2base": {"type": "ndarray", "data": [[0.9999793999506063, 0.006328184555345049, -0.001074129721670021, -0.7362013472599955], [0.006329820700113452, -0.9999788010148734, 0.0015267255029938129, 0.08760644289643685], [-0.0010644455504617303, -0.0015334931009198744, -0.9999982576757722, -0.0030018004818934407], [0.0, 0.0, 0.0, 1.0]]}, "mean_rme": {"type": "float", "data": 0.002072133268758525}, "max_rme": {"type": "float", "data": 0.006145342622066986}, "simu": {"type": "float", "data": 0.002}}, {"type": "dict", "image_number": {"type": "int", "data": 9}, "Hcamera2end": {"type": "ndarray", "data": [[0.9999766899954334, 0.006823263051430845, -0.00025009419788329023, -0.013344862301908306], [0.000235966786619433, 0.002071203783771014, 0.9999978272149203, 0.024998432662290265], [0.006823766221995648, -0.9999745762749256, 0.00206954544054494, 0.03254071714171839], [0.0, 0.0, 0.0, 1.0]]}, "Hobj2base": {"type": "ndarray", "data": [[0.9999817288995743, 0.005712301651682727, -0.001977745397782156, -0.7362922923706008], [0.005713839836005207, -0.9999833771364699, 0.0007729715834666116, 0.087288007489281], [-0.0019732970751373713, -0.0007842579808645076, -0.999997745516495, -0.0027328235761956542], [0.0, 0.0, 0.0, 1.0]]}, "mean_rme": {"type": "float", "data": 0.002005131972898805}, "max_rme": {"type": "float", "data": 0.0060478463628674956}, "simu": {"type": "float", "data": 0.002}}, {"type": "dict", "image_number": {"type": "int", "data": 10}, "Hcamera2end": {"type": "ndarray", "data": [[0.9999793412218371, 0.006417610972713955, -0.00036248992207884526, -0.01289857732328388], [0.00034879425932145833, 0.002135065559759175, 0.9999976599160721, 0.024965343769482114], [0.006418369894714053, -0.9999771276206565, 0.00213278302604758, 0.03240440475840213], [0.0, 0.0, 0.0, 1.0]]}, "Hobj2base": {"type": "ndarray", "data": [[0.9999834951866966, 0.005396391058097252, -0.001971881777884055, -0.7360180275339545], [0.005397740322300276, -0.9999852011811261, 0.0006795720390624119, 0.08770608022322746], [-0.001968185359887854, -0.0006902045286360749, -0.9999978249296837, -0.002664605346728732], [0.0, 0.0, 0.0, 1.0]]}, "mean_rme": {"type": "float", "data": 0.001954446770473315}, "max_rme": {"type": "float", "data": 0.00606799511960187}, "simu": {"type": "float", "data": 0.002}}, {"type": "dict", "image_number": {"type": "int", "data": 11}, "Hcamera2end": {"type": "ndarray", "data": [[0.9999781684254111, 0.006592688130910027, -0.00044624630957096605, -0.012669574880792959], [0.00043259029611570016, 0.0020726685426505354, 0.9999977584528619, 0.024889294614030825], [0.006593598273776935, -0.9999761199690327, 0.002069771360121875, 0.03273558237050069], [0.0, 0.0, 0.0, 1.0]]}, "Hobj2base": {"type": "ndarray", "data": [[0.9999820895216527, 0.005643071175513688, -0.0019940871639743925, -0.7363977223397207], [0.005644377641527833, -0.999983859022278, 0.0006501507156570802, 0.08777062816888793], [-0.0019903861306946385, -0.0006613944521503597, -0.9999978004577958, -0.002491226427623722], [0.0, 0.0, 0.0, 1.0]]}, "mean_rme": {"type": "float", "data": 0.001883721693179872}, "max_rme": {"type": "float", "data": 0.00610746508367966}, "simu": {"type": "float", "data": 0.002}}, {"type": "dict", "image_number": {"type": "int", "data": 12}, "Hcamera2end": {"type": "ndarray", "data": [[0.9999812254473496, 0.006106530738143103, -0.0005089549695572802, -0.012401312581396763], [0.0004958127492204799, 0.0021534790982331575, 0.9999975583457646, 0.02502159169915498], [0.0061076118519953464, -0.9999790361853179, 0.0021504109718329945, 0.032929100191506556], [0.0, 0.0, 0.0, 1.0]]}, "Hobj2base": {"type": "ndarray", "data": [[0.999984662759768, 0.005151001155795826, -0.002035050939384997, -0.7363727393766841], [0.005152433386340326, -0.9999864817069202, 0.0006991663705380027, 0.08828287555542064], [-0.002031422022187232, -0.0007096411116584062, -0.9999976848643497, -0.0023738347716931777], [0.0, 0.0, 0.0, 1.0]]}, "mean_rme": {"type": "float", "data": 0.0019609112833332393}, "max_rme": {"type": "float", "data": 0.005961466458528006}, "simu": {"type": "float", "data": 0.002}}, {"type": "dict", "image_number": {"type": "int", "data": 13}, "Hcamera2end": {"type": "ndarray", "data": [[0.9999840318143084, 0.005629629899104851, -0.0004933392335330286, -0.012580196784563841], [0.00048172552959860684, 0.002064130007387477, 0.9999977536513907, 0.025155463259191393], [0.005630635569309312, -0.9999820231556726, 0.002061385110531555, 0.03303595020910362], [0.0, 0.0, 0.0, 1.0]]}, "Hobj2base": {"type": "ndarray", "data": [[0.9999868668922401, 0.0047567856361876455, -0.0019076250817297276, -0.7362595759234642], [0.004758357660461371, -0.9999883424334135, 0.0008203838427642287, 0.08854491126526498], [-0.0019037004533838937, -0.0008294502309957542, -0.999997843966125, -0.002508355933183877], [0.0, 0.0, 0.0, 1.0]]}, "mean_rme": {"type": "float", "data": 0.0019955538928601484}, "max_rme": {"type": "float", "data": 0.005638610481248085}, "simu": {"type": "float", "data": 0.002}}, {"type": "dict", "image_number": {"type": "int", "data": 14}, "Hcamera2end": {"type": "ndarray", "data": [[0.9999847728827497, 0.005479511508278995, -0.0006549475293356971, -0.013083600389959486], [0.000645541625577535, 0.0017181513895593303, 0.9999983156144875, 0.02491826510986851], [0.005480627577676811, -0.9999835113187782, 0.0017145879743002412, 0.03311137304699048], [0.0, 0.0, 0.0, 1.0]]}, "Hobj2base": {"type": "ndarray", "data": [[0.9999870885845021, 0.0048471367288938924, -0.001525755492344046, -0.7359028384519204], [0.0048484309954005345, -0.9999878886585121, 0.0008457264182802985, 0.08814931794491239], [-0.0015216376618136084, -0.0008531130189755981, -0.9999984784073441, -0.0022825556726644713], [0.0, 0.0, 0.0, 1.0]]}, "mean_rme": {"type": "float", "data": 0.0019560154236591327}, "max_rme": {"type": "float", "data": 0.005820915466636961}, "simu": {"type": "float", "data": 0.002}}, {"type": "dict", "image_number": {"type": "int", "data": 15}, "Hcamera2end": {"type": "ndarray", "data": [[0.9999850055939343, 0.005437847121783626, -0.0006468430869543641, -0.013431420829106727], [0.0006372871679302546, 0.0017588473305621966, 0.9999982501590359, 0.02498605512435325], [0.005438975304652757, -0.9999836680040071, 0.0017553554874992772, 0.032855366810156834], [0.0, 0.0, 0.0, 1.0]]}, "Hobj2base": {"type": "ndarray", "data": [[0.9999872106784895, 0.0048099083736585085, -0.001563093372513726, -0.7355070486095113], [0.004811189395660222, -0.9999880925610394, 0.0008168186664364872, 0.08814478107143994], [-0.0015591459371313494, -0.0008243285581382111, -0.9999984447719783, -0.0023802825848556752], [0.0, 0.0, 0.0, 1.0]]}, "mean_rme": {"type": "float", "data": 0.002018804538937225}, "max_rme": {"type": "float", "data": 0.0059759785958503064}, "simu": {"type": "float", "data": 0.002}}, {"type": "dict", "image_number": {"type": "int", "data": 16}, "Hcamera2end": {"type": "ndarray", "data": [[0.999983704558534, 0.005642688890993195, -0.0008664176071380074, -0.013548666341115038], [0.0008568405438857578, 0.0016994480502158238, 0.999998188848663, 0.0249924471175324], [0.0056441511029427915, -0.9999826358184444, 0.001694585472341248, 0.03270406007275051], [0.0, 0.0, 0.0, 1.0]]}, "Hobj2base": {"type": "ndarray", "data": [[0.9999859041300728, 0.005076576581830476, -0.0015556064314309899, -0.7352913390765795], [0.00507777182094881, -0.9999868151425164, 0.0007653590406328167, 0.08804923396099681], [-0.0015517005171995222, -0.0007732472667333395, -0.9999984971559555, -0.002553040235424575], [0.0, 0.0, 0.0, 1.0]]}, "mean_rme": {"type": "float", "data": 0.0020362780080590203}, "max_rme": {"type": "float", "data": 0.00606757229821131}, "simu": {"type": "float", "data": 0.002}}, {"type": "dict", "image_number": {"type": "int", "data": 17}, "Hcamera2end": {"type": "ndarray", "data": [[0.9999831522358157, 0.00572951102564024, -0.0009316372301088785, -0.013636941789894129], [0.0009224486057767605, 0.0016061697770693995, 0.9999982846521372, 0.024906170032491362], [0.005730997565097942, -0.9999822963043167, 0.0016008575372423728, 0.032803888387165234], [0.0, 0.0, 0.0, 1.0]]}, "Hobj2base": {"type": "ndarray", "data": [[0.9999852116796649, 0.005224202590077677, -0.0015113336076153592, -0.7353097589245553], [0.005225330778069368, -0.9999860714644875, 0.000743502038151927, 0.08795493653752864], [-0.0015074283516780928, -0.0007513882610214202, -0.999998581536717, -0.00240270662569717], [0.0, 0.0, 0.0, 1.0]]}, "mean_rme": {"type": "float", "data": 0.0019462665337482243}, "max_rme": {"type": "float", "data": 0.0061258978935447295}, "simu": {"type": "float", "data": 0.002}}, {"type": "dict", "image_number": {"type": "int", "data": 18}, "Hcamera2end": {"type": "ndarray", "data": [[0.9999836760690612, 0.005629214918595358, -0.0009795584755420287, -0.01369453518165472], [0.0009708215195425207, 0.0015545965911539783, 0.9999983203660976, 0.024906376889501022], [0.0056307282818420495, -0.9999829474390247, 0.001549106251045429, 0.032808281993188346], [0.0, 0.0, 0.0, 1.0]]}, "Hobj2base": {"type": "ndarray", "data": [[0.999985279813737, 0.005221706755986829, -0.00147442680273455, -0.7352394264975949], [0.0052228557594508574, -0.9999860593029883, 0.000776516191966996, 0.08793613255946153], [-0.0014703515083515, -0.0007842054800225649, -0.9999986115431398, -0.002427999175654961], [0.0, 0.0, 0.0, 1.0]]}, "mean_rme": {"type": "float", "data": 0.0018743970033989609}, "max_rme": {"type": "float", "data": 0.006162980655676886}, "simu": {"type": "float", "data": 0.002}}, {"type": "dict", "image_number": {"type": "int", "data": 19}, "Hcamera2end": {"type": "ndarray", "data": [[0.9999840353473805, 0.005581095493967119, -0.0008834157889797294, -0.013705591335976174], [0.0008753100274479769, 0.001454636011690491, 0.999998558932176, 0.025021671882708832], [0.005582372499649928, -0.9999833675652612, 0.0014497276000818848, 0.03284482244428984], [0.0, 0.0, 0.0, 1.0]]}, "Hobj2base": {"type": "ndarray", "data": [[0.9999851409521773, 0.0052579160242152475, -0.0014395117006809292, -0.7352123496676437], [0.005259309300460001, -0.9999857033336219, 0.00096581263419352, 0.0880736180299134], [-0.0014344129587366811, -0.000973369120412913, -0.9999984975048812, -0.002354669297619104], [0.0, 0.0, 0.0, 1.0]]}, "mean_rme": {"type": "float", "data": 0.0019040170707452246}, "max_rme": {"type": "float", "data": 0.006172243809329292}, "simu": {"type": "float", "data": 0.002}}, {"type": "dict", "image_number": {"type": "int", "data": 20}, "Hcamera2end": {"type": "ndarray", "data": [[0.9999852125798473, 0.005340717963354771, -0.0010253551938728222, -0.013929720995478324], [0.0010171189435872934, 0.0015446494845697822, 0.9999982897620496, 0.025186140960144904], [0.005342292643827944, -0.9999845452753784, 0.001539194497775953, 0.033150794079311104], [0.0, 0.0, 0.0, 1.0]]}, "Hobj2base": {"type": "ndarray", "data": [[0.9999864672392252, 0.004985995196397925, -0.0014849883216375753, -0.7356582567920602], [0.004987293230908649, -0.9999871834513419, 0.0008716876056875789, 0.08808149279142881], [-0.001480623058997776, -0.0008790818815522223, -0.9999985174841026, -0.0022878734218113373], [0.0, 0.0, 0.0, 1.0]]}, "mean_rme": {"type": "float", "data": 0.0019660997196944184}, "max_rme": {"type": "float", "data": 0.006020272304748608}, "simu": {"type": "float", "data": 0.002}}, {"type": "dict", "image_number": {"type": "int", "data": 21}, "Hcamera2end": {"type": "ndarray", "data": [[0.9999847256040219, 0.005413611369719976, -0.001114168114277972, -0.013826751117413369], [0.0011057329880858778, 0.0015608762168580759, 0.9999981705083241, 0.02529231193274736], [0.005415340544074195, -0.9999841281127284, 0.001554866366740515, 0.03317527601638672], [0.0, 0.0, 0.0, 1.0]]}, "Hobj2base": {"type": "ndarray", "data": [[0.9999861530353866, 0.005031062966096368, -0.0015434192299928957, -0.735629072848496], [0.005032316757390591, -0.9999870101309838, 0.0008095414433229517, 0.08819022089185428], [-0.0015393263272042391, -0.0008172972080860051, -0.9999984812487126, -0.0021514974608015393], [0.0, 0.0, 0.0, 1.0]]}, "mean_rme": {"type": "float", "data": 0.0020163973814040933}, "max_rme": {"type": "float", "data": 0.00609805022036472}, "simu": {"type": "float", "data": 0.002}}, {"type": "dict", "image_number": {"type": "int", "data": 22}, "Hcamera2end": {"type": "ndarray", "data": [[0.9999989544720768, 0.0009019672484160323, -0.0011302698067768352, -0.013837889620168867], [0.0011287654770078355, 0.0016666017346018691, 0.9999979741615259, 0.025118225065249467], [0.0009038491307966205, -0.9999982044452584, 0.0016655818826317725, 0.032904669047511374], [0.0, 0.0, 0.0, 1.0]]}, "Hobj2base": {"type": "ndarray", "data": [[0.9999992756881744, 0.0010300052662667548, 0.0006226654623825409, -0.7351440790168873], [0.0010295124641108043, -0.9999991570190965, 0.0007912428085349623, 0.08909894876107013], [0.0006234799217471337, -0.0007906011935739451, -0.9999994931111413, -0.002475590184731785], [0.0, 0.0, 0.0, 1.0]]}, "mean_rme": {"type": "float", "data": 0.002058478835829101}, "max_rme": {"type": "float", "data": 0.005327838193122686}, "simu": {"type": "float", "data": 0.002}}, {"type": "dict", "image_number": {"type": "int", "data": 23}, "Hcamera2end": {"type": "ndarray", "data": [[0.9999989884532153, 0.0007546993570308962, -0.0012056207639704942, -0.0136635383727065], [0.0012042947986982892, 0.0017549407457188027, 0.9999977349259431, 0.025110725561546778], [0.0007568134405835384, -0.9999981753042649, 0.0017540300900038552, 0.03277937305574029], [0.0, 0.0, 0.0, 1.0]]}, "Hobj2base": {"type": "ndarray", "data": [[0.9999994673704108, 0.000863910140205761, 0.0005647283988607449, -0.7350050132899429], [0.0008634774162014682, -0.9999993337893189, 0.0007660467804066986, 0.08922167854731047], [0.0005653898182141191, -0.0007655587421688128, -0.9999995471269802, -0.0024613638629663952], [0.0, 0.0, 0.0, 1.0]]}, "mean_rme": {"type": "float", "data": 0.00200657076919835}, "max_rme": {"type": "float", "data": 0.0053544104804387205}, "simu": {"type": "float", "data": 0.002}}, {"type": "dict", "image_number": {"type": "int", "data": 24}, "Hcamera2end": {"type": "ndarray", "data": [[0.9999990288351334, 0.0006784880862764921, -0.0012173671208385076, -0.013682420174506094], [0.0012161562019256673, 0.001782295411191015, 0.9999976721908703, 0.025086466223979278], [0.0006806562147189356, -0.9999981815368384, 0.0017814685327942614, 0.032579083216166316], [0.0, 0.0, 0.0, 1.0]]}, "Hobj2base": {"type": "ndarray", "data": [[0.9999995316135663, 0.0007976888712775643, 0.0005481469810465618, -0.7348618227245008], [0.0007972673344355527, -0.9999993866476253, 0.0007688102305100513, 0.08913654261838994], [0.0005487599162043115, -0.0007683728507273113, -0.9999995542327589, -0.0023978141798918474], [0.0, 0.0, 0.0, 1.0]]}, "mean_rme": {"type": "float", "data": 0.0019635363571497083}, "max_rme": {"type": "float", "data": 0.005296419283309761}, "simu": {"type": "float", "data": 0.002}}, {"type": "dict", "image_number": {"type": "int", "data": 25}, "Hcamera2end": {"type": "ndarray", "data": [[0.9999991676095641, 0.0005938806080015577, -0.0011454632261322128, -0.013897172295368536], [0.0011444270063449729, 0.0017422421151133127, 0.9999978274372591, 0.02527464933114788], [0.0005958749920325572, -0.9999983059476824, 0.0017415610118812763, 0.03275806344764818], [0.0, 0.0, 0.0, 1.0]]}, "Hobj2base": {"type": "ndarray", "data": [[0.9999995324827847, 0.0007430582490024993, 0.0006187880498267173, -0.7351091803999101], [0.000742580754216122, -0.999999426654506, 0.0007715338502394963, 0.08909353823829237], [0.0006193609896391825, -0.000771073989437399, -0.9999995109183137, -0.0026155669516571157], [0.0, 0.0, 0.0, 1.0]]}, "mean_rme": {"type": "float", "data": 0.002015497853819926}, "max_rme": {"type": "float", "data": 0.005187596376494186}, "simu": {"type": "float", "data": 0.002}}, {"type": "dict", "image_number": {"type": "int", "data": 26}, "Hcamera2end": {"type": "ndarray", "data": [[0.9999991913523646, 0.0005802810941287986, -0.0011316220520962805, -0.013882150156084854], [0.0011305763614982236, 0.0017992141995951672, 0.9999977423101293, 0.025305773689884698], [0.000582315814498757, -0.9999982130494617, 0.0017985566925767804, 0.03273535884081061], [0.0, 0.0, 0.0, 1.0]]}, "Hobj2base": {"type": "ndarray", "data": [[0.9999995880420721, 0.0007019049260127215, 0.0005755390176816278, -0.7351358704736071], [0.0007014830577975611, -0.999999485410487, 0.0007328712577167412, 0.08913376378507433], [0.0005760531274612095, -0.0007324672249346115, -0.999999565827185, -0.0025887343599569923], [0.0, 0.0, 0.0, 1.0]]}, "mean_rme": {"type": "float", "data": 0.001976901241353152}, "max_rme": {"type": "float", "data": 0.00516417962127852}, "simu": {"type": "float", "data": 0.002}}, {"type": "dict", "image_number": {"type": "int", "data": 27}, "Hcamera2end": {"type": "ndarray", "data": [[0.9999990301535733, 0.0008390628510908569, -0.0011116048959323645, -0.013949668871739597], [0.001110152773191962, 0.0017291346216227188, 0.9999978888249115, 0.02436613160883965], [0.0008409831941933899, -0.9999981530317903, 0.0017282014566766257, 0.0327288711527614], [0.0, 0.0, 0.0, 1.0]]}, "Hobj2base": {"type": "ndarray", "data": [[0.9999994527692363, 0.0009561472821040361, 0.00042455106026611866, -0.735185894538334], [0.0009558586550793598, -0.9999993122905841, 0.0006795237968981214, 0.08957747878493463], [0.0004252004931298861, -0.0006791176142363166, -0.9999996790018519, -0.0017626774705169984], [0.0, 0.0, 0.0, 1.0]]}, "mean_rme": {"type": "float", "data": 0.00195495977935366}, "max_rme": {"type": "float", "data": 0.005128343035678384}, "simu": {"type": "float", "data": 0.002}}, {"type": "dict", "image_number": {"type": "int", "data": 28}, "Hcamera2end": {"type": "ndarray", "data": [[0.9999985233984009, 0.0013385031046464356, -0.001077780337850669, -0.01391370376370431], [0.001075546461036895, 0.0016685365102870886, 0.9999980295909205, 0.023362732213123773], [0.001340298783091539, -0.9999977121950592, 0.0016670944242461738, 0.03273934094698135], [0.0, 0.0, 0.0, 1.0]]}, "Hobj2base": {"type": "ndarray", "data": [[0.9999990340667432, 0.0013835427061882424, 0.00013294796267535947, -0.7352627161439972], [0.0013834563665997802, -0.999998833501553, 0.0006473360916996141, 0.09006141448796412], [0.00013384342471989085, -0.0006471515387107651, -0.9999997816403883, -0.0009930912485527435], [0.0, 0.0, 0.0, 1.0]]}, "mean_rme": {"type": "float", "data": 0.001973786194650975}, "max_rme": {"type": "float", "data": 0.0051362720539071816}, "simu": {"type": "float", "data": 0.002}}, {"type": "dict", "image_number": {"type": "int", "data": 29}, "Hcamera2end": {"type": "ndarray", "data": [[0.9999985427281317, 0.0012899790924674208, -0.0011182555852199748, -0.01368307644897849], [0.0011161247235801474, 0.001651396382697179, 0.9999980135758216, 0.023283614303241117], [0.0012918232132501251, -0.999997804419554, 0.0016499541986056965, 0.03272470389072165], [0.0, 0.0, 0.0, 1.0]]}, "Hobj2base": {"type": "ndarray", "data": [[0.9999990850582198, 0.0013435721233409545, 0.0001571517507541862, -0.7351249395663267], [0.0013434756755044217, -0.9999989101243596, 0.0006122280634433866, 0.0902115819236596], [0.0001579741520374908, -0.0006120163737358512, -0.9999998002400425, -0.0011012583529031316], [0.0, 0.0, 0.0, 1.0]]}, "mean_rme": {"type": "float", "data": 0.0019862465800356897}, "max_rme": {"type": "float", "data": 0.005238337556846967}, "simu": {"type": "float", "data": 0.002}}, {"type": "dict", "image_number": {"type": "int", "data": 30}, "Hcamera2end": {"type": "ndarray", "data": [[0.9999985628516876, 0.0012749389054996555, -0.0011175085442507685, -0.013698964570185147], [0.0011154260927475719, 0.0016329170472472176, 0.9999980447013628, 0.02332903882941538], [0.0012767612113657029, -0.9999978540540497, 0.0016314926003814234, 0.032756007414872494], [0.0, 0.0, 0.0, 1.0]]}, "Hobj2base": {"type": "ndarray", "data": [[0.9999991195980409, 0.0013183217684330896, 0.00015109883495050395, -0.7351013840489525], [0.0013182288797765726, -0.9999989431200504, 0.0006132139932922347, 0.09022799456449601], [0.00015190708861323994, -0.0006130142705695013, -0.9999998005688497, -0.0011228305266278457], [0.0, 0.0, 0.0, 1.0]]}, "mean_rme": {"type": "float", "data": 0.0019495278553131334}, "max_rme": {"type": "float", "data": 0.005276311162263153}, "simu": {"type": "float", "data": 0.002}}]}