{"type": "list", "data": [{"type": "dict", "image_number": {"type": "int", "data": 5}, "Hcamera2end": {"type": "ndarray", "data": [[0.9999958267343215, -0.0003106455176115773, 0.0028722836390401582, -0.014532130231192942], [-0.002873333167692627, -0.0034325812130466815, 0.9999899806211676, 0.025297651677006247], [-0.000300783058278543, -0.9999940604251498, -0.0034334594760423442, 0.03628852543450521], [0.0, 0.0, 0.0, 1.0]]}, "Hobj2base": {"type": "ndarray", "data": [[0.999999910296831, -0.0002740083073046207, 0.0003229950116907644, -0.7371631041457087], [-0.00027430433252647777, -0.999999542105261, 0.0009168131770870195, 0.0922913681523412], [0.0003227436493662796, -0.0009169016937770632, -0.999999527563799, -0.005146590116283734], [0.0, 0.0, 0.0, 1.0]]}, "mean_rme": {"type": "float", "data": 0.0012601775546407894}, "max_rme": {"type": "float", "data": 0.0037715805926245016}, "simu": {"type": "float", "data": 0.002}}, {"type": "dict", "image_number": {"type": "int", "data": 6}, "Hcamera2end": {"type": "ndarray", "data": [[0.9999999507115095, 0.0002387509067885569, -0.00020389944345570218, -0.01623929172416133], [0.00020466420583841895, -0.0032075499763213333, 0.9999948348545168, 0.02573253231571563], [0.00023809565595036078, -0.9999948272971985, -0.003207598681990831, 0.03613133305666533], [0.0, 0.0, 0.0, 1.0]]}, "Hobj2base": {"type": "ndarray", "data": [[0.9999999121564129, 0.0002844759954734394, 0.0003078320554148194, -0.7369842055439583], [0.00028514300099405663, -0.9999976072506223, -0.002168913667859029, 0.08866540292096829], [0.00030721431497510035, 0.002169001253489956, -0.9999976005235844, -0.004606950222743276], [0.0, 0.0, 0.0, 1.0]]}, "mean_rme": {"type": "float", "data": 0.0015220389177190013}, "max_rme": {"type": "float", "data": 0.005406031829050084}, "simu": {"type": "float", "data": 0.002}}, {"type": "dict", "image_number": {"type": "int", "data": 7}, "Hcamera2end": {"type": "ndarray", "data": [[0.9999990131145364, 7.70650243834091e-05, -0.0014027939745938404, -0.015930106124292694], [0.0014030490041432564, -0.0034153937385725808, 0.9999931832463168, 0.02644461227212734], [7.227340529278455e-05, -0.9999941645562697, -0.0034154984939760435, 0.036063137551298585], [0.0, 0.0, 0.0, 1.0]]}, "Hobj2base": {"type": "ndarray", "data": [[0.9999999176934894, 0.0001517105665433346, 0.00037629365973180167, -0.7371294158748695], [0.0001527963343269946, -0.9999958207074211, -0.0028870782759030985, 0.08861302938816788], [0.0003758540868096099, 0.0028871355345695977, -0.9999957615820729, -0.004100182503981309], [0.0, 0.0, 0.0, 1.0]]}, "mean_rme": {"type": "float", "data": 0.002021061354420226}, "max_rme": {"type": "float", "data": 0.007617540403303369}, "simu": {"type": "float", "data": 0.002}}, {"type": "dict", "image_number": {"type": "int", "data": 8}, "Hcamera2end": {"type": "ndarray", "data": [[0.9999984888011343, 0.0003238954398581252, -0.001708065335914659, -0.01567668355342544], [0.0017091805655435612, -0.003474742024287547, 0.9999925024067227, 0.026450699383517007], [0.0003179579250189213, -0.9999939106112641, -0.003475290369052475, 0.03621117803083061], [0.0, 0.0, 0.0, 1.0]]}, "Hobj2base": {"type": "ndarray", "data": [[0.9999997701181738, 0.0003557908840236467, 0.000577214385180192, -0.7372240927635615], [0.00035762006756776156, -0.9999949053041923, -0.0031719825893014968, 0.08853026598263039], [0.0005760828819589284, 0.0031721882835677754, -0.9999948026614973, -0.004207435059744448], [0.0, 0.0, 0.0, 1.0]]}, "mean_rme": {"type": "float", "data": 0.0018319503562633454}, "max_rme": {"type": "float", "data": 0.007603330433897881}, "simu": {"type": "float", "data": 0.002}}, {"type": "dict", "image_number": {"type": "int", "data": 9}, "Hcamera2end": {"type": "ndarray", "data": [[0.9999978713382304, 0.00032604629490432945, -0.0020374034508794177, -0.01579802068302486], [0.0020385029584046293, -0.003408211267317496, 0.9999921142697304, 0.026568319727199436], [0.00031909982239383336, -0.999994138877709, -0.0034088686587252504, 0.03605244054648996], [0.0, 0.0, 0.0, 1.0]]}, "Hobj2base": {"type": "ndarray", "data": [[0.9999998002423001, 0.00035743333685852387, 0.0005213029538320572, -0.7371078764104342], [0.0003592305077386913, -0.999993979204554, -0.0034514501421641156, 0.08836081605211017], [0.0005200661518322923, 0.0034516367206351645, -0.9999939078490159, -0.004104961373565098], [0.0, 0.0, 0.0, 1.0]]}, "mean_rme": {"type": "float", "data": 0.0017948834826330103}, "max_rme": {"type": "float", "data": 0.00735930995500611}, "simu": {"type": "float", "data": 0.002}}, {"type": "dict", "image_number": {"type": "int", "data": 10}, "Hcamera2end": {"type": "ndarray", "data": [[0.9999999708226522, -9.663023512055596e-05, -0.0002213984919898652, -0.016661890641380142], [0.0002212330105016423, -0.0017091869513841118, 0.9999985148668573, 0.026353224827820453], [-9.700850302535636e-05, -0.9999985346702078, -0.0017091655237166936, 0.03630786655265272], [0.0, 0.0, 0.0, 1.0]]}, "Hobj2base": {"type": "ndarray", "data": [[0.9999999533432784, -6.961771783908293e-05, -0.0002974337142140145, -0.7380924527083715], [-6.994960061335583e-05, -0.9999993748740876, -0.001115956311040247, 0.08894907228666053], [-0.0002973558379489096, 0.0011159770643429023, -0.9999993330871266, -0.003851830149643576], [0.0, 0.0, 0.0, 1.0]]}, "mean_rme": {"type": "float", "data": 0.001749685482326621}, "max_rme": {"type": "float", "data": 0.007792889825657012}, "simu": {"type": "float", "data": 0.002}}, {"type": "dict", "image_number": {"type": "int", "data": 11}, "Hcamera2end": {"type": "ndarray", "data": [[0.9999998583007217, 0.00032228027345006124, -0.00042371448144380177, -0.01650270623041583], [0.0004241499201540102, -0.0013522519291575552, 0.9999989957552784, 0.026429338023269706], [0.0003217069810768533, -0.9999990337746059, -0.001352388432696694, 0.03627118877588359], [0.0, 0.0, 0.0, 1.0]]}, "Hobj2base": {"type": "ndarray", "data": [[0.9999998819272605, 0.0002701739543282604, -0.0004039201647326063, -0.7380013103417798], [0.0002698262010543936, -0.9999995931495629, -0.000860752304417227, 0.08888907602622341], [-0.00040415255325129234, 0.0008606432145422653, -0.9999995479768831, -0.0037760240030847336], [0.0, 0.0, 0.0, 1.0]]}, "mean_rme": {"type": "float", "data": 0.0017413647484793829}, "max_rme": {"type": "float", "data": 0.007656374985582526}, "simu": {"type": "float", "data": 0.002}}, {"type": "dict", "image_number": {"type": "int", "data": 12}, "Hcamera2end": {"type": "ndarray", "data": [[0.999999031881922, 0.0011601573064329278, -0.0007682904679841562, -0.01639619658126574], [0.0007695515130256483, -0.001086905480581768, 0.9999991132130794, 0.023842637197577322], [0.001159321218500272, -0.9999987363349521, -0.0010877972291394311, 0.0359556078740154], [0.0, 0.0, 0.0, 1.0]]}, "Hobj2base": {"type": "ndarray", "data": [[0.9999992005688664, 0.001135414157669739, -0.0005565036555381819, -0.737823760372271], [0.0011349704121003479, -0.9999990382766872, -0.0007970494737906353, 0.08829862360792184], [-0.000557408101592548, 0.0007964172214212094, -0.9999995275077969, -0.0012680073463544838], [0.0, 0.0, 0.0, 1.0]]}, "mean_rme": {"type": "float", "data": 0.001785032887550651}, "max_rme": {"type": "float", "data": 0.007753574337650504}, "simu": {"type": "float", "data": 0.002}}, {"type": "dict", "image_number": {"type": "int", "data": 13}, "Hcamera2end": {"type": "ndarray", "data": [[0.9999955318788705, 0.0029103065740989594, -0.0006828894051225322, -0.01616521889008661], [0.0006853796128421978, -0.0008547399190159677, 0.9999993998370483, 0.022982775635962537], [0.002909721134605945, -0.9999953997570766, -0.0008567307647273648, 0.035692639477764646], [0.0, 0.0, 0.0, 1.0]]}, "Hobj2base": {"type": "ndarray", "data": [[0.9999957546963865, 0.0028432335657181985, -0.0006376614268182839, -0.737996282996249], [0.0028429928386728507, -0.9999958872058228, -0.0003781046940018381, 0.0881949933373515], [-0.000638733844205422, 0.00037629022196267203, -0.9999997252123354, -0.000248221226812852], [0.0, 0.0, 0.0, 1.0]]}, "mean_rme": {"type": "float", "data": 0.0018676827196778191}, "max_rme": {"type": "float", "data": 0.0076368563558461}, "simu": {"type": "float", "data": 0.002}}, {"type": "dict", "image_number": {"type": "int", "data": 14}, "Hcamera2end": {"type": "ndarray", "data": [[0.9999951310258235, 0.002999976484841703, -0.0008591075232321837, -0.015894282051611752], [0.0008611929366762515, -0.0006939206856453328, 0.9999993884102167, 0.0229080954141258], [0.0029993784976051706, -0.9999952592963488, -0.0006965008655224203, 0.03471836900226668], [0.0, 0.0, 0.0, 1.0]]}, "Hobj2base": {"type": "ndarray", "data": [[0.9999952717933726, 0.0029689617475531557, -0.0008010349808122157, -0.7371681764891722], [0.0029684971436557033, -0.9999954254703434, -0.0005805713519348103, 0.08848484197187757], [-0.0008027550105895599, 0.000578190736820987, -0.9999995106398125, -3.148379032156098e-05], [0.0, 0.0, 0.0, 1.0]]}, "mean_rme": {"type": "float", "data": 0.0019233706247920013}, "max_rme": {"type": "float", "data": 0.0075128896300961645}, "simu": {"type": "float", "data": 0.002}}, {"type": "dict", "image_number": {"type": "int", "data": 15}, "Hcamera2end": {"type": "ndarray", "data": [[0.9999934549667014, 0.0034372926191717137, -0.0011291781125038374, -0.01621930438890892], [0.0011310408617517956, -0.0005400277652931607, 0.9999992145579824, 0.022359836946286214], [0.00343668013184495, -0.9999939466764101, -0.0005439119491996713, 0.034456627691441595], [0.0, 0.0, 0.0, 1.0]]}, "Hobj2base": {"type": "ndarray", "data": [[0.9999937639144088, 0.003396283608600025, -0.0009681890020087785, -0.7372230639988706], [0.0033957559683505637, -0.9999940852903628, -0.0005461004430330674, 0.0879812702188488], [-0.0009700379874352802, 0.0005428093039219005, -0.9999993821919904, 0.0003417377881320571], [0.0, 0.0, 0.0, 1.0]]}, "mean_rme": {"type": "float", "data": 0.001900485080157758}, "max_rme": {"type": "float", "data": 0.00768494364123723}, "simu": {"type": "float", "data": 0.002}}, {"type": "dict", "image_number": {"type": "int", "data": 16}, "Hcamera2end": {"type": "ndarray", "data": [[0.9999924931043388, 0.003634545350526465, -0.0013430618242719012, -0.016037608089589206], [0.001344115673077739, -0.0002875263080224233, 0.9999990553403935, 0.022196701413881137], [0.0036341557515105058, -0.9999933536822716, -0.00029240939896246765, 0.03425488488512901], [0.0, 0.0, 0.0, 1.0]]}, "Hobj2base": {"type": "ndarray", "data": [[0.9999930078077257, 0.003535166746384537, -0.0012193981028056219, -0.7371652303931769], [0.0035342134873947778, -0.9999934480886576, -0.0007830164641892736, 0.0880484650480702], [-0.0012221582071834344, 0.0007787013759661627, -0.999998949976191, 0.000359931130223496], [0.0, 0.0, 0.0, 1.0]]}, "mean_rme": {"type": "float", "data": 0.001847138854393985}, "max_rme": {"type": "float", "data": 0.007865522876802589}, "simu": {"type": "float", "data": 0.002}}, {"type": "dict", "image_number": {"type": "int", "data": 17}, "Hcamera2end": {"type": "ndarray", "data": [[0.9999922751432259, 0.00368267154165764, -0.0013738938063874145, -0.015633700025303548], [0.0013750322871649559, -0.00030663127204721974, 0.9999990076312436, 0.021993620078440083], [0.003682246608283952, -0.9999931719304783, -0.00031169269563724455, 0.03404906061394665], [0.0, 0.0, 0.0, 1.0]]}, "Hobj2base": {"type": "ndarray", "data": [[0.999992841899169, 0.003585778563332128, -0.0012076185317599305, -0.7369816964565326], [0.0035847951566725126, -0.9999932420642883, -0.0008155178956743773, 0.08846686330991273], [-0.0012105346373398516, 0.0008111829930512896, -0.9999989382934582, 0.000284768310329387], [0.0, 0.0, 0.0, 1.0]]}, "mean_rme": {"type": "float", "data": 0.001887400217708378}, "max_rme": {"type": "float", "data": 0.008143885650570948}, "simu": {"type": "float", "data": 0.002}}, {"type": "dict", "image_number": {"type": "int", "data": 18}, "Hcamera2end": {"type": "ndarray", "data": [[0.999992108126145, 0.0037074213410741193, -0.0014278348742279882, -0.015472526964807515], [0.0014288545743442857, -0.0002724088290650961, 0.9999989420834581, 0.022107885992037432], [0.0037070284641055684, -0.9999930903863434, -0.00027770404519111835, 0.034065305953244716], [0.0, 0.0, 0.0, 1.0]]}, "Hobj2base": {"type": "ndarray", "data": [[0.9999927308485397, 0.0036071482641703307, -0.001235609760536851, -0.7371364601574854], [0.0036060792801180944, -0.9999931228475591, -0.00086628506377849, 0.08849807623856475], [-0.001238726081724256, 0.00086182305986537, -0.9999988614087056, 0.00017372980109143295], [0.0, 0.0, 0.0, 1.0]]}, "mean_rme": {"type": "float", "data": 0.0018622187728072274}, "max_rme": {"type": "float", "data": 0.00814675354965888}, "simu": {"type": "float", "data": 0.002}}, {"type": "dict", "image_number": {"type": "int", "data": 19}, "Hcamera2end": {"type": "ndarray", "data": [[0.9999924538532532, 0.0035843888625526343, -0.0014981298446253921, -0.015413535542642506], [0.0014990174350179933, -0.0002449529768875358, 0.999998846471719, 0.02217493039382202], [0.003584017756493506, -0.9999935460564339, -0.0002503241898352826, 0.034050633837081894], [0.0, 0.0, 0.0, 1.0]]}, "Hobj2base": {"type": "ndarray", "data": [[0.9999930770538605, 0.00352159458456979, -0.0012017553551292878, -0.7371680882009597], [0.0035204701199749995, -0.9999933645870602, -0.0009365212151836725, 0.08850314882392092], [-0.0012050454290259787, 0.0009322839878784887, -0.9999988393553669, 0.00013768947407924594], [0.0, 0.0, 0.0, 1.0]]}, "mean_rme": {"type": "float", "data": 0.0017970995101519707}, "max_rme": {"type": "float", "data": 0.008118861231641461}, "simu": {"type": "float", "data": 0.002}}, {"type": "dict", "image_number": {"type": "int", "data": 20}, "Hcamera2end": {"type": "ndarray", "data": [[0.9999915078430813, 0.0037937124448543654, -0.001609965094783503, -0.015298176214089125], [0.0016111228498201966, -0.0003021410135088942, 0.9999986564960831, 0.02206088939937515], [0.003793220911501384, -0.9999927582021252, -0.00030825058448558096, 0.033804969733579736], [0.0, 0.0, 0.0, 1.0]]}, "Hobj2base": {"type": "ndarray", "data": [[0.9999923236262639, 0.003729990640099498, -0.0011999409861210878, -0.7369200204067738], [0.0037287530653846803, -0.9999925157096585, -0.0010319521529120292, 0.08855928369183455], [-0.0012037811772857472, 0.001027469947631346, -0.9999987476074077, 0.00013974587722656028], [0.0, 0.0, 0.0, 1.0]]}, "mean_rme": {"type": "float", "data": 0.0017881487550755089}, "max_rme": {"type": "float", "data": 0.008211078040208819}, "simu": {"type": "float", "data": 0.002}}, {"type": "dict", "image_number": {"type": "int", "data": 21}, "Hcamera2end": {"type": "ndarray", "data": [[0.9999917632612382, 0.0037380818261385225, -0.001581187509745391, -0.015355930824953288], [0.0015821493325361654, -0.00025436072510443, 0.9999987160512313, 0.022068217413651156], [0.0037376748346314593, -0.999992980997808, -0.0002602728336678073, 0.03379122799105485], [0.0, 0.0, 0.0, 1.0]]}, "Hobj2base": {"type": "ndarray", "data": [[0.9999924851553782, 0.003683704804844891, -0.0012082846028249768, -0.7368889861562076], [0.003682440475650275, -0.9999926717427345, -0.0010469445883542281, 0.08854353397220029], [-0.0012121323830150842, 0.0010424872846007715, -0.9999987219768571, 0.0002109335003585672], [0.0, 0.0, 0.0, 1.0]]}, "mean_rme": {"type": "float", "data": 0.0017440179360761064}, "max_rme": {"type": "float", "data": 0.00814407614792545}, "simu": {"type": "float", "data": 0.002}}, {"type": "dict", "image_number": {"type": "int", "data": 22}, "Hcamera2end": {"type": "ndarray", "data": [[0.9999897727073371, 0.004222957638467674, -0.001618984098722427, -0.015551997125427052], [0.0016197610526075018, -0.00018056972851043795, 0.999998671883471, 0.02201669396264862], [0.004222659690368663, -0.9999910669717791, -0.00018740806408046318, 0.03364758008564821], [0.0, 0.0, 0.0, 1.0]]}, "Hobj2base": {"type": "ndarray", "data": [[0.9999905119252428, 0.004173313714814551, -0.001248804279515728, -0.7369947897504666], [0.004172025992607693, -0.9999907645463666, -0.001031998590325467, 0.08821937419583616], [-0.0012530996001123818, 0.0010267787547318732, -0.9999986877325295, 0.00021810872115276094], [0.0, 0.0, 0.0, 1.0]]}, "mean_rme": {"type": "float", "data": 0.0017218136924952957}, "max_rme": {"type": "float", "data": 0.00819393689514386}, "simu": {"type": "float", "data": 0.002}}, {"type": "dict", "image_number": {"type": "int", "data": 23}, "Hcamera2end": {"type": "ndarray", "data": [[0.9999880745279055, 0.004611775030155799, -0.0016069639209982808, -0.01589903312794845], [0.0016080624529305778, -0.00023450339694219835, 0.9999986795707804, 0.022016383368707513], [0.004611392102135058, -0.9999893382127772, -0.0002419166226459435, 0.03364257078651091], [0.0, 0.0, 0.0, 1.0]]}, "Hobj2base": {"type": "ndarray", "data": [[0.9999888998075229, 0.004546047740217033, -0.00123843113801101, -0.7369638743596688], [0.004544767184858878, -0.9999891370051279, -0.0010348734104324653, 0.0878141758549499], [-0.0012431222688688154, 0.0010292335419416804, -0.9999986976618227, 0.0002453522536626302], [0.0, 0.0, 0.0, 1.0]]}, "mean_rme": {"type": "float", "data": 0.0017014108800488634}, "max_rme": {"type": "float", "data": 0.008149319733958271}, "simu": {"type": "float", "data": 0.002}}, {"type": "dict", "image_number": {"type": "int", "data": 24}, "Hcamera2end": {"type": "ndarray", "data": [[0.9999893985919103, 0.0044186323208021405, -0.0012955277701015024, -0.015406586104486353], [0.0012965619869808266, -0.00023120164498258156, 0.9999991327360305, 0.022077620827957056], [0.004418328960529967, -0.9999902110691947, -0.0002369282246210691, 0.033647963105187646], [0.0, 0.0, 0.0, 1.0]]}, "Hobj2base": {"type": "ndarray", "data": [[0.9999899274823303, 0.00436300366935894, -0.0010531537708278972, -0.7365921461279102], [0.00436220641510134, -0.9999901981492403, -0.0007581296958508033, 0.08840721095706845], [-0.001056451170616655, 0.0007535279854408522, -0.9999991580528953, 0.0002158896284027642], [0.0, 0.0, 0.0, 1.0]]}, "mean_rme": {"type": "float", "data": 0.0017544350197605586}, "max_rme": {"type": "float", "data": 0.008151734433009095}, "simu": {"type": "float", "data": 0.002}}, {"type": "dict", "image_number": {"type": "int", "data": 25}, "Hcamera2end": {"type": "ndarray", "data": [[0.9999889498472305, 0.004511189696091422, -0.0013226303183507771, -0.015473515441272699], [0.001323582191487614, -0.00020802373008166342, 0.9999991024277524, 0.02190979165406783], [0.004510910508480404, -0.9999898028948364, -0.00021399236173169633, 0.033593914409425336], [0.0, 0.0, 0.0, 1.0]]}, "Hobj2base": {"type": "ndarray", "data": [[0.9999895153537727, 0.004451983995795532, -0.0010719239842256498, -0.736515968359252], [0.004451133759506758, -0.9999897782190366, -0.000794270544201978, 0.08844492580801509], [-0.0010754491070045925, 0.0007894909395225015, -0.9999991100562415, 0.00031563877575331524], [0.0, 0.0, 0.0, 1.0]]}, "mean_rme": {"type": "float", "data": 0.001770084369762716}, "max_rme": {"type": "float", "data": 0.008220845269976407}, "simu": {"type": "float", "data": 0.002}}, {"type": "dict", "image_number": {"type": "int", "data": 26}, "Hcamera2end": {"type": "ndarray", "data": [[0.9999888285533671, 0.00453823455999183, -0.0013218152454567914, -0.015248401264354013], [0.00132274870289506, -0.000202692022464257, 0.9999991046255056, 0.021881080570747717], [0.00453796257516693, -0.9999896816182766, -0.0002086927019786522, 0.03358790770727768], [0.0, 0.0, 0.0, 1.0]]}, "Hobj2base": {"type": "ndarray", "data": [[0.9999894291106343, 0.004467055965280699, -0.0010895310875852552, -0.736554053052488], [0.004466193589864889, -0.999989712346774, -0.0007926635056723386, 0.08866629253842986], [-0.0010930607511087213, 0.0007877890697547842, -0.9999990923028756, 0.0003037806151134359], [0.0, 0.0, 0.0, 1.0]]}, "mean_rme": {"type": "float", "data": 0.0017742137387233008}, "max_rme": {"type": "float", "data": 0.008266281141048215}, "simu": {"type": "float", "data": 0.002}}, {"type": "dict", "image_number": {"type": "int", "data": 27}, "Hcamera2end": {"type": "ndarray", "data": [[0.9999892330894665, 0.004462033784906889, -0.001274346751481042, -0.015330160627959982], [0.001275237919375983, -0.00019688295862474448, 0.999999167502328, 0.022073476318770623], [0.004461779173115406, -0.9999900256960578, -0.00020257099348364171, 0.03367556298309779], [0.0, 0.0, 0.0, 1.0]]}, "Hobj2base": {"type": "ndarray", "data": [[0.9999897604400834, 0.0043920596758082854, -0.001090333338367386, -0.7365275679168425], [0.004391199942965207, -0.9999900468582303, -0.0007896502611542633, 0.08852065065667702], [-0.0010937906771951002, 0.000784854303789849, -0.9999990938124275, 0.0003128322695155534], [0.0, 0.0, 0.0, 1.0]]}, "mean_rme": {"type": "float", "data": 0.0018453594076312412}, "max_rme": {"type": "float", "data": 0.00806901803143395}, "simu": {"type": "float", "data": 0.002}}, {"type": "dict", "image_number": {"type": "int", "data": 28}, "Hcamera2end": {"type": "ndarray", "data": [[0.9999905667362187, 0.004211335929392433, -0.0010635263353480807, -0.01531036843862503], [0.00106403717377604, -0.00011906214094370426, 0.9999994268243853, 0.02223712077912064], [0.004211206889834937, -0.999991125197567, -0.00012354203577924494, 0.033507394950058104], [0.0, 0.0, 0.0, 1.0]]}, "Hobj2base": {"type": "ndarray", "data": [[0.9999910181547434, 0.004135500977735081, -0.0009280309815099191, -0.7363574352166636], [0.004134914591124306, -0.9999912509258482, -0.0006328926304976261, 0.08850470377885453], [-0.0009306401901902707, 0.0006290496171074944, -0.9999993691025089, 6.103814011834883e-05], [0.0, 0.0, 0.0, 1.0]]}, "mean_rme": {"type": "float", "data": 0.0018414231931680256}, "max_rme": {"type": "float", "data": 0.00819127170916123}, "simu": {"type": "float", "data": 0.002}}, {"type": "dict", "image_number": {"type": "int", "data": 29}, "Hcamera2end": {"type": "ndarray", "data": [[0.9999898920528806, 0.004355253593888901, -0.0011169414493177982, -0.015436169906137193], [0.001117345456239346, -9.03310519813072e-05, 0.999999371689519, 0.022261895727255343], [0.004355149962941301, -0.9999905117582037, -9.519646173372642e-05, 0.033817929227321554], [0.0, 0.0, 0.0, 1.0]]}, "Hobj2base": {"type": "ndarray", "data": [[0.9999904154523522, 0.004274838529166576, -0.0009459170056843336, -0.736663343361069], [0.004274185315699609, -0.9999906265340854, -0.0006915083909133145, 0.08828825802251039], [-0.000948864225876241, 0.0006874587385426263, -0.9999993135283465, 3.503904573875677e-05], [0.0, 0.0, 0.0, 1.0]]}, "mean_rme": {"type": "float", "data": 0.0018400418605726428}, "max_rme": {"type": "float", "data": 0.008193745622698256}, "simu": {"type": "float", "data": 0.002}}, {"type": "dict", "image_number": {"type": "int", "data": 30}, "Hcamera2end": {"type": "ndarray", "data": [[0.9999896942405063, 0.004389217427348607, -0.00116025133234189, -0.015412460370711933], [0.0011607159809483001, -0.0001033155289722476, 0.9999993210319257, 0.02231669484249603], [0.004389094575229961, -0.9999903620016927, -0.00010840909903908624, 0.033773715413329394], [0.0, 0.0, 0.0, 1.0]]}, "Hobj2base": {"type": "ndarray", "data": [[0.999990269992204, 0.004307843666882691, -0.0009499493990481748, -0.7366387574138485], [0.004307145319393322, -0.9999904533808641, -0.000735966257591877, 0.08828292313059984], [-0.0009531107578248698, 0.0007318675265266821, -0.9999992779746432, 8.774180645865955e-05], [0.0, 0.0, 0.0, 1.0]]}, "mean_rme": {"type": "float", "data": 0.0018323523025879347}, "max_rme": {"type": "float", "data": 0.008080698829707189}, "simu": {"type": "float", "data": 0.002}}]}