{"type": "list", "data": [{"type": "dict", "image_number": {"type": "int", "data": 5}, "Hcamera2end": {"type": "ndarray", "data": [[0.9999941361568034, 0.0034208432421246318, 0.0001596355890242675, -0.01216074556684925], [-0.00016086158298274952, 0.0003581172554677492, 0.9999999229377882, 0.03218784937610523], [0.0034207858102478688, -0.9999940847742771, 0.00035866543778328985, 0.035896156058432424], [0.0, 0.0, 0.0, 1.0]]}, "Hobj2base": {"type": "ndarray", "data": [[0.9999936730271193, 0.0035446778960324518, -0.0002986039922255858, -0.7389651934672482], [0.0035442658832279044, -0.9999927816994798, -0.001369207174103056, 0.0929177578511092], [-0.00030345523521736555, 0.0013681401792241567, -0.999999018053203, 0.003082059720242203], [0.0, 0.0, 0.0, 1.0]]}, "mean_rme": {"type": "float", "data": 0.0007125285982347474}, "max_rme": {"type": "float", "data": 0.002241960997311221}, "simu": {"type": "float", "data": 0.002}}, {"type": "dict", "image_number": {"type": "int", "data": 6}, "Hcamera2end": {"type": "ndarray", "data": [[0.9999918220915386, 0.003980601259165476, 0.0007145373749907721, -0.015077685021461073], [-0.000712986807647585, -0.0003909363845437941, 0.9999996694092231, 0.031835235093578634], [0.003980879281873412, -0.999992000959187, -0.0003880950713175402, 0.036191208711644204], [0.0, 0.0, 0.0, 1.0]]}, "Hobj2base": {"type": "ndarray", "data": [[0.9999916815134146, 0.004062993293782117, 0.0003591510384708231, -0.7383015620173704], [0.004063162363980226, -0.9999916342683286, -0.0004712801301871102, 0.09041111726591483], [0.0003572332259011627, 0.0004727354988321683, -0.9999998244527697, 0.003071251232262484], [0.0, 0.0, 0.0, 1.0]]}, "mean_rme": {"type": "float", "data": 0.0010380992986379844}, "max_rme": {"type": "float", "data": 0.0034916115487007016}, "simu": {"type": "float", "data": 0.002}}, {"type": "dict", "image_number": {"type": "int", "data": 7}, "Hcamera2end": {"type": "ndarray", "data": [[0.9999914020277093, 0.004081590478589061, 0.0007324546547446686, -0.014566450897600777], [-0.0007322427189778956, -5.341892134680393e-05, 0.9999997304834733, 0.032023475157975996], [0.004081628505470564, -0.9999916688480879, -5.042974714264403e-05, 0.035771515433326746], [0.0, 0.0, 0.0, 1.0]]}, "Hobj2base": {"type": "ndarray", "data": [[0.9999910002734052, 0.004240157015184964, 0.000142970910471762, -0.7379256384280509], [0.004240151516083533, -0.999991009766589, 3.874427679669956e-05, 0.09032161762874959], [0.00014313390694696362, -3.8137709786008584e-05, -0.9999999890291, 0.002829591785167919], [0.0, 0.0, 0.0, 1.0]]}, "mean_rme": {"type": "float", "data": 0.0011393055646541394}, "max_rme": {"type": "float", "data": 0.0033163123195447675}, "simu": {"type": "float", "data": 0.002}}, {"type": "dict", "image_number": {"type": "int", "data": 8}, "Hcamera2end": {"type": "ndarray", "data": [[0.9999941224535133, 0.003400646706280589, -0.00043664677610696706, -0.016391753963850474], [0.00044040377489238183, -0.0011041190439970983, 0.9999992934825763, 0.03238416348095331], [0.0034001621936434394, -0.9999936082411307, -0.001105610212132735, 0.037195696864492006], [0.0, 0.0, 0.0, 1.0]]}, "Hobj2base": {"type": "ndarray", "data": [[0.9999924553663394, 0.003691138279377164, 0.001210251462412477, -0.7391572494833055], [0.0036926978967978035, -0.9999923512270255, -0.0012889800962492411, 0.08835802823557984], [0.001205484401699178, 0.0012934394643964661, -0.9999984369096331, 0.002947759321550378], [0.0, 0.0, 0.0, 1.0]]}, "mean_rme": {"type": "float", "data": 0.001348606122494885}, "max_rme": {"type": "float", "data": 0.003954380422613202}, "simu": {"type": "float", "data": 0.002}}, {"type": "dict", "image_number": {"type": "int", "data": 9}, "Hcamera2end": {"type": "ndarray", "data": [[0.9999945101064149, 0.0032907747943333003, -0.00038801840707483213, -0.015377404264651706], [0.0003888442970244332, -0.0002503351883853533, 0.9999998930661974, 0.032625689553518085], [0.0032906773077772057, -0.999994554051944, -0.0002516134130834402, 0.03506047086814362], [0.0, 0.0, 0.0, 1.0]]}, "Hobj2base": {"type": "ndarray", "data": [[0.9999937123194705, 0.0035203990777759693, 0.0004267456586052517, -0.7372694727040942], [0.0035208747026895743, -0.9999931756620326, -0.0011189596466832635, 0.08917377570605162], [0.000422803561840399, 0.0011204551290163456, -0.9999992829084687, 0.00316759491703685], [0.0, 0.0, 0.0, 1.0]]}, "mean_rme": {"type": "float", "data": 0.0015176172626124448}, "max_rme": {"type": "float", "data": 0.0037525418804721378}, "simu": {"type": "float", "data": 0.002}}, {"type": "dict", "image_number": {"type": "int", "data": 10}, "Hcamera2end": {"type": "ndarray", "data": [[0.9999944206734547, 0.003327917045877298, -0.00028911952103476525, -0.015448510611736606], [0.0002905393835528228, -0.00042617647706455486, 0.9999998669802298, 0.03258697910052335], [0.003327793387259612, -0.999994371655034, -0.0004271409902538714, 0.03455736237274775], [0.0, 0.0, 0.0, 1.0]]}, "Hobj2base": {"type": "ndarray", "data": [[0.9999936192353803, 0.0035362236149825027, 0.0005065679322401006, -0.7367191934852189], [0.0035367077647106, -0.999993286888176, -0.000958058854490972, 0.08934571210909435], [0.000503176621247131, 0.0009598443240822368, -0.999999412755908, 0.0034576481502930356], [0.0, 0.0, 0.0, 1.0]]}, "mean_rme": {"type": "float", "data": 0.0015027459985731783}, "max_rme": {"type": "float", "data": 0.0035387805474637046}, "simu": {"type": "float", "data": 0.002}}, {"type": "dict", "image_number": {"type": "int", "data": 11}, "Hcamera2end": {"type": "ndarray", "data": [[0.9999944916768414, 0.003318037202116314, -8.51181592314888e-05, -0.015892971772491247], [8.717542907704136e-05, -0.0006198864590654107, 0.9999998040705917, 0.03250836034332665], [0.0033179837884209215, -0.9999943031687244, -0.00062017229584721, 0.03409280072545941], [0.0, 0.0, 0.0, 1.0]]}, "Hobj2base": {"type": "ndarray", "data": [[0.9999935825179287, 0.0035272077426763437, 0.0006274778869649756, -0.7360806374033593], [0.0035276480132912786, -0.9999935314734121, -0.0007019336350643809, 0.08921290527704842], [0.0006249979623551365, 0.0007041426515391987, -0.9999995567802382, 0.003751453857492325], [0.0, 0.0, 0.0, 1.0]]}, "mean_rme": {"type": "float", "data": 0.0015510843207831512}, "max_rme": {"type": "float", "data": 0.0037375334911899927}, "simu": {"type": "float", "data": 0.002}}, {"type": "dict", "image_number": {"type": "int", "data": 12}, "Hcamera2end": {"type": "ndarray", "data": [[0.9999942061156336, 0.0034000418372870747, -0.0001656824320641953, -0.015951336293554094], [0.00016817137057597697, -0.0007317588921955664, 0.9999997181236172, 0.03255023175042807], [0.0033999196393026364, -0.9999939521039257, -0.0007323264421650322, 0.033982073766196705], [0.0, 0.0, 0.0, 1.0]]}, "Hobj2base": {"type": "ndarray", "data": [[0.9999931770257781, 0.0036189363098571934, 0.0007410815582665055, -0.7359242150312518], [0.0036194743157517383, -0.9999931861966551, -0.0007259241967681167, 0.0892282591577195], [0.0007384494352486168, 0.000728601569472058, -0.9999994619159476, 0.003910517085808714], [0.0, 0.0, 0.0, 1.0]]}, "mean_rme": {"type": "float", "data": 0.0015396121106047104}, "max_rme": {"type": "float", "data": 0.003924170454143394}, "simu": {"type": "float", "data": 0.002}}, {"type": "dict", "image_number": {"type": "int", "data": 13}, "Hcamera2end": {"type": "ndarray", "data": [[0.9999941661053648, 0.0033900214368022498, -0.00041893900983512285, -0.016000410263795818], [0.0004211987846852632, -0.0006659095556735828, 0.9999996895779754, 0.03303684683565934], [0.0033897414089750387, -0.999994032141753, -0.0006673335437368255, 0.03389670398067409], [0.0, 0.0, 0.0, 1.0]]}, "Hobj2base": {"type": "ndarray", "data": [[0.9999934218074602, 0.003582735151376613, 0.0005659952668798096, -0.7361409590091981], [0.0035830361637238573, -0.9999934395452581, -0.0005317126041586657, 0.08936447672926776], [0.000564086568256128, 0.0005337370879605066, -0.9999996984654866, 0.003486028038348], [0.0, 0.0, 0.0, 1.0]]}, "mean_rme": {"type": "float", "data": 0.001592956068582405}, "max_rme": {"type": "float", "data": 0.00419202607779226}, "simu": {"type": "float", "data": 0.002}}, {"type": "dict", "image_number": {"type": "int", "data": 14}, "Hcamera2end": {"type": "ndarray", "data": [[0.9999942883170196, 0.0033600571518548113, -0.00036517019810534826, -0.016396639225340556], [0.00036699566168869684, -0.0005426829669512578, 0.999999785404668, 0.03287360290256569], [0.003359858259155681, -0.999994207738792, -0.0005439129937159226, 0.033725008808060015], [0.0, 0.0, 0.0, 1.0]]}, "Hobj2base": {"type": "ndarray", "data": [[0.9999937110068859, 0.003522578268394695, 0.0004115689731196102, -0.73585002607765], [0.003522801642190278, -0.9999936473382283, -0.0005432787290124676, 0.08921078687528983], [0.00040965261671662773, 0.0005447251881906622, -0.9999997677295747, 0.0037677333542475273], [0.0, 0.0, 0.0, 1.0]]}, "mean_rme": {"type": "float", "data": 0.00163217884173563}, "max_rme": {"type": "float", "data": 0.004400595059679324}, "simu": {"type": "float", "data": 0.002}}, {"type": "dict", "image_number": {"type": "int", "data": 15}, "Hcamera2end": {"type": "ndarray", "data": [[0.9999947898839195, 0.0032214442373996984, -0.0002061602310719356, -0.01621771303696045], [0.00020770999733420279, -0.0004807509384612274, 0.9999998628675366, 0.03285072470955557], [0.0032213446839105533, -0.9999946955737118, -0.0004814175598668591, 0.03350019455945744], [0.0, 0.0, 0.0, 1.0]]}, "Hobj2base": {"type": "ndarray", "data": [[0.9999941158616283, 0.0034031397704497542, 0.0004322983032918884, -0.7355728994232454], [0.003403295183166111, -0.9999941442334799, -0.00035927795072712075, 0.08941531830039977], [0.00043107309877119226, 0.000360747075419229, -0.9999998420187528, 0.0036130017750047798], [0.0, 0.0, 0.0, 1.0]]}, "mean_rme": {"type": "float", "data": 0.001598637698567284}, "max_rme": {"type": "float", "data": 0.004311767048317178}, "simu": {"type": "float", "data": 0.002}}, {"type": "dict", "image_number": {"type": "int", "data": 16}, "Hcamera2end": {"type": "ndarray", "data": [[0.9999942561236369, 0.003387831906110571, -0.00010156136043182698, -0.015913212784045283], [0.00010309152577749449, -0.00045149350210649253, 0.9999998927628719, 0.03280172121510242], [0.0033877856885149065, -0.9999941593572403, -0.0004518401655440041, 0.03354268605462446], [0.0, 0.0, 0.0, 1.0]]}, "Hobj2base": {"type": "ndarray", "data": [[0.9999936126772281, 0.0035485600528654304, 0.00042699683512713684, -0.7354982305603692], [0.003548665716672918, -0.9999936729723164, -0.0002469553944231909, 0.08974825709583961], [0.00042611779745885053, 0.00024846908606931993, -0.9999998783433603, 0.0035872355103084494], [0.0, 0.0, 0.0, 1.0]]}, "mean_rme": {"type": "float", "data": 0.001581356801937299}, "max_rme": {"type": "float", "data": 0.004314671715571067}, "simu": {"type": "float", "data": 0.002}}, {"type": "dict", "image_number": {"type": "int", "data": 17}, "Hcamera2end": {"type": "ndarray", "data": [[0.9999925957936726, 0.00384612756239725, -0.00012514234389378906, -0.016041361654446386], [0.00012697618622815095, -0.00047656177965671453, 0.9999998783829517, 0.032870896956186564], [0.0038460674565844516, -0.9999924900676224, -0.00047704661770442414, 0.03376475251955144], [0.0, 0.0, 0.0, 1.0]]}, "Hobj2base": {"type": "ndarray", "data": [[0.9999919635549649, 0.00398634927166474, 0.0004264328435775906, -0.7355918182926051], [0.00398645901107134, -0.9999920210665365, -0.000256803070220968, 0.08940299178033662], [0.0004254057343663684, 0.000258500963489106, -0.9999998761035989, 0.003550496461902452], [0.0, 0.0, 0.0, 1.0]]}, "mean_rme": {"type": "float", "data": 0.0015853353378200536}, "max_rme": {"type": "float", "data": 0.004197517542925938}, "simu": {"type": "float", "data": 0.002}}, {"type": "dict", "image_number": {"type": "int", "data": 18}, "Hcamera2end": {"type": "ndarray", "data": [[0.9999967413983611, 0.0025446673836029624, -0.00020459854834215235, -0.016063816674970713], [0.00020574498962211874, -0.00045027335108693833, 0.9999998774614469, 0.03362665225445614], [0.002544574946509113, -0.9999966609553337, -0.00045079543638992803, 0.033836161444697935], [0.0, 0.0, 0.0, 1.0]]}, "Hobj2base": {"type": "ndarray", "data": [[0.99999623569024, 0.00272737240382124, 0.0003000751918495208, -0.7354917079819066], [0.0027274558743986916, -0.9999962418129005, -0.00027810884316478804, 0.0897522759523239], [0.0002993155577266996, 0.0002789262381217267, -0.9999999163051718, 0.002792094617091808], [0.0, 0.0, 0.0, 1.0]]}, "mean_rme": {"type": "float", "data": 0.0015747327869255966}, "max_rme": {"type": "float", "data": 0.004357293311848032}, "simu": {"type": "float", "data": 0.002}}, {"type": "dict", "image_number": {"type": "int", "data": 19}, "Hcamera2end": {"type": "ndarray", "data": [[0.9999978802062384, 0.002056484465624322, -0.00010224809263729181, -0.016315494917023894], [0.00010318338143733611, -0.00045469888173088613, 0.9999998913010527, 0.03363387160563578], [0.002056437749993244, -0.9999977820578253, -0.00045491011288412153, 0.033736006836140156], [0.0, 0.0, 0.0, 1.0]]}, "Hobj2base": {"type": "ndarray", "data": [[0.9999974245552242, 0.0022433967344736047, 0.0003435898868897418, -0.7355745037638821], [0.002243480704646085, -0.9999974535769605, -0.0002442005779357486, 0.0896416806544299], [0.00034304117318544015, 0.0002449707862921946, -0.9999999111560296, 0.002687392163584458], [0.0, 0.0, 0.0, 1.0]]}, "mean_rme": {"type": "float", "data": 0.0016083355851099319}, "max_rme": {"type": "float", "data": 0.0043491525837685285}, "simu": {"type": "float", "data": 0.002}}, {"type": "dict", "image_number": {"type": "int", "data": 20}, "Hcamera2end": {"type": "ndarray", "data": [[0.9999977025508976, 0.0021422516958094487, -7.517046219320455e-05, -0.016377231635941354], [7.613316220810734e-05, -0.000449308972529483, 0.9999998961625889, 0.03358345158573653], [0.0021422176986004462, -0.9999976044366901, -0.00044947103666093113, 0.03368638826475311], [0.0, 0.0, 0.0, 1.0]]}, "Hobj2base": {"type": "ndarray", "data": [[0.9999972656597509, 0.002315912061591042, 0.000324383021299249, -0.7355184336897247], [0.0023159845631462624, -0.9999972931706365, -0.00022330898792323993, 0.08960336295555688], [0.00032386497927116865, 0.00022405964339036207, -0.9999999224543732, 0.0027363210713078983], [0.0, 0.0, 0.0, 1.0]]}, "mean_rme": {"type": "float", "data": 0.0015435317699295016}, "max_rme": {"type": "float", "data": 0.004374723943345288}, "simu": {"type": "float", "data": 0.002}}, {"type": "dict", "image_number": {"type": "int", "data": 21}, "Hcamera2end": {"type": "ndarray", "data": [[0.9999975951330424, 0.0021923852868827877, -5.6346123880159906e-05, -0.01633289130723678], [5.7307834201321666e-05, -0.00043859900964982046, 0.9999999021733558, 0.03366164458554924], [0.00219236035905496, -0.9999975005357077, -0.0004387235957299396, 0.033821099780975424], [0.0, 0.0, 0.0, 1.0]]}, "Hobj2base": {"type": "ndarray", "data": [[0.9999971810045153, 0.0023540352318815534, 0.0003106463419113978, -0.7356532213760486], [0.002354102671107298, -0.9999972055721933, -0.0002169064732546288, 0.0895250979006748], [0.0003101348683525574, 0.00021763715517952344, -0.9999999282252132, 0.002677345679083475], [0.0, 0.0, 0.0, 1.0]]}, "mean_rme": {"type": "float", "data": 0.001526753774783312}, "max_rme": {"type": "float", "data": 0.004250990271264771}, "simu": {"type": "float", "data": 0.002}}, {"type": "dict", "image_number": {"type": "int", "data": 22}, "Hcamera2end": {"type": "ndarray", "data": [[0.9999978708229998, 0.002061056958251942, -0.00010194940815058868, -0.016334660449287434], [0.00010271714329689128, -0.00037239342032124867, 0.9999999253861617, 0.033645864852673214], [0.0020610188391797703, -0.9999978066812724, -0.00037260433331254283, 0.03377075705893314], [0.0, 0.0, 0.0, 1.0]]}, "Hobj2base": {"type": "ndarray", "data": [[0.9999974632252911, 0.0022284820066790865, 0.0003277360649705318, -0.7356828346953392], [0.0022285136387912904, -0.9999975122347491, -9.618354106605199e-05, 0.08961084577096218], [0.0003275209063495337, 9.691366136078824e-05, -0.9999999416688969, 0.0026186050737584577], [0.0, 0.0, 0.0, 1.0]]}, "mean_rme": {"type": "float", "data": 0.0015250966877850853}, "max_rme": {"type": "float", "data": 0.004338369213512883}, "simu": {"type": "float", "data": 0.002}}, {"type": "dict", "image_number": {"type": "int", "data": 23}, "Hcamera2end": {"type": "ndarray", "data": [[0.999997936799328, 0.0020313305640631343, 9.655394021210965e-06, -0.01638081344965623], [-8.603340008952022e-06, -0.0005179218419366638, 0.9999998658414649, 0.033781550596837864], [0.002031335292282258, -0.9999978027241384, -0.000517903297132527, 0.03396328464972075], [0.0, 0.0, 0.0, 1.0]]}, "Hobj2base": {"type": "ndarray", "data": [[0.9999975724049992, 0.0021678749391863717, 0.000394337870849265, -0.7357613412490269], [0.0021678308891614957, -0.9999976439686988, 0.00011209945166122684, 0.08955979915433918], [0.000394579959368851, -0.00011124432171196518, -0.9999999159656745, 0.0025902607814243975], [0.0, 0.0, 0.0, 1.0]]}, "mean_rme": {"type": "float", "data": 0.001528356916431741}, "max_rme": {"type": "float", "data": 0.004266036800634643}, "simu": {"type": "float", "data": 0.002}}, {"type": "dict", "image_number": {"type": "int", "data": 24}, "Hcamera2end": {"type": "ndarray", "data": [[0.9999979920492388, 0.0020030403773336146, 6.104700903109288e-05, -0.016235848700815726], [-6.0263250783211e-05, -0.00039134231985693546, 0.9999999216097618, 0.03377608959201728], [0.0020030641105929364, -0.9999979173380492, -0.00039122082433618033, 0.03408243029370892], [0.0, 0.0, 0.0, 1.0]]}, "Hobj2base": {"type": "ndarray", "data": [[0.9999977042589322, 0.002121060469374379, 0.00030426855004508024, -0.7358535937862082], [0.002120995489632997, -0.9999977278474175, 0.00021372443783335975, 0.08980352862172557], [0.0003047211811569361, -0.00021307859495510784, -0.9999999308712546, 0.0026347301239096252], [0.0, 0.0, 0.0, 1.0]]}, "mean_rme": {"type": "float", "data": 0.0015183713864166057}, "max_rme": {"type": "float", "data": 0.004331264786812311}, "simu": {"type": "float", "data": 0.002}}, {"type": "dict", "image_number": {"type": "int", "data": 25}, "Hcamera2end": {"type": "ndarray", "data": [[0.9999977905252493, 0.0021016639012081196, 4.419803069498243e-05, -0.01645596835213336], [-4.3456667037361204e-05, -0.00035279517401809457, 0.9999999368235393, 0.03378425776263639], [0.002101679361284364, -0.9999977292696274, -0.0003527030632177741, 0.03415638701949692], [0.0, 0.0, 0.0, 1.0]]}, "Hobj2base": {"type": "ndarray", "data": [[0.9999975207785047, 0.0022103873766493604, 0.00026948931182533057, -0.7358716340870959], [0.00221033827513179, -0.9999975405710184, 0.00018236398552261404, 0.08953967665772784], [0.0002698917440870616, -0.00018176787086123468, -0.9999999470594421, 0.0027059995001042702], [0.0, 0.0, 0.0, 1.0]]}, "mean_rme": {"type": "float", "data": 0.0015342585148031148}, "max_rme": {"type": "float", "data": 0.004315655582368877}, "simu": {"type": "float", "data": 0.002}}, {"type": "dict", "image_number": {"type": "int", "data": 26}, "Hcamera2end": {"type": "ndarray", "data": [[0.9999975601381497, 0.0022083330072247024, 5.461755201292004e-05, -0.01668268217969402], [-5.3871316542605536e-05, -0.00033797606962693294, 0.9999999414350269, 0.03367571734792603], [0.0022083513373193017, -0.9999975045156388, -0.0003378562792053508, 0.03404045181506317], [0.0, 0.0, 0.0, 1.0]]}, "Hobj2base": {"type": "ndarray", "data": [[0.9999972968400248, 0.0023109579109453614, 0.00025648816201467406, -0.7356896703938832], [0.0023109120410561897, -0.9999973138203189, 0.00017899074001115212, 0.08935521570999994], [0.00025690111310799955, -0.0001783975345885597, -0.9999999510880677, 0.002767799249413742], [0.0, 0.0, 0.0, 1.0]]}, "mean_rme": {"type": "float", "data": 0.0015373655851457927}, "max_rme": {"type": "float", "data": 0.004373216890406706}, "simu": {"type": "float", "data": 0.002}}, {"type": "dict", "image_number": {"type": "int", "data": 27}, "Hcamera2end": {"type": "ndarray", "data": [[0.9999978903644617, 0.002052554951019623, 7.927672411867505e-05, -0.01669526672133312], [-7.857294504407496e-05, -0.00034295789622729167, 0.9999999381030849, 0.03378700053505864], [0.002052582012551327, -0.9999978346966829, -0.00034279589742358674, 0.033977761843318355], [0.0, 0.0, 0.0, 1.0]]}, "Hobj2base": {"type": "ndarray", "data": [[0.9999976708080802, 0.002139593034511886, 0.00028376056982402806, -0.7357116230040155], [0.0021395692590093184, -0.9999977075856616, 8.406430907868935e-05, 0.0892825904650958], [0.0002839397827373848, -8.345698788466545e-05, -0.9999999562065649, 0.002773447490372513], [0.0, 0.0, 0.0, 1.0]]}, "mean_rme": {"type": "float", "data": 0.0015757451438402647}, "max_rme": {"type": "float", "data": 0.004270026733633553}, "simu": {"type": "float", "data": 0.002}}, {"type": "dict", "image_number": {"type": "int", "data": 28}, "Hcamera2end": {"type": "ndarray", "data": [[0.9999981252183805, 0.0019345613096107047, 8.385859303723089e-05, -0.01660398640811559], [-8.337178845073661e-05, -0.0002517149184519951, 0.9999999648443717, 0.033944277978924804], [0.0019345823500588944, -0.9999980970542589, -0.0002515531587052866, 0.033889065582734614], [0.0, 0.0, 0.0, 1.0]]}, "Hobj2base": {"type": "ndarray", "data": [[0.99999787520058, 0.002033557124719475, 0.00033799370655846324, -0.7356590795797295], [0.002033484642455513, -0.9999979094297395, 0.00021465404679025518, 0.08926017145658505], [0.0003384295112250722, -0.0002139662856819278, -0.9999999198419443, 0.002581322703928091], [0.0, 0.0, 0.0, 1.0]]}, "mean_rme": {"type": "float", "data": 0.0015586937844430365}, "max_rme": {"type": "float", "data": 0.004129969618953094}, "simu": {"type": "float", "data": 0.002}}, {"type": "dict", "image_number": {"type": "int", "data": 29}, "Hcamera2end": {"type": "ndarray", "data": [[0.9999975665967661, 0.0021970594541939528, -0.00019932461233519282, -0.016309000663324375], [0.00019978956402842457, -0.0002114070950993696, 0.9999999576955843, 0.03387005496178386], [0.0021970172226113607, -0.9999975641154306, -0.00021184553021114105, 0.0341745402980353], [0.0, 0.0, 0.0, 1.0]]}, "Hobj2base": {"type": "ndarray", "data": [[0.9999972502243981, 0.0023383782533749104, 0.00017756910368009083, -0.735874834364264], [0.0023383807764179704, -0.9999972658858989, -1.4002512583540894e-05, 0.08947045558142526], [0.00017753587501498269, 1.4417698258304722e-05, -0.999999984136571, 0.0027514899300692874], [0.0, 0.0, 0.0, 1.0]]}, "mean_rme": {"type": "float", "data": 0.0016013993811260813}, "max_rme": {"type": "float", "data": 0.004250194870629248}, "simu": {"type": "float", "data": 0.002}}, {"type": "dict", "image_number": {"type": "int", "data": 30}, "Hcamera2end": {"type": "ndarray", "data": [[0.9999970727604303, 0.002396685851355735, -0.0003322160450539857, -0.016378167099853763], [0.00033275984846885655, -0.00022650288593162315, 0.9999999189836598, 0.03306115345830116], [0.0023966104092920607, -0.9999971022924882, -0.00022729974372404094, 0.03411235456551839], [0.0, 0.0, 0.0, 1.0]]}, "Hobj2base": {"type": "ndarray", "data": [[0.9999968276498045, 0.0025140936588985523, 0.0001549948433931671, -0.735923523722042], [0.0025140911059020428, -0.9999968395291152, 1.666412928689877e-05, 0.08931053821403208], [0.00015503624871824844, -1.627440526520953e-05, -0.999999987849453, 0.0034888707053822464], [0.0, 0.0, 0.0, 1.0]]}, "mean_rme": {"type": "float", "data": 0.0016291270035209285}, "max_rme": {"type": "float", "data": 0.004276416358688195}, "simu": {"type": "float", "data": 0.002}}]}