{"type": "list", "data": [{"type": "dict", "image_number": {"type": "int", "data": 5}, "Hcamera2end": {"type": "ndarray", "data": [[0.9999979683228616, 0.0015533458849239002, -0.001284704911982681, -0.013569074028705516], [0.001282747384244157, 0.0012605410402579675, 0.9999983827964091, 0.03239741667909187], [0.0015549627961135327, -0.9999979990744218, 0.0012585459288748657, 0.0316836260162608], [0.0, 0.0, 0.0, 1.0]]}, "Hobj2base": {"type": "ndarray", "data": [[0.9999986913858305, 0.0013735624092568882, -0.0008547238936101026, -0.735895031520462], [0.0013723011323712494, -0.9999979713248544, -0.0014744950923295135, 0.08885190996902292], [-0.0008567474706844411, 0.0014733202242172769, -0.9999985476545894, -0.002374216611697344], [0.0, 0.0, 0.0, 1.0]]}, "mean_rme": {"type": "float", "data": 0.001222739354913438}, "max_rme": {"type": "float", "data": 0.0025747037679150764}, "simu": {"type": "float", "data": 0.002}}, {"type": "dict", "image_number": {"type": "int", "data": 6}, "Hcamera2end": {"type": "ndarray", "data": [[0.9999975853906311, 0.0008757172070007257, -0.0020155228306617486, -0.014892623841058217], [0.0020129201177147417, 0.0029628779979937736, 0.9999935847327066, 0.0320385759871274], [0.0008816833372901914, -0.9999952272252817, 0.002961108095017373, 0.03172945892056076], [0.0, 0.0, 0.0, 1.0]]}, "Hobj2base": {"type": "ndarray", "data": [[0.9999986813126504, -5.065848801022439e-05, -0.001623208759830954, -0.736457461206219], [-5.417670440596007e-05, -0.9999976495562537, -0.00216747476393219, 0.08806273817038078], [-0.0016230951435757348, 0.002167559845811809, -0.9999963336165134, -0.0011089117045100516], [0.0, 0.0, 0.0, 1.0]]}, "mean_rme": {"type": "float", "data": 0.0012017055892307638}, "max_rme": {"type": "float", "data": 0.002996725055082583}, "simu": {"type": "float", "data": 0.002}}, {"type": "dict", "image_number": {"type": "int", "data": 7}, "Hcamera2end": {"type": "ndarray", "data": [[0.9999984655362927, 0.0003061057993020448, -0.0017248838510874479, -0.014535168373286268], [0.001724051910779107, 0.0026975847587965562, 0.9999948753276081, 0.032479275474102065], [0.000310757250997494, -0.9999963146610636, 0.002697052877162376, 0.03162638739371754], [0.0, 0.0, 0.0, 1.0]]}, "Hobj2base": {"type": "ndarray", "data": [[0.9999994949724791, -0.00030309967884408905, -0.000958219897192186, -0.7361313859692197], [-0.0003052531759695573, -0.9999974265501941, -0.002248046593830259, 0.08796025109859289], [-0.0009575360490607608, 0.0022483379581717563, -0.9999970140461123, -0.0017793581391734195], [0.0, 0.0, 0.0, 1.0]]}, "mean_rme": {"type": "float", "data": 0.0012111309887626407}, "max_rme": {"type": "float", "data": 0.00317769817631236}, "simu": {"type": "float", "data": 0.002}}, {"type": "dict", "image_number": {"type": "int", "data": 8}, "Hcamera2end": {"type": "ndarray", "data": [[0.9999987983098358, -0.0007743029390107172, -0.0013430688153627229, -0.01452288871179382], [0.0013451687750849993, 0.002717953255382488, 0.9999954016149616, 0.0327331970742906], [-0.0007706489802087492, -0.9999960065845565, 0.0027189915573807566, 0.0320277926540259], [0.0, 0.0, 0.0, 1.0]]}, "Hobj2base": {"type": "ndarray", "data": [[0.9999988979227958, -0.001213099581310629, -0.0008558870249660207, -0.7360322378457307], [-0.0012147392655602546, -0.9999974231073343, -0.00191786005945259, 0.08862281737014757], [-0.0008535582642018891, 0.0019188976253988474, -0.9999977946326646, -0.0020583193551504744], [0.0, 0.0, 0.0, 1.0]]}, "mean_rme": {"type": "float", "data": 0.0013175666075035757}, "max_rme": {"type": "float", "data": 0.003855491064293254}, "simu": {"type": "float", "data": 0.002}}, {"type": "dict", "image_number": {"type": "int", "data": 9}, "Hcamera2end": {"type": "ndarray", "data": [[0.9999988571135954, -0.0007373449357137762, -0.0013198840664599013, -0.01398239354661163], [0.0013217357190954202, 0.0025164260151938622, 0.9999959602992398, 0.03256611920093982], [-0.0007340205664589995, -0.9999965619553678, 0.002517397714343672, 0.030771141781123477], [0.0, 0.0, 0.0, 1.0]]}, "Hobj2base": {"type": "ndarray", "data": [[0.9999992631028404, -0.0010629918859549952, -0.0005863804453892354, -0.7345016553644663], [-0.0010640989314536623, -0.9999976461677313, -0.0018908602435633273, 0.08891648385846757], [-0.0005843690960516387, 0.0018914828169991483, -0.9999980404008362, -0.0021238787080879204], [0.0, 0.0, 0.0, 1.0]]}, "mean_rme": {"type": "float", "data": 0.001330541436538121}, "max_rme": {"type": "float", "data": 0.0040255075251780514}, "simu": {"type": "float", "data": 0.002}}, {"type": "dict", "image_number": {"type": "int", "data": 10}, "Hcamera2end": {"type": "ndarray", "data": [[0.9999977870017893, -0.0014393188974001336, -0.0015343899881319412, -0.013619646641809605], [0.0015380810219529886, 0.002566838946667427, 0.999995522812273, 0.03118461060585597], [-0.001435373921318318, -0.9999956698400914, 0.002569047055338003, 0.030352746553514994], [0.0, 0.0, 0.0, 1.0]]}, "Hobj2base": {"type": "ndarray", "data": [[0.9999986386597836, -0.0016432455580799579, -0.0001497418295417397, -0.7341535784100903], [-0.0016435534358496704, -0.9999964868502338, -0.0020796680728644708, 0.09030303357379134], [-0.00014632389815325103, 0.0020799113504271203, -0.9999978262766829, -0.0014078903719659196], [0.0, 0.0, 0.0, 1.0]]}, "mean_rme": {"type": "float", "data": 0.0016055610597871118}, "max_rme": {"type": "float", "data": 0.005256314228547436}, "simu": {"type": "float", "data": 0.002}}, {"type": "dict", "image_number": {"type": "int", "data": 11}, "Hcamera2end": {"type": "ndarray", "data": [[0.9999986220303572, -0.00035215492598287136, -0.001622320651112374, -0.013451548867886312], [0.00162297355821792, 0.0018617341782075636, 0.9999969499466882, 0.03163010287920178], [-0.0003491335220873852, -0.9999982049647679, 0.0018623031509276133, 0.03046943927140062], [0.0, 0.0, 0.0, 1.0]]}, "Hobj2base": {"type": "ndarray", "data": [[0.9999998991069524, -0.0004126017565658257, -0.00017761158572898408, -0.7339841923491842], [-0.0004128423772993303, -0.9999989942455472, -0.0013568600023690538, 0.09024771759135239], [-0.00017705156427494942, 0.0013569331910606012, -0.999999063692091, -0.0018494202915257081], [0.0, 0.0, 0.0, 1.0]]}, "mean_rme": {"type": "float", "data": 0.0015185351540324395}, "max_rme": {"type": "float", "data": 0.005169844092033284}, "simu": {"type": "float", "data": 0.002}}, {"type": "dict", "image_number": {"type": "int", "data": 12}, "Hcamera2end": {"type": "ndarray", "data": [[0.9999978920732846, -0.0001877145123603093, -0.002044654554978833, -0.012561880327014916], [0.002045015532435374, 0.001943394225648376, 0.99999602055726, 0.031895992149204855], [-0.00018374019550556437, -0.9999980939892563, 0.0019437740082092203, 0.0312060249425654], [0.0, 0.0, 0.0, 1.0]]}, "Hobj2base": {"type": "ndarray", "data": [[0.9999999306337208, -0.0002734964277509587, -0.0002528482895732928, -0.7346545817167377], [-0.0002739390919304774, -0.9999984271354057, -0.0017523367509377156, 0.09088590439628248], [-0.0002523686340355722, 0.001752405894415477, -0.9999984326905986, -0.00229677547127966], [0.0, 0.0, 0.0, 1.0]]}, "mean_rme": {"type": "float", "data": 0.0015091626293836644}, "max_rme": {"type": "float", "data": 0.005143566781345345}, "simu": {"type": "float", "data": 0.002}}, {"type": "dict", "image_number": {"type": "int", "data": 13}, "Hcamera2end": {"type": "ndarray", "data": [[0.9999990536556037, -0.0003484453526209656, -0.0013308920817396578, -0.013129692786862617], [0.0013316032434567595, 0.002048741976973689, 0.9999970147401008, 0.03152564768306267], [-0.0003457176579463457, -0.9999978406187423, 0.0020492040291199, 0.032542230330595015], [0.0, 0.0, 0.0, 1.0]]}, "Hobj2base": {"type": "ndarray", "data": [[0.9999997728251537, -0.000555510400126871, -0.000381782446194957, -0.7359710354724811], [-0.0005559233317901351, -0.999999259749585, -0.0010823352209852525, 0.09068877549969669], [-0.0003811809151086619, 0.0010825472168754227, -0.9999993413960993, -0.0016594589864548563], [0.0, 0.0, 0.0, 1.0]]}, "mean_rme": {"type": "float", "data": 0.001475474198521224}, "max_rme": {"type": "float", "data": 0.005265841428026143}, "simu": {"type": "float", "data": 0.002}}, {"type": "dict", "image_number": {"type": "int", "data": 14}, "Hcamera2end": {"type": "ndarray", "data": [[0.9999990792162231, -0.0007195004537996017, -0.001150602365246597, -0.013448286832832546], [0.0011520708790984332, 0.002043945995057639, 0.9999972475049416, 0.031303309721643115], [-0.000717146704281808, -0.9999976522991775, 0.0020447730285456656, 0.03276716221816917], [0.0, 0.0, 0.0, 1.0]]}, "Hobj2base": {"type": "ndarray", "data": [[0.9999995079791306, -0.0009303729263119163, -0.00034416233771480124, -0.7361187243410855], [-0.0009306786495280285, -0.9999991715621137, -0.0008892200727325861, 0.09052712902943762], [-0.0003433347463164781, 0.0008895399397574358, -0.9999995454198705, -0.00143821578113256], [0.0, 0.0, 0.0, 1.0]]}, "mean_rme": {"type": "float", "data": 0.0014428859110400022}, "max_rme": {"type": "float", "data": 0.005290976824028799}, "simu": {"type": "float", "data": 0.002}}, {"type": "dict", "image_number": {"type": "int", "data": 15}, "Hcamera2end": {"type": "ndarray", "data": [[0.9999992497466962, 0.0001993461671944037, -0.001208622004774916, -0.013750005460133427], [0.0012082344512471972, 0.0019329190375633187, 0.9999974019933776, 0.030903776367745113], [0.0002016818177739886, -0.9999981120407676, 0.0019326767304774783, 0.03281266769126631], [0.0, 0.0, 0.0, 1.0]]}, "Hobj2base": {"type": "ndarray", "data": [[0.9999998048959851, -3.6167988813857815e-05, -0.0006236183676352566, -0.7360737956382818], [-3.6815015461954e-05, -0.9999994610609912, -0.0010375559657302244, 0.09021565637624486], [-0.0006235805052304293, 0.0010375787218187367, -0.9999992672886067, -0.0008694870674458695], [0.0, 0.0, 0.0, 1.0]]}, "mean_rme": {"type": "float", "data": 0.0013984978443436762}, "max_rme": {"type": "float", "data": 0.005085048652258277}, "simu": {"type": "float", "data": 0.002}}, {"type": "dict", "image_number": {"type": "int", "data": 16}, "Hcamera2end": {"type": "ndarray", "data": [[0.999999375926355, 0.00019432164625675683, -0.00110017543976891, -0.01365787905448858], [0.0010998213860628524, 0.00181280346432533, 0.9999977520657327, 0.030830668637214426], [0.00019631561128304807, -0.9999983379899676, 0.0018125886139001013, 0.03318357938000025], [0.0, 0.0, 0.0, 1.0]]}, "Hobj2base": {"type": "ndarray", "data": [[0.9999998570739254, -2.7323242514968952e-05, -0.0005339527780827053, -0.7364270451173109], [-2.7805886171677118e-05, -0.9999995910772086, -0.0009039204877848653, 0.09032506617237752], [-0.0005339278616985428, 0.0009039352056212267, -0.9999994489109394, -0.0008707191612856921], [0.0, 0.0, 0.0, 1.0]]}, "mean_rme": {"type": "float", "data": 0.001351238257161508}, "max_rme": {"type": "float", "data": 0.005128970272445445}, "simu": {"type": "float", "data": 0.002}}, {"type": "dict", "image_number": {"type": "int", "data": 17}, "Hcamera2end": {"type": "ndarray", "data": [[0.9999994189093915, 0.00025883182754679384, -0.0010465118081126026, -0.013532288777313006], [0.001046036651140674, 0.0018291474191872714, 0.9999977800110577, 0.0307689127550942], [0.00026074547731595705, -0.9999982936114463, 0.0018288756087088132, 0.03320542068753134], [0.0, 0.0, 0.0, 1.0]]}, "Hobj2base": {"type": "ndarray", "data": [[0.9999998945586513, 1.3800234021259548e-05, -0.00045901224363561143, -0.736304462476869], [1.3393297441635495e-05, -0.9999996069339308, -0.0008865396796489386, 0.09042630750899461], [-0.0004590242976685214, 0.0008865334384834906, -0.9999995016774541, -0.0007562310456142699], [0.0, 0.0, 0.0, 1.0]]}, "mean_rme": {"type": "float", "data": 0.0013556588095165018}, "max_rme": {"type": "float", "data": 0.005178913061744998}, "simu": {"type": "float", "data": 0.002}}, {"type": "dict", "image_number": {"type": "int", "data": 18}, "Hcamera2end": {"type": "ndarray", "data": [[0.999999583277825, 0.00021079686820027124, -0.000888261705038866, -0.013503216543383784], [0.0008878834021124442, 0.00178799123666884, 0.9999980073732155, 0.030678283616357778], [0.00021238465230526355, -0.9999983793246956, 0.0017878033285326778, 0.034094798860616254], [0.0, 0.0, 0.0, 1.0]]}, "Hobj2base": {"type": "ndarray", "data": [[0.9999999182143732, -2.0319410439011984e-05, -0.0004039286675778539, -0.7371558198359637], [-2.061499760970786e-05, -0.9999997320292271, -0.0007317899258450659, 0.09050939418734272], [-0.00040391368979691836, 0.0007317981929836848, -0.9999996506625068, -0.0005776774255203275], [0.0, 0.0, 0.0, 1.0]]}, "mean_rme": {"type": "float", "data": 0.001363497649901858}, "max_rme": {"type": "float", "data": 0.005224625929305372}, "simu": {"type": "float", "data": 0.002}}, {"type": "dict", "image_number": {"type": "int", "data": 19}, "Hcamera2end": {"type": "ndarray", "data": [[0.9999996881356024, 0.00010060212009798704, -0.0007833312909312981, -0.013578456750040942], [0.0007831501866192405, 0.0017878000581411646, 0.9999980952215544, 0.030749398714941863], [0.00010200236820070762, -0.9999983968237975, 0.0017877207140208906, 0.03406653796266876], [0.0, 0.0, 0.0, 1.0]]}, "Hobj2base": {"type": "ndarray", "data": [[0.9999999219914169, -0.00011516267606885881, -0.00037782895374881596, -0.7370544428232106], [-0.00011540425614078989, -0.9999997889051855, -0.0006394305604564758, 0.0905570760659331], [-0.00037775523545658074, 0.0006394741136447595, -0.9999997241868819, -0.0005730710838622574], [0.0, 0.0, 0.0, 1.0]]}, "mean_rme": {"type": "float", "data": 0.0013571907124381678}, "max_rme": {"type": "float", "data": 0.005183076056916945}, "simu": {"type": "float", "data": 0.002}}, {"type": "dict", "image_number": {"type": "int", "data": 20}, "Hcamera2end": {"type": "ndarray", "data": [[0.9999997121681965, -6.42576632447095e-05, -0.0007559989926425705, -0.013793339879879653], [0.0007561123358554693, 0.0017825543793201781, 0.9999981253952532, 0.030820731754428555], [-6.290993347189217e-05, -0.9999984091841536, 0.0017826024522562545, 0.033906641597883036], [0.0, 0.0, 0.0, 1.0]]}, "Hobj2base": {"type": "ndarray", "data": [[0.9999999074311577, -0.00026979413361955396, -0.00033518472726305813, -0.7367965137697908], [-0.0002700089627742585, -0.9999997580764142, -0.0006410477935743323, 0.09043705489324648], [-0.0003350116952398908, 0.0006411382371138264, -0.9999997383544286, -0.000664001958876756], [0.0, 0.0, 0.0, 1.0]]}, "mean_rme": {"type": "float", "data": 0.0013861140524391747}, "max_rme": {"type": "float", "data": 0.005135416399103955}, "simu": {"type": "float", "data": 0.002}}, {"type": "dict", "image_number": {"type": "int", "data": 21}, "Hcamera2end": {"type": "ndarray", "data": [[0.9999996014748498, -7.335095412034211e-05, -0.0008897582700613982, -0.013504789365004034], [0.0008898956449091615, 0.001894581724568467, 0.9999978093205157, 0.03053695844041847], [-7.166507367416957e-05, -0.9999982025882481, 0.0018946462442245293, 0.033554391495751165], [0.0, 0.0, 0.0, 1.0]]}, "Hobj2base": {"type": "ndarray", "data": [[0.9999998270709204, -0.00032805124416695125, -0.0004880988737269963, -0.7364144660378196], [-0.0003283912051401231, -0.9999997034655044, -0.0006965831752429603, 0.09055794338333534], [-0.0004878702140115387, 0.0006967433421608436, -0.9999996382656196, -0.0004660901459819207], [0.0, 0.0, 0.0, 1.0]]}, "mean_rme": {"type": "float", "data": 0.001403934922220122}, "max_rme": {"type": "float", "data": 0.005236539092303295}, "simu": {"type": "float", "data": 0.002}}, {"type": "dict", "image_number": {"type": "int", "data": 22}, "Hcamera2end": {"type": "ndarray", "data": [[0.9999995272862969, -3.196592072846706e-05, -0.0009718052082060195, -0.013470872416185997], [0.0009718635636184428, 0.0018792166032748359, 0.9999977620105818, 0.03055211519806979], [-3.013961670666484e-05, -0.9999982337600093, 0.0018792467814570113, 0.03340624079551751], [0.0, 0.0, 0.0, 1.0]]}, "Hobj2base": {"type": "ndarray", "data": [[0.9999998387291561, -0.0002933455272855329, -0.0004863024403869581, -0.7363429550545959], [-0.0002937218902354644, -0.9999996572969814, -0.0007740370606664406, 0.0905296868027755], [-0.00048607521341994403, 0.0007741797735088471, -0.9999995821881953, -0.0006045725180302174], [0.0, 0.0, 0.0, 1.0]]}, "mean_rme": {"type": "float", "data": 0.0014097192399343888}, "max_rme": {"type": "float", "data": 0.005243094263552579}, "simu": {"type": "float", "data": 0.002}}, {"type": "dict", "image_number": {"type": "int", "data": 23}, "Hcamera2end": {"type": "ndarray", "data": [[0.9999995510937817, -7.299212372313338e-05, -0.000944713917041192, -0.013402889911033292], [0.0009448502809612301, 0.0018913153191544296, 0.9999977650896578, 0.030667098196973278], [-7.120520868876274e-05, -0.9999982087976526, 0.0018913834367598747, 0.0332948703144828], [0.0, 0.0, 0.0, 1.0]]}, "Hobj2base": {"type": "ndarray", "data": [[0.9999998215262548, -0.0003316551236314348, -0.0004969429921757816, -0.736280885710516], [-0.00033201880938576756, -0.9999996770119055, -0.0007319423436402097, 0.09066153274888775], [-0.0004967000792406406, 0.0007321072074283132, -0.9999996086539573, -0.0007039304015274996], [0.0, 0.0, 0.0, 1.0]]}, "mean_rme": {"type": "float", "data": 0.0014042676973625482}, "max_rme": {"type": "float", "data": 0.005203928141087395}, "simu": {"type": "float", "data": 0.002}}, {"type": "dict", "image_number": {"type": "int", "data": 24}, "Hcamera2end": {"type": "ndarray", "data": [[0.9999994619087338, -0.00017377299749937665, -0.001022734172824977, -0.01323675646399565], [0.0010230512693008105, 0.0018345906555365943, 0.9999977938191801, 0.030514652476272667], [-0.0001718963155681597, -0.9999983020385946, 0.001834767447045027, 0.033152300930034996], [0.0, 0.0, 0.0, 1.0]]}, "Hobj2base": {"type": "ndarray", "data": [[0.9999998378636668, -0.00039767228747214695, -0.00040758973492939233, -0.736015674529685], [-0.00039801010408844746, -0.9999995771156978, -0.0008290695883887549, 0.09069906895238437], [-0.00040725986456640364, 0.0008292316787992764, -0.9999995732570217, -0.0006831107851194956], [0.0, 0.0, 0.0, 1.0]]}, "mean_rme": {"type": "float", "data": 0.0014342182012482554}, "max_rme": {"type": "float", "data": 0.005294541164076634}, "simu": {"type": "float", "data": 0.002}}, {"type": "dict", "image_number": {"type": "int", "data": 25}, "Hcamera2end": {"type": "ndarray", "data": [[0.9999995446149482, -0.00025924358987274883, -0.0009184566713959137, -0.013045760024822162], [0.0009189280689367255, 0.0018241335415217774, 0.9999979140518378, 0.030439414449249292], [-0.0002575676614833312, -0.9999983026633514, 0.0018243709370500127, 0.03350314553349705], [0.0, 0.0, 0.0, 1.0]]}, "Hobj2base": {"type": "ndarray", "data": [[0.9999998015391599, -0.0004850627850779099, -0.0004020394699669375, -0.7364202152082195], [-0.0004853480362751176, -0.999999630369601, -0.0007097168061705471, 0.09089924203114379], [-0.00040169506415031015, 0.000709911794386807, -0.9999996673331044, -0.0007484856853604427], [0.0, 0.0, 0.0, 1.0]]}, "mean_rme": {"type": "float", "data": 0.001455438072837055}, "max_rme": {"type": "float", "data": 0.005364803733762531}, "simu": {"type": "float", "data": 0.002}}, {"type": "dict", "image_number": {"type": "int", "data": 26}, "Hcamera2end": {"type": "ndarray", "data": [[0.9999995688012846, -0.00021723702629866166, -0.0009028872129285248, -0.012981075098704133], [0.0009032807764143085, 0.001818452224980338, 0.9999979386555478, 0.030392804756215155], [-0.00021559472123706643, -0.999998323018384, 0.0018186476668958784, 0.03355777612293586], [0.0, 0.0, 0.0, 1.0]]}, "Hobj2base": {"type": "ndarray", "data": [[0.9999998052486779, -0.0004549758167934317, -0.00042719973359939517, -0.7365177069262472], [-0.000455271777389499, -0.9999996562734672, -0.000692950615986022, 0.09093523513111426], [-0.0004268843109870062, 0.0006931449730149896, -0.9999996686598609, -0.0007047274023014774], [0.0, 0.0, 0.0, 1.0]]}, "mean_rme": {"type": "float", "data": 0.0014356444122976993}, "max_rme": {"type": "float", "data": 0.0053974344947534045}, "simu": {"type": "float", "data": 0.002}}, {"type": "dict", "image_number": {"type": "int", "data": 27}, "Hcamera2end": {"type": "ndarray", "data": [[0.9999994943332831, -3.5553567289550747e-05, -0.0010050219509908065, -0.013014506167349673], [0.0010050859612233754, 0.0018486756563790285, 0.9999977860978135, 0.030648590579507973], [-3.369552896250697e-05, -0.9999982905656697, 0.0018487104559566925, 0.033593848869138083], [0.0, 0.0, 0.0, 1.0]]}, "Hobj2base": {"type": "ndarray", "data": [[0.999999806748389, -0.000292046789102205, -0.000548827712209754, -0.7364848384286565], [-0.0002924141762307264, -0.9999997331703698, -0.0006694424089268577, 0.09077481205286426], [-0.0005486320572602425, 0.0006696027645593921, -0.9999996253174317, -0.0008049201969423668], [0.0, 0.0, 0.0, 1.0]]}, "mean_rme": {"type": "float", "data": 0.0014536497532944832}, "max_rme": {"type": "float", "data": 0.005434263300305976}, "simu": {"type": "float", "data": 0.002}}, {"type": "dict", "image_number": {"type": "int", "data": 28}, "Hcamera2end": {"type": "ndarray", "data": [[0.9999996847793496, -0.0001421762808971439, -0.0007811703441330067, -0.013000258508713867], [0.0007814346771139094, 0.0018687304726163756, 0.9999979486010291, 0.030692411208354475], [-0.00014071619241048196, -0.9999982438146209, 0.0018688409850301513, 0.03370991475814522], [0.0, 0.0, 0.0, 1.0]]}, "Hobj2base": {"type": "ndarray", "data": [[0.9999997981207394, -0.00037921276956979545, -0.0005098589569718698, -0.7365175260289948], [-0.00037945063429620934, -0.9999998191906181, -0.00046651468052954695, 0.09094919408099111], [-0.0005096819564605383, 0.00046670805265453273, -0.9999997612039198, -0.000688034907535178], [0.0, 0.0, 0.0, 1.0]]}, "mean_rme": {"type": "float", "data": 0.0014896792505996682}, "max_rme": {"type": "float", "data": 0.005424807284682649}, "simu": {"type": "float", "data": 0.002}}, {"type": "dict", "image_number": {"type": "int", "data": 29}, "Hcamera2end": {"type": "ndarray", "data": [[0.9999997330025007, -0.00014973531604797676, -0.000715244197874204, -0.013409182707906461], [0.000715529512168454, 0.0019141554525684557, 0.9999979120110304, 0.030571389527826544], [-0.00014836591482100976, -0.9999981567924204, 0.0019142620815313371, 0.03334125870187916], [0.0, 0.0, 0.0, 1.0]]}, "Hobj2base": {"type": "ndarray", "data": [[0.999999771582103, -0.0004044218751782941, -0.0005415521108620063, -0.7363663956949676], [-0.00040463168983639663, -0.9999998431055055, -0.0003873785741774742, 0.09058664603607887], [-0.0005413953615260889, 0.0003875976148390275, -0.9999997783295511, -0.00034159609275671756], [0.0, 0.0, 0.0, 1.0]]}, "mean_rme": {"type": "float", "data": 0.0015268728084661734}, "max_rme": {"type": "float", "data": 0.005423946744565762}, "simu": {"type": "float", "data": 0.002}}, {"type": "dict", "image_number": {"type": "int", "data": 30}, "Hcamera2end": {"type": "ndarray", "data": [[0.9999997617726207, -0.00011055163623703302, -0.0006813464885767452, -0.013577080862241773], [0.0006815568935083782, 0.0019144851950285702, 0.9999979351111875, 0.030639959012651517], [-0.0001092469801951313, -0.9999981612606964, 0.0019145600861755208, 0.03317781026893812], [0.0, 0.0, 0.0, 1.0]]}, "Hobj2base": {"type": "ndarray", "data": [[0.9999997794776605, -0.00037330256507565527, -0.0005492629837419399, -0.7361585137069772], [-0.0003734982051642249, -0.9999998668362804, -0.00035612710126052023, 0.09048671417342041], [-0.0005491299674396444, 0.0003563321714651295, -0.9999997857418084, -0.00027582031429717045], [0.0, 0.0, 0.0, 1.0]]}, "mean_rme": {"type": "float", "data": 0.0015550997825883295}, "max_rme": {"type": "float", "data": 0.0053714881459706945}, "simu": {"type": "float", "data": 0.002}}]}