{"type": "list", "data": [{"type": "dict", "image_number": {"type": "int", "data": 5}, "Hcamera2end": {"type": "ndarray", "data": [[0.999998494794111, 0.0015451007803222385, 0.0007893497900263442, -0.015526876797208416], [-0.000790284299264924, 0.0006043038308662929, 0.999999505133681, 0.03367322411531598], [0.0015446230086018958, -0.9999986237392826, 0.0006055239901521237, 0.035544871487339404], [0.0, 0.0, 0.0, 1.0]]}, "Hobj2base": {"type": "ndarray", "data": [[0.9999979467578366, 0.0012605186471560587, -0.0015866861224666084, -0.7386513245968305], [0.001261710615427508, -0.999998922451506, 0.0007504546281239073, 0.09016514153890266], [-0.0015857384506827725, -0.0007524550259828907, -0.9999984596213132, 0.0030602647007993864], [0.0, 0.0, 0.0, 1.0]]}, "mean_rme": {"type": "float", "data": 0.0010435516405617182}, "max_rme": {"type": "float", "data": 0.0038502927805939002}, "simu": {"type": "float", "data": 0.002}}, {"type": "dict", "image_number": {"type": "int", "data": 6}, "Hcamera2end": {"type": "ndarray", "data": [[0.9999986492358875, 0.0015630344637395772, 0.0005083794502193306, -0.015916540809375296], [-0.0005097406002396251, 0.000870563129269919, 0.9999994911420498, 0.0338886854142682], [0.0015625910919720243, -0.9999983995202708, 0.0008713586954702812, 0.03599330143474713], [0.0, 0.0, 0.0, 1.0]]}, "Hobj2base": {"type": "ndarray", "data": [[0.9999980096435641, 0.0011217744624551242, -0.0016499487766735732, -0.7390855534187902], [0.0011223959694812928, -0.9999992994987306, 0.00037580491669081737, 0.08989360930709571], [-0.0016495260525239523, -0.00037765606456187183, -0.9999985682188244, 0.0035811138481448754], [0.0, 0.0, 0.0, 1.0]]}, "mean_rme": {"type": "float", "data": 0.0010457906845658886}, "max_rme": {"type": "float", "data": 0.003685133053067613}, "simu": {"type": "float", "data": 0.002}}, {"type": "dict", "image_number": {"type": "int", "data": 7}, "Hcamera2end": {"type": "ndarray", "data": [[0.9999969733823962, 0.001495818054715427, 0.0019533956061741926, -0.015316109008193985], [-0.0019547968512600667, 0.000935886771771588, 0.9999976514398525, 0.033066718106349556], [0.0014939863845889003, -0.9999984433209372, 0.0009388079596236443, 0.03593632097970265], [0.0, 0.0, 0.0, 1.0]]}, "Hobj2base": {"type": "ndarray", "data": [[0.9999984049364439, 0.0010174539640173863, -0.0014679618520914042, -0.7388178586596561], [0.001019973892100589, -0.999998005967869, 0.0017168906619230617, 0.09166624236127627], [-0.0014662120677185462, -0.0017183852061370697, -0.9999974486839733, 0.0033259932516480706], [0.0, 0.0, 0.0, 1.0]]}, "mean_rme": {"type": "float", "data": 0.001142344252925277}, "max_rme": {"type": "float", "data": 0.0037616705555602037}, "simu": {"type": "float", "data": 0.002}}, {"type": "dict", "image_number": {"type": "int", "data": 8}, "Hcamera2end": {"type": "ndarray", "data": [[0.9999976861240495, 0.0017643868335038336, 0.0012307256594324282, -0.016994795046285708], [-0.0012309559146407645, 0.000129421543170416, 0.9999992339985069, 0.03299764599824756], [0.0017642261995668212, -0.9999984350933586, 0.00013159312611343843, 0.034892341390406104], [0.0, 0.0, 0.0, 1.0]]}, "Hobj2base": {"type": "ndarray", "data": [[0.9999983323573193, 0.001667792419508508, -0.0007441444925463383, -0.7370805637973543], [0.0016685652901490585, -0.9999980679812863, 0.0010391937100494761, 0.08997174114786144], [-0.0007424098954532316, -0.0010404336307168103, -0.99999918316237, 0.004247760428548533], [0.0, 0.0, 0.0, 1.0]]}, "mean_rme": {"type": "float", "data": 0.00131151279160955}, "max_rme": {"type": "float", "data": 0.0035210604077164642}, "simu": {"type": "float", "data": 0.002}}, {"type": "dict", "image_number": {"type": "int", "data": 9}, "Hcamera2end": {"type": "ndarray", "data": [[0.9999986823890676, 0.0013744014638188695, 0.0008638522703217947, -0.01764013570349672], [-0.0008637569503170757, -6.9945892716472e-05, 0.9999996245156807, 0.033115670897141895], [0.0013744613706708948, -0.9999990530636457, -6.875865173805451e-05, 0.034851454266373864], [0.0, 0.0, 0.0, 1.0]]}, "Hobj2base": {"type": "ndarray", "data": [[0.9999988024092659, 0.0014528265420951116, -0.0005333620464481838, -0.7372236126264349], [0.001453200215095576, -0.9999986984863556, 0.0007008813945589218, 0.08937042183442123], [-0.0005323430931773273, -0.0007016556370304803, -0.9999996121450234, 0.004615909193491221], [0.0, 0.0, 0.0, 1.0]]}, "mean_rme": {"type": "float", "data": 0.0013121666609838998}, "max_rme": {"type": "float", "data": 0.003667295662010628}, "simu": {"type": "float", "data": 0.002}}, {"type": "dict", "image_number": {"type": "int", "data": 10}, "Hcamera2end": {"type": "ndarray", "data": [[0.9999994163413084, 0.0010406166693419897, 0.00029057527414715143, -0.017395545732692558], [-0.00029003792002571256, -0.000516494152653868, 0.9999998245558822, 0.03295241379655861], [0.001040766567201919, -0.9999993251751412, -0.0005161920329033176, 0.035796141605340545], [0.0, 0.0, 0.0, 1.0]]}, "Hobj2base": {"type": "ndarray", "data": [[0.9999991181888344, 0.0013262021558304406, -6.934980572388596e-05, -0.7377395177666193], [0.0013262058684368656, -0.999999119156632, 5.351593443676558e-05, 0.08947708764753377], [-6.927877168994817e-05, -5.360785936514302e-05, -0.9999999961633248, 0.004005381424245669], [0.0, 0.0, 0.0, 1.0]]}, "mean_rme": {"type": "float", "data": 0.0014388144278610657}, "max_rme": {"type": "float", "data": 0.005532862521098747}, "simu": {"type": "float", "data": 0.002}}, {"type": "dict", "image_number": {"type": "int", "data": 11}, "Hcamera2end": {"type": "ndarray", "data": [[0.9999992971724752, 0.0011670074091674077, -0.00020916085381680622, -0.016501806399389897], [0.0002092111767094618, -4.2999404858523604e-05, 0.9999999771908671, 0.03248483899375625], [0.0011669983887567469, -0.9999993181221466, -4.324352563078726e-05, 0.034860580668608636], [0.0, 0.0, 0.0, 1.0]]}, "Hobj2base": {"type": "ndarray", "data": [[0.999999062492114, 0.001170785458043288, -0.0007101241470460923, -0.7368186013311946], [0.0011706272188615045, -0.9999992899048327, -0.00022320785118549387, 0.0898404888070839], [-0.0007103849712966564, 0.0002223763512710702, -0.999999722950937, 0.004098528787812598], [0.0, 0.0, 0.0, 1.0]]}, "mean_rme": {"type": "float", "data": 0.0016178111046441237}, "max_rme": {"type": "float", "data": 0.005673334608157776}, "simu": {"type": "float", "data": 0.002}}, {"type": "dict", "image_number": {"type": "int", "data": 12}, "Hcamera2end": {"type": "ndarray", "data": [[0.9999988809678662, 0.0012223504712849886, -0.0008625093279748429, -0.01583069354586646], [0.0008619836924857278, 0.0004304818805745958, 0.9999995358346244, 0.03231887470882051], [0.0012227211985497426, -0.9999991602719852, 0.0004294277526787349, 0.034108689207395404], [0.0, 0.0, 0.0, 1.0]]}, "Hobj2base": {"type": "ndarray", "data": [[0.9999986494130492, 0.0009776197395143598, -0.0013211478806494348, -0.7362246422227536], [0.0009767741283917115, -0.9999993178027315, -0.0006405516172102506, 0.09008015707773394], [-0.0013217731952711214, 0.0006392602890199972, -0.9999989221303711, 0.004395840643575806], [0.0, 0.0, 0.0, 1.0]]}, "mean_rme": {"type": "float", "data": 0.001651667786144455}, "max_rme": {"type": "float", "data": 0.006127029392607508}, "simu": {"type": "float", "data": 0.002}}, {"type": "dict", "image_number": {"type": "int", "data": 13}, "Hcamera2end": {"type": "ndarray", "data": [[0.9999984634827292, 0.0011375630035588894, -0.001333785062715923, -0.015059793963657479], [0.0013333799941487496, 0.0003567686117952329, 0.9999990474065206, 0.03233877484029234], [0.0011380377725690482, -0.9999992893330327, 0.0003552512598631319, 0.03492564686603504], [0.0, 0.0, 0.0, 1.0]]}, "Hobj2base": {"type": "ndarray", "data": [[0.9999988038478522, 0.0009065786432623664, -0.0012531632090185165, -0.7369160863580688], [0.00090517444026779, -0.9999989624118522, -0.001120640197195024, 0.09066195034406908], [-0.001254177857220782, 0.0011195045254325578, -0.9999985868727614, 0.0040957970057963885], [0.0, 0.0, 0.0, 1.0]]}, "mean_rme": {"type": "float", "data": 0.001610171377422682}, "max_rme": {"type": "float", "data": 0.005937586232975578}, "simu": {"type": "float", "data": 0.002}}, {"type": "dict", "image_number": {"type": "int", "data": 14}, "Hcamera2end": {"type": "ndarray", "data": [[0.9999985543868922, 0.0011549175702357185, -0.0012479541385077575, -0.015056812822238214], [0.0012473464640102338, 0.0005267334592526929, 0.9999990833389107, 0.032317824092733226], [0.0011555738507680856, -0.99999919435831, 0.0005252921154524914, 0.03494309427715255], [0.0, 0.0, 0.0, 1.0]]}, "Hobj2base": {"type": "ndarray", "data": [[0.9999986517952972, 0.0008189137606573712, -0.0014233017390833484, -0.7370314073433821], [0.0008172871934058227, -0.999999012774327, -0.001143018816477666, 0.09066084964089922], [-0.001424236367800835, 0.0011418540291706174, -0.9999983338586844, 0.004140075222902162], [0.0, 0.0, 0.0, 1.0]]}, "mean_rme": {"type": "float", "data": 0.0015272785285702034}, "max_rme": {"type": "float", "data": 0.005937443100329121}, "simu": {"type": "float", "data": 0.002}}, {"type": "dict", "image_number": {"type": "int", "data": 15}, "Hcamera2end": {"type": "ndarray", "data": [[0.9999980743351701, 0.001252541539731805, -0.0015107831223845406, -0.014932396319562283], [0.0015099867928562282, 0.0006364730305579158, 0.9999986574200819, 0.032431399959401364], [0.001253501430807107, -0.9999990130203991, 0.0006345804837416535, 0.03492647916330277], [0.0, 0.0, 0.0, 1.0]]}, "Hobj2base": {"type": "ndarray", "data": [[0.9999986012655303, 0.0008983844826210715, -0.0014108055515588203, -0.7370454773259874], [0.0008964157009847817, -0.9999986244880004, -0.0013955146001643692, 0.09067788457250921], [-0.001412057319640913, 0.0013942479799625412, -0.9999980310814105, 0.004180234515653103], [0.0, 0.0, 0.0, 1.0]]}, "mean_rme": {"type": "float", "data": 0.0015007841502263446}, "max_rme": {"type": "float", "data": 0.006072461788256378}, "simu": {"type": "float", "data": 0.002}}, {"type": "dict", "image_number": {"type": "int", "data": 16}, "Hcamera2end": {"type": "ndarray", "data": [[0.9999986191012992, 0.0002912495341212836, -0.0016361446157636763, -0.01514050181415321], [0.0016359699807899908, 0.0005988377905281617, 0.9999984824966098, 0.03185055049268097], [0.0002922288773758166, -0.9999997782834801, 0.0005983604880991367, 0.03482170026563599], [0.0, 0.0, 0.0, 1.0]]}, "Hobj2base": {"type": "ndarray", "data": [[0.999999524283593, 0.0001027271317471671, -0.0009699895485365267, -0.737088432267348], [0.00010122384245608496, -0.9999987940579296, -0.001549721400836553, 0.09105057958211238], [-0.0009701475772198376, 0.001549622477539411, -0.9999983287405312, 0.004720089285704845], [0.0, 0.0, 0.0, 1.0]]}, "mean_rme": {"type": "float", "data": 0.001579401505512991}, "max_rme": {"type": "float", "data": 0.006091136815384812}, "simu": {"type": "float", "data": 0.002}}, {"type": "dict", "image_number": {"type": "int", "data": 17}, "Hcamera2end": {"type": "ndarray", "data": [[0.9999988157704228, 0.00026541857249841165, -0.0015159191051581952, -0.015055492315388629], [0.0015157987802702057, 0.00045295589864235986, 0.9999987485917231, 0.031773770441750636], [0.0002661048848519597, -0.9999998621919585, 0.0004525530410901535, 0.034408671695252], [0.0, 0.0, 0.0, 1.0]]}, "Hobj2base": {"type": "ndarray", "data": [[0.9999996794417094, 0.00014260539605179804, -0.000787896046029925, -0.7365590773910197], [0.0001414570734107247, -0.9999989281064259, -0.0014573180488580786, 0.09110716432569334], [-0.0007881030229067471, 0.0014572061282338727, -0.9999986277210209, 0.004729361386894171], [0.0, 0.0, 0.0, 1.0]]}, "mean_rme": {"type": "float", "data": 0.0015714279062180798}, "max_rme": {"type": "float", "data": 0.0062101499600171195}, "simu": {"type": "float", "data": 0.002}}, {"type": "dict", "image_number": {"type": "int", "data": 18}, "Hcamera2end": {"type": "ndarray", "data": [[0.9999991826309453, 0.00025715181773285306, -0.00125244176865081, -0.014448847964072446], [0.0012523470127938524, 0.0003683131208801482, 0.9999991479858393, 0.033010984656064966], [0.00025761288937239544, -0.9999998991091889, 0.0003679907765216095, 0.034314485563490864], [0.0, 0.0, 0.0, 1.0]]}, "Hobj2base": {"type": "ndarray", "data": [[0.999999695690689, 0.00016308621282453027, -0.0007629032812800101, -0.7366246088676257], [0.0001622131270079134, -0.9999993320779452, -0.0011443472221519815, 0.09108020358703532], [-0.0007630893989747, 0.001144223120989606, -0.9999990542235622, 0.003216014037768256], [0.0, 0.0, 0.0, 1.0]]}, "mean_rme": {"type": "float", "data": 0.0016226140977949439}, "max_rme": {"type": "float", "data": 0.0061077367231643365}, "simu": {"type": "float", "data": 0.002}}, {"type": "dict", "image_number": {"type": "int", "data": 19}, "Hcamera2end": {"type": "ndarray", "data": [[0.9999991054156744, 0.00035571260954952397, -0.0012894325846791392, -0.01448771168954964], [0.0012893124468303535, 0.00033776133804475084, 0.9999991117949517, 0.03294062340963818], [0.0003561478140789081, -0.9999998796929014, 0.000337302411193785, 0.03437554671884748], [0.0, 0.0, 0.0, 1.0]]}, "Hobj2base": {"type": "ndarray", "data": [[0.9999997210839293, 0.00023417498086628118, -0.0007092207991054468, -0.7365143057167268], [0.00023341698710242157, -0.9999994017366534, -0.001068664046876139, 0.09104000031767182], [-0.0007094706291873679, 0.0010684982046264447, -0.9999991774811681, 0.0032254049554292286], [0.0, 0.0, 0.0, 1.0]]}, "mean_rme": {"type": "float", "data": 0.0016131499852499467}, "max_rme": {"type": "float", "data": 0.006020299113914052}, "simu": {"type": "float", "data": 0.002}}, {"type": "dict", "image_number": {"type": "int", "data": 20}, "Hcamera2end": {"type": "ndarray", "data": [[0.9999990467548, 0.0003743211255615783, -0.0013290497305612553, -0.014559220155239546], [0.0013288811461856435, 0.0004502628581546375, 0.9999990156686445, 0.032980954823272145], [0.00037491917883586943, -0.9999998285735121, 0.0004497650006572984, 0.03405647732409762], [0.0, 0.0, 0.0, 1.0]]}, "Hobj2base": {"type": "ndarray", "data": [[0.9999996063834248, 0.00021912322043887724, -0.0008597778839811033, -0.7362947758769612], [0.00021811755229060096, -0.9999992922263632, -0.0011696031405986375, 0.09101228962731213], [-0.0008600335626597867, 0.0011694151475758875, -0.999998946404687, 0.003109949076855539], [0.0, 0.0, 0.0, 1.0]]}, "mean_rme": {"type": "float", "data": 0.0015902328190894165}, "max_rme": {"type": "float", "data": 0.005959074592552405}, "simu": {"type": "float", "data": 0.002}}, {"type": "dict", "image_number": {"type": "int", "data": 21}, "Hcamera2end": {"type": "ndarray", "data": [[0.9999990743749274, 0.00035040760714992176, -0.001314710537408649, -0.014639050097417231], [0.00131454441232718, 0.0004739003811036202, 0.9999990236952315, 0.03294605762774713], [0.00035103030687002256, -0.9999998263164535, 0.00047343931608756495, 0.034128758090531355], [0.0, 0.0, 0.0, 1.0]]}, "Hobj2base": {"type": "ndarray", "data": [[0.9999995928019444, 0.0001894710282523092, -0.0008823245859398883, -0.7363729770285746], [0.00018847795037361226, -0.9999993488946615, -0.0011254715971628303, 0.09093579424782965], [-0.000882537255714423, 0.001125304840143462, -0.999998977407982, 0.0029879182070355705], [0.0, 0.0, 0.0, 1.0]]}, "mean_rme": {"type": "float", "data": 0.0016015765274886462}, "max_rme": {"type": "float", "data": 0.005754878466156688}, "simu": {"type": "float", "data": 0.002}}, {"type": "dict", "image_number": {"type": "int", "data": 22}, "Hcamera2end": {"type": "ndarray", "data": [[0.9999990697837673, 0.000577242985400624, -0.0012358082925096176, -0.014479298986721225], [0.0012355628679896493, 0.0004253300289713824, 0.9999991462390182, 0.03297807423611119], [0.0005777681189499421, -0.999999742942418, 0.0004246164133239194, 0.03422641621263246], [0.0, 0.0, 0.0, 1.0]]}, "Hobj2base": {"type": "ndarray", "data": [[0.9999995173301283, 0.0004221780993466784, -0.0008871894740687835, -0.7362518498933366], [0.0004212817263917172, -0.9999994009123574, -0.001010295319629078, 0.09096825497354938], [-0.0008876154671223531, 0.0010099210752766933, -0.9999990960986933, 0.0027701699900046783], [0.0, 0.0, 0.0, 1.0]]}, "mean_rme": {"type": "float", "data": 0.0016812943063092103}, "max_rme": {"type": "float", "data": 0.005614421422487026}, "simu": {"type": "float", "data": 0.002}}, {"type": "dict", "image_number": {"type": "int", "data": 23}, "Hcamera2end": {"type": "ndarray", "data": [[0.9999990976151667, 0.0005829169839998398, -0.0012103621946058744, -0.014478568137784878], [0.0012101054603001582, 0.0004405817980165372, 0.9999991707658833, 0.0333315022472811], [0.0005834497641771401, -0.9999997330476988, 0.0004398760094169729, 0.034266169752491304], [0.0, 0.0, 0.0, 1.0]]}, "Hobj2base": {"type": "ndarray", "data": [[0.999999507195092, 0.0004162446019719219, -0.0009013046124384027, -0.7362870395141983], [0.00041531308853063204, -0.9999993797402182, -0.001033457409379382, 0.09072348576626946], [-0.0009017342244634227, 0.0010330825764841998, -0.9999990598074473, 0.0025240991933186746], [0.0, 0.0, 0.0, 1.0]]}, "mean_rme": {"type": "float", "data": 0.0016684917813265304}, "max_rme": {"type": "float", "data": 0.005666392971027279}, "simu": {"type": "float", "data": 0.002}}, {"type": "dict", "image_number": {"type": "int", "data": 24}, "Hcamera2end": {"type": "ndarray", "data": [[0.9999990327488273, 0.000599156587346567, -0.001255194325085412, -0.014497932583778253], [0.0012549494724702103, 0.0004088633166969835, 0.9999991289659257, 0.03351362906322004], [0.0005996692683756175, -0.9999997369210515, 0.00040811100998028316, 0.0344363999952039], [0.0, 0.0, 0.0, 1.0]]}, "Hobj2base": {"type": "ndarray", "data": [[0.9999994968418049, 0.0004150193806242346, -0.0009132770941512306, -0.7365038508458968], [0.0004140519965024277, -0.999999353349996, -0.0010591791794329164, 0.0907920796277717], [-0.0009137160834676122, 0.0010588005022940388, -0.9999990220317294, 0.0024779272796263776], [0.0, 0.0, 0.0, 1.0]]}, "mean_rme": {"type": "float", "data": 0.0016967973181350204}, "max_rme": {"type": "float", "data": 0.005730719548740326}, "simu": {"type": "float", "data": 0.002}}, {"type": "dict", "image_number": {"type": "int", "data": 25}, "Hcamera2end": {"type": "ndarray", "data": [[0.9999989104687608, 0.0004968926461985847, -0.0013900212190644412, -0.014318810408835862], [0.0013898289715312414, 0.0003870356830391053, 0.9999989592888635, 0.033375830063134236], [0.0004974301168888336, -0.9999998016505195, 0.00038634466555620417, 0.034142782671213893], [0.0, 0.0, 0.0, 1.0]]}, "Hobj2base": {"type": "ndarray", "data": [[0.9999995324779408, 0.0003111236726545722, -0.0009155577316568733, -0.7361827542557279], [0.00031004200385171025, -0.999999254158815, -0.0011813364336206369, 0.09084366349249454], [-0.0009159245905260786, 0.00118105201996603, -0.9999988830985114, 0.0026569291938428694], [0.0, 0.0, 0.0, 1.0]]}, "mean_rme": {"type": "float", "data": 0.0017242363709408075}, "max_rme": {"type": "float", "data": 0.005930327205023178}, "simu": {"type": "float", "data": 0.002}}, {"type": "dict", "image_number": {"type": "int", "data": 26}, "Hcamera2end": {"type": "ndarray", "data": [[0.9999988729623889, 0.00042897286996191773, -0.0014387689977714427, -0.014067802854669846], [0.0014386084342285256, 0.00037437157550423983, 0.9999988951252379, 0.03337457720882822], [0.0004295110302171024, -0.9999998379140871, 0.00037375402958461645, 0.0341524276212694], [0.0, 0.0, 0.0, 1.0]]}, "Hobj2base": {"type": "ndarray", "data": [[0.9999995931662552, 0.0002570888822480762, -0.0008646228256469371, -0.7361184048405292], [0.00025603284650744325, -0.9999992214704903, -0.0012212721210121942, 0.09105061550787588], [-0.000864936127997065, 0.0012210502523142782, -0.9999988804602606, 0.0025309635710969894], [0.0, 0.0, 0.0, 1.0]]}, "mean_rme": {"type": "float", "data": 0.0017108360084575286}, "max_rme": {"type": "float", "data": 0.005908063068878477}, "simu": {"type": "float", "data": 0.002}}, {"type": "dict", "image_number": {"type": "int", "data": 27}, "Hcamera2end": {"type": "ndarray", "data": [[0.9999986677959524, 0.0004298994281983988, -0.0015746722840606262, -0.013872945199794564], [0.0015744770611508915, 0.00045407436134148327, 0.9999986574183279, 0.03311254170875628], [0.00043061386933501266, -0.9999998045014589, 0.0004533968896335283, 0.03381378322897528], [0.0, 0.0, 0.0, 1.0]]}, "Hobj2base": {"type": "ndarray", "data": [[0.9999994982161694, 0.0002171710759867958, -0.000977959167456415, -0.735765922508216], [0.00021591878451516513, -0.9999991569276037, -0.001280438659318418, 0.09106816665770137], [-0.0009782364172074157, 0.0012802268570602602, -0.9999987020355108, 0.0027494168954952936], [0.0, 0.0, 0.0, 1.0]]}, "mean_rme": {"type": "float", "data": 0.001774436932324559}, "max_rme": {"type": "float", "data": 0.006031713136998518}, "simu": {"type": "float", "data": 0.002}}, {"type": "dict", "image_number": {"type": "int", "data": 28}, "Hcamera2end": {"type": "ndarray", "data": [[0.9999987221268297, 0.0004272786109371207, -0.0015405121538721775, -0.013909512293192408], [0.0015403082777895249, 0.00047706956841686576, 0.9999986999266731, 0.033133703516778946], [0.0004280129869119843, -0.9999997949187868, 0.000476410818001205, 0.03374544476150395], [0.0, 0.0, 0.0, 1.0]]}, "Hobj2base": {"type": "ndarray", "data": [[0.99999948863139, 0.00020526920799089743, -0.000990253255825404, -0.7357689223755378], [0.00020399180276149434, -0.9999991472634082, -0.0012899068963707979, 0.09102781127336128], [-0.0009905171895672174, 0.0012897042332060552, -0.99999867776847, 0.002637007185641949], [0.0, 0.0, 0.0, 1.0]]}, "mean_rme": {"type": "float", "data": 0.001774507182472705}, "max_rme": {"type": "float", "data": 0.005937882408051709}, "simu": {"type": "float", "data": 0.002}}, {"type": "dict", "image_number": {"type": "int", "data": 29}, "Hcamera2end": {"type": "ndarray", "data": [[0.9999989039491335, 0.00040586369490154604, -0.0014238592602137446, -0.013869625467799303], [0.001423683227936793, 0.0004336820860859625, 0.9999988925223444, 0.03315775117189511], [0.00040648074767083537, -0.9999998235972394, 0.0004331037894130807, 0.033748117203224993], [0.0, 0.0, 0.0, 1.0]]}, "Hobj2base": {"type": "ndarray", "data": [[0.9999995610241418, 0.0002171443707319688, -0.0009114822247860499, -0.7357113486394539], [0.00021603467795033293, -0.9999992356552996, -0.0012173815487794433, 0.0911044115443089], [-0.0009117458756497919, 0.001217184102609444, -0.999998843590491, 0.0026197970670823324], [0.0, 0.0, 0.0, 1.0]]}, "mean_rme": {"type": "float", "data": 0.0017405439405921276}, "max_rme": {"type": "float", "data": 0.005980573804142408}, "simu": {"type": "float", "data": 0.002}}, {"type": "dict", "image_number": {"type": "int", "data": 30}, "Hcamera2end": {"type": "ndarray", "data": [[0.9999990384847168, 0.000460570562728384, -0.001308015442822693, -0.01424829471241204], [0.0013078774910451256, 0.00029969755267367226, 0.9999990998185174, 0.033047994324665264], [0.00046096215715836535, -0.9999998490280554, 0.00029909489463786354, 0.03386630351383477], [0.0, 0.0, 0.0, 1.0]]}, "Hobj2base": {"type": "ndarray", "data": [[0.9999996057798713, 0.0002885618446921818, -0.0008397452969647077, -0.7355620364621743], [0.00028768146863658817, -0.9999994091356277, -0.0010483166356368432, 0.09082367697757784], [-0.0008400473049713306, 0.0010480746432090125, -0.9999990979296272, 0.002778924162826322], [0.0, 0.0, 0.0, 1.0]]}, "mean_rme": {"type": "float", "data": 0.0017796592090564408}, "max_rme": {"type": "float", "data": 0.005891386595433534}, "simu": {"type": "float", "data": 0.002}}]}