{"type": "list", "data": [{"type": "dict", "image_number": {"type": "int", "data": 5}, "Hcamera2end": {"type": "ndarray", "data": [[0.9999977516254277, 0.0013404799938037948, -0.0016431243031492034, -0.01485670875248246], [0.0016406333477119103, 0.0018572443884579126, 0.9999969294780359, 0.0311228617188636], [0.0013435275612220941, -0.9999973768748934, 0.0018550409764970244, 0.03121274671259922], [0.0, 0.0, 0.0, 1.0]]}, "Hobj2base": {"type": "ndarray", "data": [[0.999999185011769, 0.0012250648650229733, -0.00035943271184316576, -0.7333243138452838], [0.0012250802176585888, -0.9999992486859735, 4.2496460587219387e-05, 0.08862283924203439], [-0.0003593803808755745, -4.2936759857962586e-05, -0.9999999345010862, -0.0020892949490717294], [0.0, 0.0, 0.0, 1.0]]}, "mean_rme": {"type": "float", "data": 0.0012959625486382554}, "max_rme": {"type": "float", "data": 0.0035621578334444903}, "simu": {"type": "float", "data": 0.002}}, {"type": "dict", "image_number": {"type": "int", "data": 6}, "Hcamera2end": {"type": "ndarray", "data": [[0.9999989546759515, 0.000877353191759039, -0.0011493034330381073, -0.015388586812340175], [0.0011471003627015902, 0.002507428413665469, 0.9999961984745286, 0.031048369199693112], [0.0008802316525624561, -0.9999964715208388, 0.0025064193804257284, 0.030263331480907207], [0.0, 0.0, 0.0, 1.0]]}, "Hobj2base": {"type": "ndarray", "data": [[0.9999994264530709, 0.00048541997221453713, -0.0009547046557715937, -0.7326899920000695], [0.0004857972116124069, -0.9999998040097067, 0.00039494508138631577, 0.08864286407272819], [-0.0009545127544283154, -0.0003954086477264644, -0.9999994662785592, -0.001992555047765826], [0.0, 0.0, 0.0, 1.0]]}, "mean_rme": {"type": "float", "data": 0.001154969233656143}, "max_rme": {"type": "float", "data": 0.0035111630248280123}, "simu": {"type": "float", "data": 0.002}}, {"type": "dict", "image_number": {"type": "int", "data": 7}, "Hcamera2end": {"type": "ndarray", "data": [[0.9999992931079221, 0.0006757946928842011, -0.0009783073080902134, -0.015122107274124717], [0.0009761051685913858, 0.0032512724916778923, 0.9999942382063434, 0.031179313979666664], [0.0006789715427338277, -0.9999944862491583, 0.0032506105466865165, 0.031081774366084548], [0.0, 0.0, 0.0, 1.0]]}, "Hobj2base": {"type": "ndarray", "data": [[0.9999989201051328, 1.384657860896983e-05, -0.001469556681613785, -0.7338216686409064], [1.444217455452819e-05, -0.9999999177698922, 0.00040527969801056903, 0.0889341234236994], [-0.0014695509490347829, -0.000405300483945217, -0.9999988380750884, -0.0017370026367343036], [0.0, 0.0, 0.0, 1.0]]}, "mean_rme": {"type": "float", "data": 0.0012168311518095032}, "max_rme": {"type": "float", "data": 0.003491251631639408}, "simu": {"type": "float", "data": 0.002}}, {"type": "dict", "image_number": {"type": "int", "data": 8}, "Hcamera2end": {"type": "ndarray", "data": [[0.9999991250368141, 0.0009682547467883028, -0.0009013369800078732, -0.015674738082697502], [0.0008994137222507065, 0.001984916225287847, 0.9999976255784485, 0.03142328181607319], [0.0009700415261394344, -0.9999975612921884, 0.001984043626953369, 0.031501689772899966], [0.0, 0.0, 0.0, 1.0]]}, "Hobj2base": {"type": "ndarray", "data": [[0.9999995711795303, 0.0008009132138282889, -0.00046495029782365034, -0.7337862485974114], [0.0008009995961729801, -0.9999996619701714, 0.00018563186781191484, 0.08821320647395432], [-0.00046480146564074253, -0.00018600421320996734, -0.9999998746810075, -0.0019086781731574992], [0.0, 0.0, 0.0, 1.0]]}, "mean_rme": {"type": "float", "data": 0.0011306799946081082}, "max_rme": {"type": "float", "data": 0.0034665151366848057}, "simu": {"type": "float", "data": 0.002}}, {"type": "dict", "image_number": {"type": "int", "data": 9}, "Hcamera2end": {"type": "ndarray", "data": [[0.99999948637865, 0.0008007162498481751, -0.0006213661749609107, -0.01486167125328378], [0.0006194120608039315, 0.002438399171686423, 0.9999968352640813, 0.0313721725812545], [0.0008022288545590371, -0.9999967065260598, 0.0024379019459701556, 0.03208368301919098], [0.0, 0.0, 0.0, 1.0]]}, "Hobj2base": {"type": "ndarray", "data": [[0.9999995556906712, 0.0003863473209064864, -0.0008598570856989711, -0.734803632915084], [0.0003866535636898069, -0.9999998618751955, 0.0003560177136118071, 0.08883177437423709], [-0.0008597194204415297, -0.00035635002223626514, -0.9999995669484965, -0.002322057912573018], [0.0, 0.0, 0.0, 1.0]]}, "mean_rme": {"type": "float", "data": 0.0013535048208605676}, "max_rme": {"type": "float", "data": 0.003749656167364522}, "simu": {"type": "float", "data": 0.002}}, {"type": "dict", "image_number": {"type": "int", "data": 10}, "Hcamera2end": {"type": "ndarray", "data": [[0.999999419243081, 0.000847781216948171, -0.0006654175448344867, -0.014323757129448673], [0.0006634017922284465, 0.0023757468862757314, 0.9999969578577697, 0.03111070840563013], [0.0008493595015373427, -0.9999968185418091, 0.0023751830869656043, 0.03172091435882401], [0.0, 0.0, 0.0, 1.0]]}, "Hobj2base": {"type": "ndarray", "data": [[0.9999995393405422, 0.000437896286403177, -0.000854146091610706, -0.7341803374218104], [0.00043814016086708154, -0.9999998633036442, 0.0002853522268804929, 0.08906669182041116], [-0.0008540210201715797, -0.00028572633113627306, -0.9999995945041986, -0.002187424694080076], [0.0, 0.0, 0.0, 1.0]]}, "mean_rme": {"type": "float", "data": 0.001362458614673228}, "max_rme": {"type": "float", "data": 0.004071940909285768}, "simu": {"type": "float", "data": 0.002}}, {"type": "dict", "image_number": {"type": "int", "data": 11}, "Hcamera2end": {"type": "ndarray", "data": [[0.999999398005713, 0.0008702356399597918, -0.0006683398405254899, -0.014373352934587384], [0.0006661950060290898, 0.00246262110601958, 0.9999967458354565, 0.030851589001773167], [0.0008718786758670995, -0.9999965890877925, 0.002462039876898303, 0.03226306908004618], [0.0, 0.0, 0.0, 1.0]]}, "Hobj2base": {"type": "ndarray", "data": [[0.9999994655662587, 0.0004181113206416521, -0.0009455422362639297, -0.7346205012464881], [0.00041830746744602463, -0.9999998910320087, 0.0002072554773149439, 0.08876069496860667], [-0.0009454554773687614, -0.0002076508939288386, -0.9999995314974133, -0.00177586283377226], [0.0, 0.0, 0.0, 1.0]]}, "mean_rme": {"type": "float", "data": 0.001429850813648429}, "max_rme": {"type": "float", "data": 0.0044654459771960656}, "simu": {"type": "float", "data": 0.002}}, {"type": "dict", "image_number": {"type": "int", "data": 12}, "Hcamera2end": {"type": "ndarray", "data": [[0.9999993215066156, 0.0009273256489057485, -0.0007050201764386267, -0.01418743254746369], [0.0007027255102205641, 0.002472501377472014, 0.9999966964514411, 0.030672270064166226], [0.0009290657487978275, -0.9999965133959614, 0.0024718480445063973, 0.03214121218793931], [0.0, 0.0, 0.0, 1.0]]}, "Hobj2base": {"type": "ndarray", "data": [[0.9999993718476969, 0.0004967825477502539, -0.0010047444012192869, -0.734542378364838], [0.0004969526207277628, -0.9999998622339186, 0.0001690273219279799, 0.08861834784354088], [-0.0010046602929759615, -0.00016952652611642585, -0.9999994809590913, -0.001499952732749064], [0.0, 0.0, 0.0, 1.0]]}, "mean_rme": {"type": "float", "data": 0.0014587520763530996}, "max_rme": {"type": "float", "data": 0.004828840124162258}, "simu": {"type": "float", "data": 0.002}}, {"type": "dict", "image_number": {"type": "int", "data": 13}, "Hcamera2end": {"type": "ndarray", "data": [[0.9999980730449034, 0.001833243050831019, -0.0007022295897212, -0.014166146015454486], [0.0006982102122532527, 0.0021922157702015665, 0.9999973533427556, 0.031426200598637676], [0.0018347776376459069, -0.9999959166966298, 0.0021909315568805487, 0.03210902387304178], [0.0, 0.0, 0.0, 1.0]]}, "Hobj2base": {"type": "ndarray", "data": [[0.999998038619034, 0.0014388592883267399, -0.0013610444641619108, -0.7345371461824919], [0.0014388243552549314, -0.9999989645367187, -2.6645175456931007e-05, 0.08787202323826282], [-0.0013610813935085392, 2.4686819271969975e-05, -0.9999990734235715, -0.0019900400651564664], [0.0, 0.0, 0.0, 1.0]]}, "mean_rme": {"type": "float", "data": 0.0015140242907080387}, "max_rme": {"type": "float", "data": 0.005021153274339048}, "simu": {"type": "float", "data": 0.002}}, {"type": "dict", "image_number": {"type": "int", "data": 14}, "Hcamera2end": {"type": "ndarray", "data": [[0.9999972899417228, 0.0021633242990699774, -0.0008603122613517301, -0.013775025611775987], [0.0008555938063574071, 0.0021810934611570243, 0.9999972553915094, 0.0314058844983022], [0.002165194783039526, -0.9999952814185126, 0.002179236623395142, 0.032123669822669065], [0.0, 0.0, 0.0, 1.0]]}, "Hobj2base": {"type": "ndarray", "data": [[0.9999974025690977, 0.0017113005616237378, -0.0015054253370957392, -0.7344124946808362], [0.0017110315459474522, -0.9999985199903281, -0.00017996722550031504, 0.08813255415853709], [-0.0015057310870657523, 0.00017739092780604275, -0.9999988506525157, -0.0019337775142905483], [0.0, 0.0, 0.0, 1.0]]}, "mean_rme": {"type": "float", "data": 0.0015188338629692532}, "max_rme": {"type": "float", "data": 0.0049598936028735115}, "simu": {"type": "float", "data": 0.002}}, {"type": "dict", "image_number": {"type": "int", "data": 15}, "Hcamera2end": {"type": "ndarray", "data": [[0.9999969289132365, 0.0023281250155894866, -0.0008497046587029113, -0.013783660236407907], [0.0008445078549034737, 0.0022322587000118688, 0.9999971519097337, 0.03135636185007448], [0.002330015145496121, -0.9999947984139756, 0.002230285724688863, 0.03199716997196881], [0.0, 0.0, 0.0, 1.0]]}, "Hobj2base": {"type": "ndarray", "data": [[0.9999971175602155, 0.0018391849824669498, -0.001543460352865297, -0.7344932258918947], [0.0018388212669931102, -0.9999982812738115, -0.00023703537919977523, 0.08797454520608312], [-0.0015438936519893054, 0.0002341965482379585, -0.9999987807714408, -0.0019179289975631009], [0.0, 0.0, 0.0, 1.0]]}, "mean_rme": {"type": "float", "data": 0.0015292628628394982}, "max_rme": {"type": "float", "data": 0.00511458439613776}, "simu": {"type": "float", "data": 0.002}}, {"type": "dict", "image_number": {"type": "int", "data": 16}, "Hcamera2end": {"type": "ndarray", "data": [[0.9999965273421366, 0.0025128348078049447, -0.0007943329881724929, -0.013662205420912291], [0.000788550486785563, 0.0023013408233570898, 0.9999970410048945, 0.03130988276055618], [0.002514655403272068, -0.9999941947289711, 0.0022993513344768957, 0.032031701111762484], [0.0, 0.0, 0.0, 1.0]]}, "Hobj2base": {"type": "ndarray", "data": [[0.9999967340600975, 0.0019616913789692846, -0.0016381807202657088, -0.7344930771367703], [0.0019614572618820852, -0.9999980658996626, -0.00014450724382940555, 0.08811168558570225], [-0.001638461030474244, 0.00014129355040739134, -0.9999986477398777, -0.0019515836654732388], [0.0, 0.0, 0.0, 1.0]]}, "mean_rme": {"type": "float", "data": 0.0014825374063797163}, "max_rme": {"type": "float", "data": 0.005108667797158763}, "simu": {"type": "float", "data": 0.002}}, {"type": "dict", "image_number": {"type": "int", "data": 17}, "Hcamera2end": {"type": "ndarray", "data": [[0.9999960421877476, 0.0027455309877249, -0.0006145473422035223, -0.013499168606152597], [0.0006084759959935496, 0.0022116442005465364, 0.9999973691899857, 0.031528141652862766], [0.0027468829248198283, -0.9999937853254517, 0.0022099648575717445, 0.03181404483912673], [0.0, 0.0, 0.0, 1.0]]}, "Hobj2base": {"type": "ndarray", "data": [[0.9999961739591019, 0.0022001971064044197, -0.001676663308652448, -0.7343783502633123], [0.0022002926505537714, -0.9999975778328587, 5.514224850128675e-05, 0.08840927327171058], [-0.0016765379236780816, -5.883118748026992e-05, -0.9999985928787507, -0.0021078334057607812], [0.0, 0.0, 0.0, 1.0]]}, "mean_rme": {"type": "float", "data": 0.0015206657997880056}, "max_rme": {"type": "float", "data": 0.004890428196722571}, "simu": {"type": "float", "data": 0.002}}, {"type": "dict", "image_number": {"type": "int", "data": 18}, "Hcamera2end": {"type": "ndarray", "data": [[0.9999955844082894, 0.0029257281003560406, -0.0005208445128549735, -0.013971620533792058], [0.0005147467430612084, 0.0020845553177774034, 0.9999976948298018, 0.029783568844757115], [0.002926807085253823, -0.9999935473512865, 0.0020830401042215563, 0.03185872363860252], [0.0, 0.0, 0.0, 1.0]]}, "Hobj2base": {"type": "ndarray", "data": [[0.9999955340062114, 0.0024441017722291423, -0.0017199808600734797, -0.7343954308491988], [0.0024438736030205225, -0.9999970046580156, -0.00013474720427354502, 0.08903706330008306], [-0.0017203050440233653, 0.00013054318667173357, -0.9999985117534085, -0.00029458786721302716], [0.0, 0.0, 0.0, 1.0]]}, "mean_rme": {"type": "float", "data": 0.0015594158220247744}, "max_rme": {"type": "float", "data": 0.004713613719836057}, "simu": {"type": "float", "data": 0.002}}, {"type": "dict", "image_number": {"type": "int", "data": 19}, "Hcamera2end": {"type": "ndarray", "data": [[0.9999956088097873, 0.002921512251894331, -0.0004971190046565974, -0.01402103087902242], [0.0004914065795526114, 0.0019556899908368397, 0.9999979668960499, 0.02983947955585908], [0.002922478522817893, -0.9999938200023146, 0.0019542457526872115, 0.031660267163456865], [0.0, 0.0, 0.0, 1.0]]}, "Hobj2base": {"type": "ndarray", "data": [[0.999995601577738, 0.0024919722153064995, -0.001608384175493003, -0.734130780531256], [0.0024918426146526692, -0.9999968919458762, -8.257706545650495e-05, 0.08902381463917415], [-0.0016085849563006725, 7.856886201847545e-05, -0.9999987031398452, -0.0003687000546104561], [0.0, 0.0, 0.0, 1.0]]}, "mean_rme": {"type": "float", "data": 0.0015228806833828509}, "max_rme": {"type": "float", "data": 0.0046562458564047594}, "simu": {"type": "float", "data": 0.002}}, {"type": "dict", "image_number": {"type": "int", "data": 20}, "Hcamera2end": {"type": "ndarray", "data": [[0.9999947825169653, 0.003201253397378477, -0.00043233729088794663, -0.014181668094639496], [0.0004260936024822956, 0.0019508139005185443, 0.9999980063826969, 0.029765393757560613], [0.003202090424901088, -0.9999929731262175, 0.0019494396885876286, 0.03143087651250729], [0.0, 0.0, 0.0, 1.0]]}, "Hobj2base": {"type": "ndarray", "data": [[0.9999947864100296, 0.0027517927554184906, -0.0016896122012258412, -0.7340322536279672], [0.0027517534738656937, -0.9999962135922484, -2.557312125170146e-05, 0.08879234029810187], [-0.0016896761755949, 2.092359167972392e-05, -0.999998572277293, -0.0001896114878447097], [0.0, 0.0, 0.0, 1.0]]}, "mean_rme": {"type": "float", "data": 0.0015212045405323476}, "max_rme": {"type": "float", "data": 0.004766213131201749}, "simu": {"type": "float", "data": 0.002}}, {"type": "dict", "image_number": {"type": "int", "data": 21}, "Hcamera2end": {"type": "ndarray", "data": [[0.9999942377356001, 0.003354647765573125, -0.0005204171067203943, -0.013890375331430616], [0.0005139302430262182, 0.0019342665102979328, 0.9999979972423807, 0.03000383856016547], [0.003355647672407668, -0.9999925024476113, 0.0019325313096014707, 0.03064379138940357], [0.0, 0.0, 0.0, 1.0]]}, "Hobj2base": {"type": "ndarray", "data": [[0.9999943211208744, 0.0028913268450256736, -0.001731460388464569, -0.733347299620083], [0.0028911415274463135, -0.9999958146439285, -0.00010952303126737122, 0.08905801552611617], [-0.0017317698085667712, 0.00010451651226709693, -0.9999984950236822, -0.0005768262052453299], [0.0, 0.0, 0.0, 1.0]]}, "mean_rme": {"type": "float", "data": 0.0015767395396059367}, "max_rme": {"type": "float", "data": 0.004749594147948261}, "simu": {"type": "float", "data": 0.002}}, {"type": "dict", "image_number": {"type": "int", "data": 22}, "Hcamera2end": {"type": "ndarray", "data": [[0.9999935034406867, 0.0035735732338441394, -0.0004718588387286396, -0.013826504116151512], [0.00046491480874381636, 0.0019437430009678902, 0.999998002856689, 0.029739152125606124], [0.0035744832692214826, -0.9999917256845121, 0.0019420689662096313, 0.03088904706806492], [0.0, 0.0, 0.0, 1.0]]}, "Hobj2base": {"type": "ndarray", "data": [[0.9999936310814714, 0.0030539616602971364, -0.001846920320829065, -0.733646869845582], [0.003053754920859357, -0.9999953306960963, -0.00011474706113975689, 0.08893535933643952], [-0.0018472621301221543, 0.00010910628830690619, -0.9999982878577545, -0.0004032484476923075], [0.0, 0.0, 0.0, 1.0]]}, "mean_rme": {"type": "float", "data": 0.0016414357271285589}, "max_rme": {"type": "float", "data": 0.006154124684121326}, "simu": {"type": "float", "data": 0.002}}, {"type": "dict", "image_number": {"type": "int", "data": 23}, "Hcamera2end": {"type": "ndarray", "data": [[0.9999929206177723, 0.00374157373426326, -0.00039917455915405484, -0.013735441129294701], [0.00039202367239999096, 0.0019117361931163535, 0.9999980957892712, 0.029756697852539538], [0.003742329725970518, -0.9999911729064009, 0.001910255873729283, 0.03090352683021134], [0.0, 0.0, 0.0, 1.0]]}, "Hobj2base": {"type": "ndarray", "data": [[0.9999930420736519, 0.0032100526433884767, -0.0019003595213035345, -0.7337313302078394], [0.003209992634784011, -0.9999948473608622, -3.46267394003258e-05, 0.08901697244393861], [-0.0019004608830930328, 2.852635840319736e-05, -0.9999981937157083, -0.00039961068893474454], [0.0, 0.0, 0.0, 1.0]]}, "mean_rme": {"type": "float", "data": 0.0016198758108907998}, "max_rme": {"type": "float", "data": 0.006154720837329902}, "simu": {"type": "float", "data": 0.002}}, {"type": "dict", "image_number": {"type": "int", "data": 24}, "Hcamera2end": {"type": "ndarray", "data": [[0.9999935779373151, 0.003561084914565577, -0.00040343321398617006, -0.01401198450434411], [0.0003968365521363653, 0.0018529426221022272, 0.9999982045605832, 0.029682268920144663], [0.003561826059450722, -0.9999919426064744, 0.0018515175537292539, 0.031300026954398874], [0.0, 0.0, 0.0, 1.0]]}, "Hobj2base": {"type": "ndarray", "data": [[0.9999937186639739, 0.0030823818927844873, -0.0017497298260141173, -0.7339952627419678], [0.003082333768196612, -0.9999952491419661, -3.0199978564166432e-05, 0.08876708735373591], [-0.0017498146011632046, 2.480653754000899e-05, -0.9999984687655763, -0.0001912806485749203], [0.0, 0.0, 0.0, 1.0]]}, "mean_rme": {"type": "float", "data": 0.0016450607321274885}, "max_rme": {"type": "float", "data": 0.005911301909246575}, "simu": {"type": "float", "data": 0.002}}, {"type": "dict", "image_number": {"type": "int", "data": 25}, "Hcamera2end": {"type": "ndarray", "data": [[0.9999938408293046, 0.0034902757225420446, -0.00036915963488544997, -0.014061184363697181], [0.0003629269257538531, 0.0017862002143919087, 0.9999983388850405, 0.029776756892639287], [0.0034909293178118066, -0.9999923137025476, 0.001784922497841901, 0.03130336653073222], [0.0, 0.0, 0.0, 1.0]]}, "Hobj2base": {"type": "ndarray", "data": [[0.9999939437203648, 0.0030343282911704426, -0.0017045158882879078, -0.7340387469608727], [0.0030341524593761183, -0.999995391359088, -0.00010573286046154376, 0.08872490726766619], [-0.0017048288609960546, 0.00010056045903927975, -0.9999985417220112, -0.0002509110644501411], [0.0, 0.0, 0.0, 1.0]]}, "mean_rme": {"type": "float", "data": 0.0016197972777819592}, "max_rme": {"type": "float", "data": 0.005944594107232554}, "simu": {"type": "float", "data": 0.002}}, {"type": "dict", "image_number": {"type": "int", "data": 26}, "Hcamera2end": {"type": "ndarray", "data": [[0.9999933629793519, 0.00362608658977902, -0.00035425032047570865, -0.01422145013961259], [0.00034762364384146585, 0.0018279680842621104, 0.999998268843744, 0.029829021596419557], [0.003626727870736205, -0.9999917549803728, 0.0018266954385669498, 0.03141441307181752], [0.0, 0.0, 0.0, 1.0]]}, "Hobj2base": {"type": "ndarray", "data": [[0.9999934845826592, 0.0031365961863841748, -0.0017867726756534638, -0.7342332947528878], [0.0031364708637871873, -0.9999950786032579, -7.293685490297774e-05, 0.0885960295870152], [-0.0017869926556971746, 6.733221925153034e-05, -0.9999984010605321, -0.00026124202572992163], [0.0, 0.0, 0.0, 1.0]]}, "mean_rme": {"type": "float", "data": 0.0015830317628273847}, "max_rme": {"type": "float", "data": 0.005905701105486966}, "simu": {"type": "float", "data": 0.002}}, {"type": "dict", "image_number": {"type": "int", "data": 27}, "Hcamera2end": {"type": "ndarray", "data": [[0.9999932727739521, 0.0036341909585778176, -0.000497054239271503, -0.014011119486790746], [0.0004902499261621902, 0.0018729559485625158, 0.999998125843756, 0.02996912783992384], [0.0036351151082303426, -0.9999916423111201, 0.001871161686915368, 0.03178251609061428], [0.0, 0.0, 0.0, 1.0]]}, "Hobj2base": {"type": "ndarray", "data": [[0.9999934040715608, 0.0031124786316483835, -0.0018719749302770988, -0.7345401261970758], [0.0031121419950808546, -0.9999951405817822, -0.00018271569374276212, 0.08884058867836787], [-0.0018725345322604598, 0.00017688863676886758, -0.9999982311608537, -0.00041032289183201565], [0.0, 0.0, 0.0, 1.0]]}, "mean_rme": {"type": "float", "data": 0.0015877827351832392}, "max_rme": {"type": "float", "data": 0.00594948759317751}, "simu": {"type": "float", "data": 0.002}}, {"type": "dict", "image_number": {"type": "int", "data": 28}, "Hcamera2end": {"type": "ndarray", "data": [[0.9999933794116307, 0.003604668438232818, -0.0004974920670874272, -0.013980589044433967], [0.0004907963736058207, 0.001858152610956454, 0.9999981531921919, 0.030002616978318516], [0.0036055861972863886, -0.999991776783352, 0.0018563711506953684, 0.03189882147939463], [0.0, 0.0, 0.0, 1.0]]}, "Hobj2base": {"type": "ndarray", "data": [[0.9999934742294727, 0.003103931718099439, -0.0018485416842402192, -0.7346228268984322], [0.0031035880865347637, -0.9999951660487589, -0.00018873288967933484, 0.08888387973143895], [-0.0018491185624823752, 0.00018299454610313498, -0.9999982736352786, -0.00048758321828047083], [0.0, 0.0, 0.0, 1.0]]}, "mean_rme": {"type": "float", "data": 0.0015498077670660503}, "max_rme": {"type": "float", "data": 0.005941036004949024}, "simu": {"type": "float", "data": 0.002}}, {"type": "dict", "image_number": {"type": "int", "data": 29}, "Hcamera2end": {"type": "ndarray", "data": [[0.9999932707980294, 0.003638875188541256, -0.0004657746465417574, -0.01388945346288228], [0.0004589915491631808, 0.0018646770927528422, 0.9999981561513491, 0.029912832861908257], [0.00363973699831994, -0.9999916407484126, 0.0018629943320039866, 0.03187187814125808], [0.0, 0.0, 0.0, 1.0]]}, "Hobj2base": {"type": "ndarray", "data": [[0.9999935495701843, 0.003106902011431449, -0.0018022147249231605, -0.7346021532281516], [0.0031067689010748725, -0.9999951710439077, -7.665416113877806e-05, 0.08897063334638612], [-0.001802444179074812, 7.105460202604107e-05, -0.9999983730717887, -0.00031548020663831007], [0.0, 0.0, 0.0, 1.0]]}, "mean_rme": {"type": "float", "data": 0.0015481374421667505}, "max_rme": {"type": "float", "data": 0.005906003903768248}, "simu": {"type": "float", "data": 0.002}}, {"type": "dict", "image_number": {"type": "int", "data": 30}, "Hcamera2end": {"type": "ndarray", "data": [[0.9999928808162025, 0.0037352001614731276, -0.0005353472386939271, -0.013950397140333484], [0.000528253886969481, 0.0018997835127178009, 0.999998055883328, 0.02987761989043008], [0.00373620994366587, -0.9999912195126307, 0.0018977968538058665, 0.03193525430944], [0.0, 0.0, 0.0, 1.0]]}, "Hobj2base": {"type": "ndarray", "data": [[0.9999931788603189, 0.0031801284738949363, -0.0018785674658442027, -0.7347079696861326], [0.0031798885461133027, -0.9999949356014579, -0.00013069150405052173, 0.08886050926454675], [-0.0018789735678031957, 0.0001247169774177784, -0.9999982269504313, -0.0003482911930338506], [0.0, 0.0, 0.0, 1.0]]}, "mean_rme": {"type": "float", "data": 0.0015538554296674744}, "max_rme": {"type": "float", "data": 0.0058358412178032}, "simu": {"type": "float", "data": 0.002}}]}