{"type": "list", "data": [{"type": "dict", "image_number": {"type": "int", "data": 5}, "Hcamera2end": {"type": "ndarray", "data": [[0.9999987587793991, -0.0012996327478091536, -0.0008907268840494585, -0.01735193378433684], [0.000892170643566157, 0.0011107415537056076, 0.9999989851418566, 0.015189857637630555], [-0.00129864206150316, -0.9999985386028928, 0.0011118996692153216, 0.027096771635037417], [0.0, 0.0, 0.0, 1.0]]}, "Hobj2base": {"type": "ndarray", "data": [[0.9999996516528054, -0.0007800096718970846, 0.0002971181242641814, -0.7314740595849933], [-0.0007802442674438571, -0.9999993833426979, 0.0007902740706646266, 0.08774277176166512], [0.00029650151962555267, -0.000790505620088082, -0.9999996435937932, 0.00807051619879815], [0.0, 0.0, 0.0, 1.0]]}, "mean_rme": {"type": "float", "data": 0.0017883808723896477}, "max_rme": {"type": "float", "data": 0.0044490856364695075}, "simu": {"type": "float", "data": 0.002}}, {"type": "dict", "image_number": {"type": "int", "data": 6}, "Hcamera2end": {"type": "ndarray", "data": [[0.9999985831574354, -0.0012448762606172086, -0.0011331223312669135, -0.01644877062351699], [0.0011333153071447443, 0.00015432163077155892, 0.9999993458904107, 0.015039230759276236], [-0.0012447005810456838, -0.9999992132336558, 0.00015573224944376296, 0.02863035420781942], [0.0, 0.0, 0.0, 1.0]]}, "Hobj2base": {"type": "ndarray", "data": [[0.9999991240595538, -0.0007029753186662156, 0.0011214748442717952, -0.7323989349938675], [-0.0007034031030494876, -0.9999996799936743, 0.00038109923087076503, 0.08881728082472513], [0.001121206582039486, -0.00038188774593598743, -0.9999992985285289, 0.008015474118032903], [0.0, 0.0, 0.0, 1.0]]}, "mean_rme": {"type": "float", "data": 0.0016419791316175415}, "max_rme": {"type": "float", "data": 0.004495145931110223}, "simu": {"type": "float", "data": 0.002}}, {"type": "dict", "image_number": {"type": "int", "data": 7}, "Hcamera2end": {"type": "ndarray", "data": [[0.9999977546329186, -0.0014852637991712016, -0.0015115292150397525, -0.014807272191482663], [0.0015111859436313588, -0.00023221322359812113, 0.9999988311963482, 0.014875791386450614], [-0.0014856130602610362, -0.9999988700335943, -0.00022996819241827282, 0.030617530803376286], [0.0, 0.0, 0.0, 1.0]]}, "Hobj2base": {"type": "ndarray", "data": [[0.9999984472131176, -0.0010127170416066463, 0.001442212032682163, -0.7339436631765194], [-0.001012573853221533, -0.9999994823459037, -0.00010001057827607695, 0.09073964621869937], [0.0014423125685321583, 9.855007678586748e-05, -0.9999989550106223, 0.008149989434670046], [0.0, 0.0, 0.0, 1.0]]}, "mean_rme": {"type": "float", "data": 0.00166615603131924}, "max_rme": {"type": "float", "data": 0.004605415351122161}, "simu": {"type": "float", "data": 0.002}}, {"type": "dict", "image_number": {"type": "int", "data": 8}, "Hcamera2end": {"type": "ndarray", "data": [[0.9999950423091942, -0.0015338854421434876, -0.002750009542392502, -0.01570300678708833], [0.0027499283125218617, -5.5063463354709796e-05, 0.9999962174239916, 0.014870319842565942], [-0.001534031065154877, -0.999998822081039, -5.084511536157521e-05, 0.030791510250989345], [0.0, 0.0, 0.0, 1.0]]}, "Hobj2base": {"type": "ndarray", "data": [[0.9999981993126944, -0.0009408633665228791, 0.0016480738740467312, -0.7336612108624258], [-0.0009393704972516245, -0.9999991480409136, -0.0009063666563818967, 0.08942469470186738], [0.0016489252371388466, 0.0009048168723243935, -0.9999982311744307, 0.007768318430530365], [0.0, 0.0, 0.0, 1.0]]}, "mean_rme": {"type": "float", "data": 0.00168894355508215}, "max_rme": {"type": "float", "data": 0.0050992636329774965}, "simu": {"type": "float", "data": 0.002}}, {"type": "dict", "image_number": {"type": "int", "data": 9}, "Hcamera2end": {"type": "ndarray", "data": [[0.9999952255956543, -0.0016784771657942722, -0.0025945134997430353, -0.014693901914790749], [0.0025936057698656557, -0.0005427564199005364, 0.9999964893061271, 0.01446627657039785], [-0.0016798794620332745, -0.9999984440637257, -0.0005384005205002484, 0.03153198476512013], [0.0, 0.0, 0.0, 1.0]]}, "Hobj2base": {"type": "ndarray", "data": [[0.9999971233797775, -0.001119905021401493, 0.002121095215463627, -0.7341646743647549], [-0.001118243136323343, -0.9999990670242065, -0.0007845272492070213, 0.09053456906577644], [0.0021219718325389486, 0.0007821530922538906, -0.9999974427327714, 0.007641181546227264], [0.0, 0.0, 0.0, 1.0]]}, "mean_rme": {"type": "float", "data": 0.0017541722566529999}, "max_rme": {"type": "float", "data": 0.005266094004180322}, "simu": {"type": "float", "data": 0.002}}, {"type": "dict", "image_number": {"type": "int", "data": 10}, "Hcamera2end": {"type": "ndarray", "data": [[0.9999980918945308, -0.0010572270075863456, -0.0016427045845253284, -0.01592382752027357], [0.0016430666354740621, 0.00034167597735379474, 0.9999985917937874, 0.01422127783864103], [-0.0010566642460982842, -0.9999993827640999, 0.00034341241982227544, 0.0317589766607468], [0.0, 0.0, 0.0, 1.0]]}, "Hobj2base": {"type": "ndarray", "data": [[0.9999994011131863, -0.0006153400175187098, 0.000905057971365832, -0.7346154829795714], [-0.0006151796858828915, -0.9999997950383117, -0.00017741840055719054, 0.08954961608756755], [0.000905166958505329, 0.00017686152102511932, -0.9999995746962993, 0.007722846039931919], [0.0, 0.0, 0.0, 1.0]]}, "mean_rme": {"type": "float", "data": 0.0017710587240542884}, "max_rme": {"type": "float", "data": 0.005765117287953037}, "simu": {"type": "float", "data": 0.002}}, {"type": "dict", "image_number": {"type": "int", "data": 11}, "Hcamera2end": {"type": "ndarray", "data": [[0.9999971693077118, -0.0011223560989526652, -0.0020980212941696446, -0.015297342258287255], [0.002097850341568233, -0.00015347142197930097, 0.9999977877327866, 0.014155819432275094], [-0.0011226756023124244, -0.9999993583814493, -0.00015111645242349425, 0.031608481890376794], [0.0, 0.0, 0.0, 1.0]]}, "Hobj2base": {"type": "ndarray", "data": [[0.9999989480847076, -0.0006884337532074497, 0.0012766708447406094, -0.7341269228046866], [-0.0006875153822925175, -0.9999995047148189, -0.0007196476332372103, 0.08985752816612534], [0.0012771656421455954, 0.0007187691453849763, -0.9999989261088427, 0.007582936696062773], [0.0, 0.0, 0.0, 1.0]]}, "mean_rme": {"type": "float", "data": 0.0017442128654929538}, "max_rme": {"type": "float", "data": 0.005860529284637539}, "simu": {"type": "float", "data": 0.002}}, {"type": "dict", "image_number": {"type": "int", "data": 12}, "Hcamera2end": {"type": "ndarray", "data": [[0.9999992616249433, -0.00038715919365394096, -0.0011518929320549413, -0.015782378428619202], [0.001151981764903452, 0.00022930323120173846, 0.9999993101787826, 0.014145733068542278], [-0.00038689479381199626, -0.9999998987638882, 0.00022974906222117397, 0.03148387538421248], [0.0, 0.0, 0.0, 1.0]]}, "Hobj2base": {"type": "ndarray", "data": [[0.9999998906416975, -3.050549942525159e-05, 0.00046667548426082567, -0.7342917322682653], [-3.0484889108089732e-05, -0.9999999985597892, -4.417118039933254e-05, 0.08973412690140796], [0.00046667683105263287, 4.415694901846008e-05, -0.9999998901314435, 0.007823736359474748], [0.0, 0.0, 0.0, 1.0]]}, "mean_rme": {"type": "float", "data": 0.001639721818081326}, "max_rme": {"type": "float", "data": 0.005815083345290795}, "simu": {"type": "float", "data": 0.002}}, {"type": "dict", "image_number": {"type": "int", "data": 13}, "Hcamera2end": {"type": "ndarray", "data": [[0.9999996996707502, -8.295882598556217e-05, -0.000770568778602944, -0.01575630193572], [0.0007705967631139582, 0.00033782830262873986, 0.9999996460262705, 0.014238746978919747], [-8.269847667778321e-05, -0.9999999394949336, 0.0003378921289717285, 0.03145520978899306], [0.0, 0.0, 0.0, 1.0]]}, "Hobj2base": {"type": "ndarray", "data": [[0.9999999506873289, 0.00024462269949497703, 0.00019693926620707288, -0.7344592362864901], [0.0002445743763207812, -0.9999999399914974, 0.00024535764908828933, 0.08987019312846346], [0.00019699927443950414, -0.00024530947069084267, -0.9999999505072734, 0.0080241321703662], [0.0, 0.0, 0.0, 1.0]]}, "mean_rme": {"type": "float", "data": 0.0016162909810445195}, "max_rme": {"type": "float", "data": 0.0056076625519676515}, "simu": {"type": "float", "data": 0.002}}, {"type": "dict", "image_number": {"type": "int", "data": 14}, "Hcamera2end": {"type": "ndarray", "data": [[0.999999901474894, 5.348929683871264e-05, -0.00044066892032710653, -0.015770424881702178], [0.00044065796961728274, 0.00020456654838973964, 0.9999998819865334, 0.013806642490047077], [5.3579436646269214e-05, -0.9999999776457109, 0.00020454295774996467, 0.03179007883890578], [0.0, 0.0, 0.0, 1.0]]}, "Hobj2base": {"type": "ndarray", "data": [[0.9999998974474428, 0.0003720731276278998, 0.00025819893819265866, -0.7346555087047788], [0.0003719627575931749, -0.999999839496003, 0.00042737767244561357, 0.09023762160882386], [0.0002583579124979623, -0.0004272815882278826, -0.9999998753408088, 0.007887671142647327], [0.0, 0.0, 0.0, 1.0]]}, "mean_rme": {"type": "float", "data": 0.0018036137511703062}, "max_rme": {"type": "float", "data": 0.007262365622453415}, "simu": {"type": "float", "data": 0.002}}, {"type": "dict", "image_number": {"type": "int", "data": 15}, "Hcamera2end": {"type": "ndarray", "data": [[0.9999998741665991, 0.0002475969370184752, -0.0004363055613250856, -0.015526783448893505], [0.0004362747191189284, 0.00012460652784829218, 0.9999998970687861, 0.01384867479842141], [0.0002476512780540995, -0.9999999615844842, 0.0001244984918844505, 0.03172463620221243], [0.0, 0.0, 0.0, 1.0]]}, "Hobj2base": {"type": "ndarray", "data": [[0.9999998175923863, 0.0005346900103352757, 0.0002809302172146146, -0.7344022839088528], [0.0005345881632444262, -0.9999997914099314, 0.000362485295403047, 0.09024628364213073], [0.00028112397588170675, -0.0003623350473141486, -0.9999998948413062, 0.007807160122686703], [0.0, 0.0, 0.0, 1.0]]}, "mean_rme": {"type": "float", "data": 0.0017921095585505683}, "max_rme": {"type": "float", "data": 0.007204701870123009}, "simu": {"type": "float", "data": 0.002}}, {"type": "dict", "image_number": {"type": "int", "data": 16}, "Hcamera2end": {"type": "ndarray", "data": [[0.9999998684566532, 0.0002715747282370138, -0.00043512508918546155, -0.015604513033786557], [0.00043511658410234357, 3.137595070434873e-05, 0.9999999048445494, 0.013789960340315608], [0.0002715883548585467, -0.9999999626313576, 3.125777990897749e-05, 0.03204236287610967], [0.0, 0.0, 0.0, 1.0]]}, "Hobj2base": {"type": "ndarray", "data": [[0.9999997885103872, 0.0005516091622062263, 0.00034453811567775993, -0.7346034242539409], [0.0005515068221746253, -0.9999998037978146, 0.00029705985487529427, 0.0904111703366087], [0.00034470190901630157, -0.0002968697769289251, -0.9999998965244594, 0.008036819064711941], [0.0, 0.0, 0.0, 1.0]]}, "mean_rme": {"type": "float", "data": 0.001817380308598095}, "max_rme": {"type": "float", "data": 0.0073744260999365485}, "simu": {"type": "float", "data": 0.002}}, {"type": "dict", "image_number": {"type": "int", "data": 17}, "Hcamera2end": {"type": "ndarray", "data": [[0.9999999594989516, 0.0001707421771782406, -0.00022770420290223818, -0.01558396806890832], [0.0002276782535249385, 0.00015198392838933206, 0.9999999625317484, 0.013739653575446011], [0.00017077677816009762, -0.9999999738739969, 0.00015194504795312813, 0.03202585054146341], [0.0, 0.0, 0.0, 1.0]]}, "Hobj2base": {"type": "ndarray", "data": [[0.9999998505004744, 0.00045288434287795343, 0.00030642258569883827, -0.7346241170603652], [0.00045282178828405105, -0.9999998766307674, 0.00020418344296776653, 0.090378296770789], [0.000306515019380114, -0.0002040446576192119, -0.9999999322071582, 0.007950924618542484], [0.0, 0.0, 0.0, 1.0]]}, "mean_rme": {"type": "float", "data": 0.0018038536095797992}, "max_rme": {"type": "float", "data": 0.007220257909875349}, "simu": {"type": "float", "data": 0.002}}, {"type": "dict", "image_number": {"type": "int", "data": 18}, "Hcamera2end": {"type": "ndarray", "data": [[0.9999999074929016, 0.0003819165653588102, -0.00019787350854552318, -0.01591826949395571], [0.00019784845878033402, 6.562629371398288e-05, 0.9999999782745884, 0.013718289056767514], [0.0003819295427665056, -0.9999999249164607, 6.555072603919854e-05, 0.03221427953034758], [0.0, 0.0, 0.0, 1.0]]}, "Hobj2base": {"type": "ndarray", "data": [[0.9999997271661072, 0.0006564583594564473, 0.00033871836913932507, -0.7349779582764049], [0.0006563985387345348, -0.9999997689607778, 0.00017668998054140624, 0.09024913232551796], [0.00033883428049685517, -0.00017646759809184542, -0.9999999270252558, 0.008139155027065368], [0.0, 0.0, 0.0, 1.0]]}, "mean_rme": {"type": "float", "data": 0.0019148615396616217}, "max_rme": {"type": "float", "data": 0.007376644337736105}, "simu": {"type": "float", "data": 0.002}}, {"type": "dict", "image_number": {"type": "int", "data": 19}, "Hcamera2end": {"type": "ndarray", "data": [[0.9999997102716661, 0.0007445463193964769, -0.00015845302816260975, -0.016271736758754995], [0.00015827561080310426, 0.0002383420970293315, 0.9999999590709372, 0.013630578717813117], [0.0007445840549499067, -0.999999694421865, 0.0002382241844514077, 0.032049379889732055], [0.0, 0.0, 0.0, 1.0]]}, "Hobj2base": {"type": "ndarray", "data": [[0.999999490884594, 0.0009942308357001053, 0.00017244012944040918, -0.734797168993046], [0.000994208535919531, -0.9999994974080124, 0.00012935651972245167, 0.08993035234446528], [0.00017256865301408872, -0.0001291850124164299, -0.9999999767656458, 0.008163889873491098], [0.0, 0.0, 0.0, 1.0]]}, "mean_rme": {"type": "float", "data": 0.001891795123873583}, "max_rme": {"type": "float", "data": 0.007302866307879796}, "simu": {"type": "float", "data": 0.002}}, {"type": "dict", "image_number": {"type": "int", "data": 20}, "Hcamera2end": {"type": "ndarray", "data": [[0.9999997361880706, 0.0006678481257578652, -0.0002856618106867699, -0.016366128550383698], [0.00028565103689515527, 1.6227428410675593e-05, 0.9999999590700769, 0.013673911017967935], [0.0006678527339794753, -0.9999997768577508, 1.603665262006615e-05, 0.03200915955365795], [0.0, 0.0, 0.0, 1.0]]}, "Hobj2base": {"type": "ndarray", "data": [[0.9999995551431526, 0.0008820130317319968, 0.00033431498410799057, -0.7346943774105783], [0.000882033091190548, -0.9999996092171879, -5.985898501531919e-05, 0.08974213715461615], [0.00033426205705859113, 6.015383526550392e-05, -0.9999999423251953, 0.008210933237819929], [0.0, 0.0, 0.0, 1.0]]}, "mean_rme": {"type": "float", "data": 0.0018880599370123994}, "max_rme": {"type": "float", "data": 0.0074052555827831545}, "simu": {"type": "float", "data": 0.002}}, {"type": "dict", "image_number": {"type": "int", "data": 21}, "Hcamera2end": {"type": "ndarray", "data": [[0.9999998220762472, 0.0005214970252307574, -0.0002896348161591745, -0.016301553873724832], [0.00028963161818026744, 6.207815753556112e-06, 0.9999999580374936, 0.01368238814904575], [0.0005214988013470096, -0.9999998640011487, 6.056772621776396e-06, 0.03210418095685991], [0.0, 0.0, 0.0, 1.0]]}, "Hobj2base": {"type": "ndarray", "data": [[0.9999997064552115, 0.0006968619182575594, 0.0003185482032144276, -0.7346887074202829], [0.0006968853207447877, -0.9999997544844779, -7.336098699110747e-05, 0.08988072697280741], [0.00031849700252777914, 7.358295702314183e-05, -0.9999999465726028, 0.008298173979689624], [0.0, 0.0, 0.0, 1.0]]}, "mean_rme": {"type": "float", "data": 0.0018656140112540377}, "max_rme": {"type": "float", "data": 0.007494680052560487}, "simu": {"type": "float", "data": 0.002}}, {"type": "dict", "image_number": {"type": "int", "data": 22}, "Hcamera2end": {"type": "ndarray", "data": [[0.9999997740792347, 0.0005748122147824268, -0.00034847151569750607, -0.01632623393178312], [0.0003484318536362171, 6.909873050020554e-05, 0.9999999369103023, 0.013715845207364318], [0.0005748362574570481, -0.9999998324081274, 6.889843200386103e-05, 0.032023383484232684], [0.0, 0.0, 0.0, 1.0]]}, "Hobj2base": {"type": "ndarray", "data": [[0.9999996975803266, 0.0007226326462021524, 0.0002874740232323353, -0.7346395595975288], [0.0007226802844261592, -0.9999997251476318, -0.00016564379636779906, 0.08986507428618293], [0.00028735424460452297, 0.00016585149808273094, -0.9999999449604078, 0.008342332285719394], [0.0, 0.0, 0.0, 1.0]]}, "mean_rme": {"type": "float", "data": 0.0018171924973425248}, "max_rme": {"type": "float", "data": 0.007585886847251366}, "simu": {"type": "float", "data": 0.002}}, {"type": "dict", "image_number": {"type": "int", "data": 23}, "Hcamera2end": {"type": "ndarray", "data": [[0.9999997660802511, 0.0006200824985323483, -0.0002886817244198141, -0.01618887525001326], [0.0002884873484046648, 0.0003135345642913956, 0.9999999092355595, 0.013781799981629834], [0.000620172953949592, -0.9999997585968571, 0.0003133556049936814, 0.0322832367165311], [0.0, 0.0, 0.0, 1.0]]}, "Hobj2base": {"type": "ndarray", "data": [[0.9999997300435625, 0.0007339919977128905, 3.418405250852568e-05, -0.7350698346383773], [0.0007339995240371909, -0.9999997062722585, -0.00022068098021246532, 0.08983616564272084], [3.402206439419776e-05, 0.000220706011716485, -0.9999999750656774, 0.008288090568891822], [0.0, 0.0, 0.0, 1.0]]}, "mean_rme": {"type": "float", "data": 0.0018245058219388821}, "max_rme": {"type": "float", "data": 0.007572543536462861}, "simu": {"type": "float", "data": 0.002}}, {"type": "dict", "image_number": {"type": "int", "data": 24}, "Hcamera2end": {"type": "ndarray", "data": [[0.9999998270739715, 0.0005047284265809683, -0.00030182982368257645, -0.016084415332727996], [0.0003016945085418335, 0.0002681495965335401, 0.9999999185381054, 0.013757239110048631], [0.0005048093210102768, -0.9999998366724914, 0.00026799727636894755, 0.03225159485246194], [0.0, 0.0, 0.0, 1.0]]}, "Hobj2base": {"type": "ndarray", "data": [[0.9999998064605966, 0.0006172581246459639, 7.791775718000841e-05, -0.734968295498286], [0.0006172769941790083, -0.999999780110225, -0.00024238113437728272, 0.08992796565013576], [7.776812832223503e-05, 0.0002424291843059278, -0.9999999675901039, 0.008229816940837275], [0.0, 0.0, 0.0, 1.0]]}, "mean_rme": {"type": "float", "data": 0.0017878689058887286}, "max_rme": {"type": "float", "data": 0.0074916215323832525}, "simu": {"type": "float", "data": 0.002}}, {"type": "dict", "image_number": {"type": "int", "data": 25}, "Hcamera2end": {"type": "ndarray", "data": [[0.9999996931576112, 0.000747027487591999, -0.0002358699140310532, -0.015922081185286076], [0.00023564822225162035, 0.00029683933907076465, 0.9999999281781587, 0.013616977258747439], [0.0007470974494084969, -0.9999996769181178, 0.0002966632122884949, 0.03210458381941457], [0.0, 0.0, 0.0, 1.0]]}, "Hobj2base": {"type": "ndarray", "data": [[0.999999641306749, 0.000846916427735101, -1.0905861019944192e-05, -0.7348360391047128], [0.0008469143762076093, -0.9999996239277928, -0.00018676271672076765, 0.09001175632578148], [-1.106402933143222e-05, 0.0001867534133997589, -0.9999999825003747, 0.008157931389338785], [0.0, 0.0, 0.0, 1.0]]}, "mean_rme": {"type": "float", "data": 0.0018206428631096056}, "max_rme": {"type": "float", "data": 0.007246712939214195}, "simu": {"type": "float", "data": 0.002}}, {"type": "dict", "image_number": {"type": "int", "data": 26}, "Hcamera2end": {"type": "ndarray", "data": [[0.9999997349957271, 0.0007055767580848914, -0.00017935973359382298, -0.01595002767352624], [0.00017915686530293307, 0.0002875739188041848, 0.9999999426020278, 0.013623447485752836], [0.0007056282967676814, -0.9999997097312978, 0.0002874474336757027, 0.032075881103229655], [0.0, 0.0, 0.0, 1.0]]}, "Hobj2base": {"type": "ndarray", "data": [[0.9999996546386206, 0.0008279441396580794, -7.232662769731094e-05, -0.7348659475450253], [0.0008279268696014887, -0.9999996288313686, -0.00023848317296716706, 0.09002172105624867], [-7.252405159740076e-05, 0.0002384232094458312, -0.9999999689473171, 0.008198805206844833], [0.0, 0.0, 0.0, 1.0]]}, "mean_rme": {"type": "float", "data": 0.001785852289410103}, "max_rme": {"type": "float", "data": 0.007264195581791366}, "simu": {"type": "float", "data": 0.002}}, {"type": "dict", "image_number": {"type": "int", "data": 27}, "Hcamera2end": {"type": "ndarray", "data": [[0.9999996917242265, 0.0007656705470172763, -0.00017406913978254817, -0.015886136765032224], [0.0001738709600934362, 0.00025889049214056215, 0.9999999513722999, 0.013657277052496121], [0.0007657155746297433, -0.9999996733621099, 0.000258757284457789, 0.03232564595490034], [0.0, 0.0, 0.0, 1.0]]}, "Hobj2base": {"type": "ndarray", "data": [[0.9999996081719916, 0.0008836961218205327, -5.23166082860086e-05, -0.7351094601292621], [0.0008836848352721951, -0.999999586359011, -0.00021536694059356515, 0.08995070178764594], [-5.250690557588588e-05, 0.00021532062481339055, -0.9999999754400266, 0.00810063198769982], [0.0, 0.0, 0.0, 1.0]]}, "mean_rme": {"type": "float", "data": 0.001795326883757841}, "max_rme": {"type": "float", "data": 0.007199467294503714}, "simu": {"type": "float", "data": 0.002}}, {"type": "dict", "image_number": {"type": "int", "data": 28}, "Hcamera2end": {"type": "ndarray", "data": [[0.9999995550972035, 0.0009087240659421426, -0.00025303352956485415, -0.01588340272434982], [0.00025280353340694027, 0.00025320385211502483, 0.9999999359890893, 0.013624397462620855], [0.0009087880768382877, -0.9999995550540915, 0.0002529740108091483, 0.03229361600629116], [0.0, 0.0, 0.0, 1.0]]}, "Hobj2base": {"type": "ndarray", "data": [[0.9999994942557842, 0.0010048818592064193, -4.123863506888151e-05, -0.7351474918507396], [0.001004873833716506, -0.9999994762626903, -0.00019417240429275167, 0.089957998879053], [-4.1433733797302016e-05, 0.00019413086646586242, -0.9999999802982256, 0.008041996816115296], [0.0, 0.0, 0.0, 1.0]]}, "mean_rme": {"type": "float", "data": 0.001801258215805824}, "max_rme": {"type": "float", "data": 0.007122449111325757}, "simu": {"type": "float", "data": 0.002}}, {"type": "dict", "image_number": {"type": "int", "data": 29}, "Hcamera2end": {"type": "ndarray", "data": [[0.9999994602811216, 0.0010225422163530754, -0.00018396978316177206, -0.015892656649073085], [0.00018373590656277865, 0.0002288099600238347, 0.9999999569435587, 0.013713699525638147], [0.0010225842664447773, -0.9999994510265584, 0.00022862195880968272, 0.03230747882867138], [0.0, 0.0, 0.0, 1.0]]}, "Hobj2base": {"type": "ndarray", "data": [[0.9999993866862604, 0.0011063507218639738, -5.113886252801849e-05, -0.735175862142376], [0.0011063446693598033, -0.9999993810112069, -0.00011823144982249697, 0.08996222200731016], [-5.126963632349383e-05, 0.00011817480010156935, -0.9999999917030704, 0.008120336104178371], [0.0, 0.0, 0.0, 1.0]]}, "mean_rme": {"type": "float", "data": 0.0017923626192649924}, "max_rme": {"type": "float", "data": 0.007271488673466275}, "simu": {"type": "float", "data": 0.002}}, {"type": "dict", "image_number": {"type": "int", "data": 30}, "Hcamera2end": {"type": "ndarray", "data": [[0.9999993016789116, 0.0011642136942059185, -0.00020309643832481361, -0.015956277212634068], [0.00020278739051282554, 0.00026556815682798884, 0.9999999441754128, 0.013768788411345913], [0.0011642675651609537, -0.9999992870397603, 0.000265331883519071, 0.032475497448487725], [0.0, 0.0, 0.0, 1.0]]}, "Hobj2base": {"type": "ndarray", "data": [[0.9999992366731871, 0.0012331119616151229, -7.802520924715239e-05, -0.7353210689228661], [0.0012330999316711591, -0.9999992278676753, -0.00015404094029536851, 0.08978222655012737], [-7.821509872742285e-05, 0.0001539446098315972, -0.9999999850917274, 0.008093808034108339], [0.0, 0.0, 0.0, 1.0]]}, "mean_rme": {"type": "float", "data": 0.001781072364396732}, "max_rme": {"type": "float", "data": 0.007305732496914352}, "simu": {"type": "float", "data": 0.002}}]}