{"type": "list", "data": [{"type": "dict", "image_number": {"type": "int", "data": 5}, "Hcamera2end": {"type": "ndarray", "data": [[0.9999922009807364, 0.00393607735723517, -0.0003244576095228363, -0.018319556048416553], [0.0003235397408886602, 0.00023382824867712593, 0.99999992032319, 0.022513765128714093], [0.003936152910975686, -0.9999922262794787, 0.00023255294759783052, 0.039885560943268346], [0.0, 0.0, 0.0, 1.0]]}, "Hobj2base": {"type": "ndarray", "data": [[0.9999948433813154, 0.003191080604912231, -0.00036085364272939933, -0.7404902988042579], [0.003190763441351575, -0.9999945257131944, -0.0008761120386487012, 0.08542388294703014], [-0.0003636474114473263, 0.0008749561222620934, -0.9999995511060711, -0.002500291961279122], [0.0, 0.0, 0.0, 1.0]]}, "mean_rme": {"type": "float", "data": 0.001060212329969579}, "max_rme": {"type": "float", "data": 0.002886879789308322}, "simu": {"type": "float", "data": 0.002}}, {"type": "dict", "image_number": {"type": "int", "data": 6}, "Hcamera2end": {"type": "ndarray", "data": [[0.999990422428536, 0.004376227017886742, 6.073126053378125e-05, -0.01604115159888428], [-6.107343996379936e-05, 7.805691790285785e-05, 0.9999999950885762, 0.022248986395123363], [0.00437622225589822, -0.9999904212262262, 7.832344154523607e-05, 0.03674713116722565], [0.0, 0.0, 0.0, 1.0]]}, "Hobj2base": {"type": "ndarray", "data": [[0.9999930262151135, 0.003725380342160386, -0.00026279734698573105, -0.7373914952198101], [0.0037252605067461977, -0.9999929576686584, -0.00045502444464527063, 0.08821329625753314], [-0.00026449063540102193, 0.000454042282824672, -0.9999998619451449, -0.002497193507698133], [0.0, 0.0, 0.0, 1.0]]}, "mean_rme": {"type": "float", "data": 0.0011458320473959544}, "max_rme": {"type": "float", "data": 0.0037207024275467404}, "simu": {"type": "float", "data": 0.002}}, {"type": "dict", "image_number": {"type": "int", "data": 7}, "Hcamera2end": {"type": "ndarray", "data": [[0.9999936866539938, 0.003553064676448197, -4.8821707270760295e-05, -0.01520699655938025], [4.916930357833191e-05, -9.774271188334183e-05, 0.9999999940143709, 0.02231854257091702], [0.0035530598832148024, -0.9999936830689318, -9.791679651560692e-05, 0.034487574544617525], [0.0, 0.0, 0.0, 1.0]]}, "Hobj2base": {"type": "ndarray", "data": [[0.9999953458892702, 0.003049707735041903, -8.650161652144347e-05, -0.7347695971951147], [0.0030496565154924807, -0.9999951779709826, -0.0005861995576227461, 0.08818057322315818], [-8.828893673329874e-05, 0.0005859330291666698, -0.9999998244437596, -0.0021308772088783584], [0.0, 0.0, 0.0, 1.0]]}, "mean_rme": {"type": "float", "data": 0.0014869194572327063}, "max_rme": {"type": "float", "data": 0.0047093711936987415}, "simu": {"type": "float", "data": 0.002}}, {"type": "dict", "image_number": {"type": "int", "data": 8}, "Hcamera2end": {"type": "ndarray", "data": [[0.9999955584884702, 0.0029779802337163734, -0.00012098371879801706, -0.014413946887410805], [0.00012069567493288051, 9.690409756424323e-05, 0.9999999880210751, 0.022023738850946363], [0.0029779919218614614, -0.9999955611118102, 9.654423782934352e-05, 0.03435146884676708], [0.0, 0.0, 0.0, 1.0]]}, "Hobj2base": {"type": "ndarray", "data": [[0.9999966600791304, 0.002570360947785185, -0.0002703242169896892, -0.7344609709055316], [0.002570206120986083, -0.9999965336846206, -0.0005715411079434715, 0.08897936397608146], [-0.0002717923469046104, 0.0005708444100842396, -0.9999998001327695, -0.0018583557637605191], [0.0, 0.0, 0.0, 1.0]]}, "mean_rme": {"type": "float", "data": 0.001398126036358979}, "max_rme": {"type": "float", "data": 0.004694977723894156}, "simu": {"type": "float", "data": 0.002}}, {"type": "dict", "image_number": {"type": "int", "data": 9}, "Hcamera2end": {"type": "ndarray", "data": [[0.9999958756346344, 0.002863976294863676, -0.00021529863724276187, -0.01434405103676371], [0.00021529061797594356, 3.108340460244996e-06, 0.9999999768201441, 0.02228262480721423], [0.002863976897698582, -0.9999958988066507, 2.4917404140012422e-06, 0.03436065363449857], [0.0, 0.0, 0.0, 1.0]]}, "Hobj2base": {"type": "ndarray", "data": [[0.9999965811654244, 0.002591853957130961, -0.00034633874696709947, -0.7346305984520475], [0.0025916258999191507, -0.9999964257000182, -0.0006573145236729826, 0.08885722245241272], [-0.0003480411722977839, 0.0006564146959565766, -0.9999997239935066, -0.0018281460915560894], [0.0, 0.0, 0.0, 1.0]]}, "mean_rme": {"type": "float", "data": 0.001431823369270254}, "max_rme": {"type": "float", "data": 0.004908606100265556}, "simu": {"type": "float", "data": 0.002}}, {"type": "dict", "image_number": {"type": "int", "data": 10}, "Hcamera2end": {"type": "ndarray", "data": [[0.9999964970191101, 0.0026455164383933066, -8.48073300543609e-05, -0.013916320787226467], [8.445758696058888e-05, 0.00013231363720878075, 0.9999999876800086, 0.022184475168817004], [0.002645527626966869, -0.9999964918617842, 0.00013208973978195981, 0.0343915928537359], [0.0, 0.0, 0.0, 1.0]]}, "Hobj2base": {"type": "ndarray", "data": [[0.9999970167028871, 0.002407423708656129, -0.00041339619348800715, -0.7345578809064652], [0.002407222329117331, -0.9999969840790197, -0.00048694303847583633, 0.0893961968349621], [-0.0004145672249333459, 0.00048594644923233906, -0.9999997959950113, -0.0015366525055409475], [0.0, 0.0, 0.0, 1.0]]}, "mean_rme": {"type": "float", "data": 0.0014189857649122032}, "max_rme": {"type": "float", "data": 0.005055615705443217}, "simu": {"type": "float", "data": 0.002}}, {"type": "dict", "image_number": {"type": "int", "data": 11}, "Hcamera2end": {"type": "ndarray", "data": [[0.9999979099602808, 0.0020327675223951614, -0.0002189321127374084, -0.014162011378353982], [0.00021856758374481293, 0.00017954687156840343, 0.999999959995565, 0.022248493825725472], [0.002032806749651374, -0.9999979178073922, 0.00017910219922268045, 0.034890881078679374], [0.0, 0.0, 0.0, 1.0]]}, "Hobj2base": {"type": "ndarray", "data": [[0.9999982402698796, 0.0018341396224243523, -0.0003941941015035552, -0.7350447510135915], [0.0018338921956374036, -0.999998121774998, -0.0006271251001577909, 0.08932016139320077], [-0.00039534359611275425, 0.0006264010871005493, -0.9999997256625219, -0.0011909900728074901], [0.0, 0.0, 0.0, 1.0]]}, "mean_rme": {"type": "float", "data": 0.0015525282134740324}, "max_rme": {"type": "float", "data": 0.005181433868767238}, "simu": {"type": "float", "data": 0.002}}, {"type": "dict", "image_number": {"type": "int", "data": 12}, "Hcamera2end": {"type": "ndarray", "data": [[0.999997566289467, 0.0022044482965860885, -8.844688034888174e-05, -0.014005625426819534], [8.83476284579284e-05, 4.512079890939269e-05, 0.9999999950794048, 0.022299425958081494], [0.0022044522765327936, -0.999997569182956, 4.492593131943945e-05, 0.03421473218903865], [0.0, 0.0, 0.0, 1.0]]}, "Hobj2base": {"type": "ndarray", "data": [[0.9999978949999179, 0.0020210987300649077, -0.00035377345371213453, -0.7345636177193248], [0.0020209426395155798, -0.9999978606442939, -0.00044101891482290596, 0.08989799984743158], [-0.00035466403963356084, 0.0004403030306207185, -0.9999998401733174, -0.0011616624051246545], [0.0, 0.0, 0.0, 1.0]]}, "mean_rme": {"type": "float", "data": 0.0014971768481549354}, "max_rme": {"type": "float", "data": 0.005583126468936439}, "simu": {"type": "float", "data": 0.002}}, {"type": "dict", "image_number": {"type": "int", "data": 13}, "Hcamera2end": {"type": "ndarray", "data": [[0.9999965206385535, 0.0026349435924001756, -0.00012563061689278994, -0.01425060481012307], [0.00012552476645223774, 4.033714229711993e-05, 0.9999999913082241, 0.022316769809353033], [0.0026349486370779067, -0.9999965277165618, 4.000625127054125e-05, 0.03437682165668876], [0.0, 0.0, 0.0, 1.0]]}, "Hobj2base": {"type": "ndarray", "data": [[0.9999969560386421, 0.002443510011672602, -0.00034230435716175957, -0.7345985977260518], [0.002443347727475525, -0.9999969028196432, -0.0004737119424284619, 0.08949259842556413], [-0.00034346081685740124, 0.00047287413189443827, -0.9999998292123471, -0.0010978938825467444], [0.0, 0.0, 0.0, 1.0]]}, "mean_rme": {"type": "float", "data": 0.0014779120295512174}, "max_rme": {"type": "float", "data": 0.005621628765130948}, "simu": {"type": "float", "data": 0.002}}, {"type": "dict", "image_number": {"type": "int", "data": 14}, "Hcamera2end": {"type": "ndarray", "data": [[0.9999947222301317, 0.003247534366061947, -9.503905962045885e-05, -0.01374305760235957], [9.487891990296008e-05, 4.946519557691431e-05, 0.9999999942755926, 0.022439646586482193], [0.003247539048597408, -0.999994725522958, 4.9156811958050994e-05, 0.03464219023304461], [0.0, 0.0, 0.0, 1.0]]}, "Hobj2base": {"type": "ndarray", "data": [[0.999995276189449, 0.0030498761820463827, -0.0003819084470902625, -0.7351789276309428], [0.0030497111280280574, -0.9999952562985757, -0.00043202127420397836, 0.08965644806414208], [-0.00038322424682495017, 0.0004308545229763459, -0.9999998337517644, -0.0012027511793494816], [0.0, 0.0, 0.0, 1.0]]}, "mean_rme": {"type": "float", "data": 0.0015276549100687769}, "max_rme": {"type": "float", "data": 0.005517426787318258}, "simu": {"type": "float", "data": 0.002}}, {"type": "dict", "image_number": {"type": "int", "data": 15}, "Hcamera2end": {"type": "ndarray", "data": [[0.9999961489623886, 0.002774431486672624, -6.775188611637668e-05, -0.01392497968895351], [6.747851793091598e-05, 9.862473278965389e-05, 0.9999999928599058, 0.022527213607410078], [0.002774438148874586, -0.9999961463941188, 9.843713845725244e-05, 0.03453985066551407], [0.0, 0.0, 0.0, 1.0]]}, "Hobj2base": {"type": "ndarray", "data": [[0.9999965289635029, 0.002607689023768938, -0.00037685395238621624, -0.7352683211152036], [0.002607528364456096, -0.9999965095764682, -0.00042618154543119113, 0.08957138034433407], [-0.0003779639859444665, 0.00042519740876938806, -0.9999998381751816, -0.001231268950466017], [0.0, 0.0, 0.0, 1.0]]}, "mean_rme": {"type": "float", "data": 0.0015238891513177943}, "max_rme": {"type": "float", "data": 0.005589301677066616}, "simu": {"type": "float", "data": 0.002}}, {"type": "dict", "image_number": {"type": "int", "data": 16}, "Hcamera2end": {"type": "ndarray", "data": [[0.9999967225355182, 0.002559643686474353, -5.605729298938469e-05, -0.013815718894854674], [5.590267439708118e-05, 6.0477800891578504e-05, 0.9999999966086633, 0.022549870259554478], [0.0025596470680155437, -0.9999967222779452, 6.033451175013749e-05, 0.034462688428209175], [0.0, 0.0, 0.0, 1.0]]}, "Hobj2base": {"type": "ndarray", "data": [[0.9999970390605741, 0.002406790748428818, -0.000359483487437528, -0.7351121254876], [0.002406627495426814, -0.9999970010656571, -0.000453876404643485, 0.08963612486842219], [-0.00036057479490177787, 0.0004530099178979249, -0.9999998323839019, -0.0010622702728003593], [0.0, 0.0, 0.0, 1.0]]}, "mean_rme": {"type": "float", "data": 0.0015226598053460472}, "max_rme": {"type": "float", "data": 0.005807700242533409}, "simu": {"type": "float", "data": 0.002}}, {"type": "dict", "image_number": {"type": "int", "data": 17}, "Hcamera2end": {"type": "ndarray", "data": [[0.9999966758556128, 0.0025713618177142404, -0.00019072526520144402, -0.013741590320285336], [0.00019058984154567723, 5.2911057482174506e-05, 0.999999980437966, 0.022604927057201667], [0.0025713718588886427, -0.9999966926439419, 5.242080615674993e-05, 0.03432039543906663], [0.0, 0.0, 0.0, 1.0]]}, "Hobj2base": {"type": "ndarray", "data": [[0.9999969600539703, 0.002454884774231477, -0.00023113537878420004, -0.7350483223589285], [0.0024547671357169486, -0.9999968580858067, -0.0005078748110289968, 0.08975803234384679], [-0.00023238142671748373, 0.0005073058835852405, -0.9999998443197942, -0.001182242296420372], [0.0, 0.0, 0.0, 1.0]]}, "mean_rme": {"type": "float", "data": 0.0014962310247068132}, "max_rme": {"type": "float", "data": 0.005834944941353282}, "simu": {"type": "float", "data": 0.002}}, {"type": "dict", "image_number": {"type": "int", "data": 18}, "Hcamera2end": {"type": "ndarray", "data": [[0.9999943656149148, 0.0033507061783153045, -0.00020373151629711548, -0.013805411613574079], [0.00020445222135745313, -0.00021474937381316117, 0.9999999560409968, 0.02243074326370724], [0.0033506622798060506, -0.9999943633095204, -0.00021543322315387137, 0.034577342876314615], [0.0, 0.0, 0.0, 1.0]]}, "Hobj2base": {"type": "ndarray", "data": [[0.9999945053002025, 0.0032836241847293023, -0.0004551720736952862, -0.7349838344232312], [0.003283445465249161, -0.9999945323185853, -0.00039283432943260375, 0.08963250182095077], [-0.00045645950526411526, 0.0003913376382446105, -0.9999998192497701, -0.0010169080544218082], [0.0, 0.0, 0.0, 1.0]]}, "mean_rme": {"type": "float", "data": 0.0015124856280064993}, "max_rme": {"type": "float", "data": 0.00566788947660668}, "simu": {"type": "float", "data": 0.002}}, {"type": "dict", "image_number": {"type": "int", "data": 19}, "Hcamera2end": {"type": "ndarray", "data": [[0.9999955416910821, 0.0029818152559759744, -0.00015929764149691795, -0.014224380581118898], [0.00015973772981309393, -0.0001473531657911753, 0.9999999763854509, 0.022530483741600764], [0.002981791712549974, -0.9999955435224818, -0.0001478288172449549, 0.03443092309845428], [0.0, 0.0, 0.0, 1.0]]}, "Hobj2base": {"type": "ndarray", "data": [[0.9999956584405112, 0.0029077273830470612, -0.00047772543832260203, -0.7350346500628202], [0.002907561966520256, -0.9999957129705597, -0.000346588969042829, 0.08928335592283357], [-0.0004787311765355313, 0.0003451984479912957, -0.9999998258272313, -0.0008956070423845199], [0.0, 0.0, 0.0, 1.0]]}, "mean_rme": {"type": "float", "data": 0.0016156978952628755}, "max_rme": {"type": "float", "data": 0.005921018224875563}, "simu": {"type": "float", "data": 0.002}}, {"type": "dict", "image_number": {"type": "int", "data": 20}, "Hcamera2end": {"type": "ndarray", "data": [[0.9999907314792054, 0.004300892542651456, -0.0001981893546283901, -0.014129327968968729], [0.00019863495613594304, -0.0001031798436639253, 0.9999999749490368, 0.021678630721341664], [0.004300871985763328, -0.999990745795808, -0.00010403319494090013, 0.03443592210572381], [0.0, 0.0, 0.0, 1.0]]}, "Hobj2base": {"type": "ndarray", "data": [[0.9999909396661645, 0.0042368631991356355, -0.00041179583919003133, -0.7352107053367929], [0.004236752650937524, -0.9999909887540814, -0.00026895651863599336, 0.08906440974682402], [-0.0004129316603724327, 0.00026720940468681387, -0.9999998790432814, -1.7837147710769718e-05], [0.0, 0.0, 0.0, 1.0]]}, "mean_rme": {"type": "float", "data": 0.0015663210527145717}, "max_rme": {"type": "float", "data": 0.006160229514049265}, "simu": {"type": "float", "data": 0.002}}, {"type": "dict", "image_number": {"type": "int", "data": 21}, "Hcamera2end": {"type": "ndarray", "data": [[0.9999916989866906, 0.004071287869113551, -0.0001630116520502439, -0.014205984700613801], [0.0001630359593363783, -5.638533132401591e-06, 0.9999999866937413, 0.021664767139354193], [0.004071286895793341, -0.9999917122573035, -6.3022526501921305e-06, 0.03434190726249963], [0.0, 0.0, 0.0, 1.0]]}, "Hobj2base": {"type": "ndarray", "data": [[0.9999920151495695, 0.003977867302861419, -0.00038237262472166797, -0.7352108580364745], [0.003977745210701998, -0.9999920376890081, -0.000319533448603196, 0.08920070547340599], [-0.00038364064180928425, 0.00031800991629971114, -0.9999998758447681, 5.556956873372284e-05], [0.0, 0.0, 0.0, 1.0]]}, "mean_rme": {"type": "float", "data": 0.0015684068392908131}, "max_rme": {"type": "float", "data": 0.006283363186098789}, "simu": {"type": "float", "data": 0.002}}, {"type": "dict", "image_number": {"type": "int", "data": 22}, "Hcamera2end": {"type": "ndarray", "data": [[0.9999916046349885, 0.004094917944482614, -0.0001493538379939252, -0.014107770500915245], [0.00014943449150717084, -1.939004709816672e-05, 0.9999999886466794, 0.021688612194379692], [0.004094915002013744, -0.999991615600378, -2.000180629257997e-05, 0.03431196200305222], [0.0, 0.0, 0.0, 1.0]]}, "Hobj2base": {"type": "ndarray", "data": [[0.9999919051367853, 0.004008750822978683, -0.0003458001472316591, -0.7350926949748214], [0.004008640607675889, -0.9999919145406706, -0.0003188318724873747, 0.08920698119781238], [-0.0003470754688098581, 0.00031744310307464527, -0.9999998893842417, 1.4473611976585264e-05], [0.0, 0.0, 0.0, 1.0]]}, "mean_rme": {"type": "float", "data": 0.0015553872268112671}, "max_rme": {"type": "float", "data": 0.006290330550018042}, "simu": {"type": "float", "data": 0.002}}, {"type": "dict", "image_number": {"type": "int", "data": 23}, "Hcamera2end": {"type": "ndarray", "data": [[0.9999913108773293, 0.0041592967452003735, -0.00028003647234623157, -0.014261968788067457], [0.000279798991977087, 5.767805572054474e-05, 0.9999999591928821, 0.022093682300191], [0.0041593127274307164, -0.9999913484244887, 5.6513787512257885e-05, 0.03434743744652254], [0.0, 0.0, 0.0, 1.0]]}, "Hobj2base": {"type": "ndarray", "data": [[0.9999913930359853, 0.004132155145522846, -0.0003730252041951087, -0.7351007719976578], [0.0041320073657829855, -0.9999913847844355, -0.00039607074690692557, 0.08903781027810254], [-0.000374658616277386, 0.00039452599504890277, -0.9999998519900695, -0.0005287814094483712], [0.0, 0.0, 0.0, 1.0]]}, "mean_rme": {"type": "float", "data": 0.001576690300784737}, "max_rme": {"type": "float", "data": 0.006084531678866911}, "simu": {"type": "float", "data": 0.002}}, {"type": "dict", "image_number": {"type": "int", "data": 24}, "Hcamera2end": {"type": "ndarray", "data": [[0.999991462923073, 0.004125803009327246, -0.00022766312974239577, -0.014313970511584412], [0.00022721070806959345, 0.00011012501810025999, 0.9999999681238868, 0.022057897395211704], [0.004125827949218966, -0.9999914827747328, 0.00010918665133141658, 0.03434763592923736], [0.0, 0.0, 0.0, 1.0]]}, "Hobj2base": {"type": "ndarray", "data": [[0.9999915509590295, 0.004096451140367073, -0.0003421967407828116, -0.7351277912875175], [0.004096338735396606, -0.999991556000186, -0.0003285381133268627, 0.08906393872223149], [-0.00034353969160258793, 0.00032713358373048773, -0.999999887482043, -0.0005402468602652121], [0.0, 0.0, 0.0, 1.0]]}, "mean_rme": {"type": "float", "data": 0.001544993137442359}, "max_rme": {"type": "float", "data": 0.006047358998568231}, "simu": {"type": "float", "data": 0.002}}, {"type": "dict", "image_number": {"type": "int", "data": 25}, "Hcamera2end": {"type": "ndarray", "data": [[0.9999935156729559, 0.0035956879639263677, -0.00019909823618900432, -0.014375845776671177], [0.00019861257173900545, 0.0001354251456515687, 0.9999999711065376, 0.02212271062979583], [0.0035957148229421284, -0.9999935263230936, 0.0001347101186769395, 0.03424450337426854], [0.0, 0.0, 0.0, 1.0]]}, "Hobj2base": {"type": "ndarray", "data": [[0.999993554872008, 0.003577088657752648, -0.0003076543171133692, -0.7350759273846984], [0.003576991856315891, -0.9999935530508763, -0.00031462031613674194, 0.08905246900872676], [-0.00030877775844599046, 0.00031351781138166067, -0.999999903181434, -0.0006057573758023471], [0.0, 0.0, 0.0, 1.0]]}, "mean_rme": {"type": "float", "data": 0.0015325484849470316}, "max_rme": {"type": "float", "data": 0.00606273361268872}, "simu": {"type": "float", "data": 0.002}}, {"type": "dict", "image_number": {"type": "int", "data": 26}, "Hcamera2end": {"type": "ndarray", "data": [[0.9999921425603365, 0.003959596195032201, -0.0001908286137278076, -0.014319120890881734], [0.00019017239449170705, 0.00016610467041500154, 0.999999968121849, 0.02197763037111615], [0.0039596277663315835, -0.9999921469727704, 0.00016535035936793285, 0.03414633440750273], [0.0, 0.0, 0.0, 1.0]]}, "Hobj2base": {"type": "ndarray", "data": [[0.9999921254774948, 0.0039505292973575365, -0.0003772284094074681, -0.7352668667396387], [0.003950415261488778, -0.999992151305326, -0.00030256736114592697, 0.08903339064851166], [-0.00037842074988149145, 0.0003010747697068419, -0.999999883075853, -0.0004562274302978393], [0.0, 0.0, 0.0, 1.0]]}, "mean_rme": {"type": "float", "data": 0.0015408721095485714}, "max_rme": {"type": "float", "data": 0.0061434672965061665}, "simu": {"type": "float", "data": 0.002}}, {"type": "dict", "image_number": {"type": "int", "data": 27}, "Hcamera2end": {"type": "ndarray", "data": [[0.9999913123202117, 0.004160368527663676, -0.00025810427155472217, -0.014359247167607305], [0.00025753642659465505, 0.00013702424866079976, 0.999999957449671, 0.022182460286931504], [0.004160403717182513, -0.999991336241504, 0.00013595161179402737, 0.03445044717378635], [0.0, 0.0, 0.0, 1.0]]}, "Hobj2base": {"type": "ndarray", "data": [[0.9999913464739418, 0.004145244327017165, -0.00035203224595609317, -0.735519573132541], [0.004145120887333104, -0.9999913474686482, -0.00035065747695799186, 0.08877211185661103], [-0.0003534827609031345, 0.0003491952263186501, -0.9999998765563081, -0.0005868025022945675], [0.0, 0.0, 0.0, 1.0]]}, "mean_rme": {"type": "float", "data": 0.00156368184520578}, "max_rme": {"type": "float", "data": 0.006060020825978563}, "simu": {"type": "float", "data": 0.002}}, {"type": "dict", "image_number": {"type": "int", "data": 28}, "Hcamera2end": {"type": "ndarray", "data": [[0.9999916067283265, 0.004091755856150548, -0.00020977824858699418, -0.01447362381103497], [0.00020913558695919376, 0.00015748978997698337, 0.9999999657296353, 0.022027887552984175], [0.004091788753856896, -0.9999916163303467, 0.00015663273635979635, 0.034530016936823574], [0.0, 0.0, 0.0, 1.0]]}, "Hobj2base": {"type": "ndarray", "data": [[0.9999916087739581, 0.0040821769679886075, -0.00034382098996013833, -0.7356533417210678], [0.004082069971014521, -0.9999916198545125, -0.00031132860459298184, 0.08883060702189378], [-0.00034508900714936625, 0.00030992249082576666, -0.9999998924308076, -0.0004962114040254682], [0.0, 0.0, 0.0, 1.0]]}, "mean_rme": {"type": "float", "data": 0.0015942968616661783}, "max_rme": {"type": "float", "data": 0.0059750149136961195}, "simu": {"type": "float", "data": 0.002}}, {"type": "dict", "image_number": {"type": "int", "data": 29}, "Hcamera2end": {"type": "ndarray", "data": [[0.9999920863419905, 0.003973975054047505, -0.00018648233904300935, -0.014395840737806285], [0.0001859175841779344, 0.000142482282785239, 0.9999999725667253, 0.022066479399904568], [0.0039740015154577195, -0.9999920935792789, 0.00014174232338759474, 0.03453575670656253], [0.0, 0.0, 0.0, 1.0]]}, "Hobj2base": {"type": "ndarray", "data": [[0.9999920690041667, 0.003969249967332462, -0.0003270832658843082, -0.7355648784226677], [0.003969145744995198, -0.9999920721320745, -0.00031867703731490037, 0.08888087935926227], [-0.0003283455816313276, 0.00031737626873560144, -0.9999998957307359, -0.00048277554896888225], [0.0, 0.0, 0.0, 1.0]]}, "mean_rme": {"type": "float", "data": 0.0015971585553016246}, "max_rme": {"type": "float", "data": 0.006017691314818996}, "simu": {"type": "float", "data": 0.002}}, {"type": "dict", "image_number": {"type": "int", "data": 30}, "Hcamera2end": {"type": "ndarray", "data": [[0.9999928368887625, 0.0037817408088147994, -0.0001568681603661029, -0.01459690200327773], [0.00015623139883186462, 0.0001686727154102119, 0.9999999735706323, 0.022095790282371783], [0.0037817671682443513, -0.9999928349673163, 0.00016808068053220104, 0.03452286965060252], [0.0, 0.0, 0.0, 1.0]]}, "Hobj2base": {"type": "ndarray", "data": [[0.9999928183620403, 0.003776045975316556, -0.00032357554874843937, -0.7356031401345409], [0.0037759486403823347, -0.9999928258112056, -0.0003008953054827443, 0.08872983113717815], [-0.0003247094218636232, 0.0002996713399082389, -0.9999999023804349, -0.00039573862149326714], [0.0, 0.0, 0.0, 1.0]]}, "mean_rme": {"type": "float", "data": 0.0016188894779435366}, "max_rme": {"type": "float", "data": 0.006127631678340517}, "simu": {"type": "float", "data": 0.002}}]}