{"type": "list", "data": [{"type": "dict", "image_number": {"type": "int", "data": 5}, "Hcamera2end": {"type": "ndarray", "data": [[0.9999865124724233, 0.0035967276458205694, -0.003746788422342735, -0.008364301361384502], [0.00375009315242497, -0.0009125118366899443, 0.999992552034012, 0.020929320117487663], [0.0035932818687304346, -0.9999931154124961, -0.0009259875928770978, 0.02934749304908563], [0.0, 0.0, 0.0, 1.0]]}, "Hobj2base": {"type": "ndarray", "data": [[0.9999858103119021, 0.00480150456871632, 0.002307537372417421, -0.7289803217567958], [0.004803270457478704, -0.9999881751694477, -0.0007603382080116939, 0.0974313538774849], [0.002303859318799461, 0.0007714111451401338, -0.9999970485741867, 0.004092812000208945], [0.0, 0.0, 0.0, 1.0]]}, "mean_rme": {"type": "float", "data": 0.0012393282537045559}, "max_rme": {"type": "float", "data": 0.003081057238385587}, "simu": {"type": "float", "data": 0.002}}, {"type": "dict", "image_number": {"type": "int", "data": 6}, "Hcamera2end": {"type": "ndarray", "data": [[0.9999866905199305, 0.0033002741458036115, -0.003965724846640373, -0.011243601176941558], [0.0039618278268439, 0.0011865180457231173, 0.9999914480110307, 0.02126930719955633], [0.0033049513259904317, -0.9999938501638347, 0.0011734271358377901, 0.03115327327193175], [0.0, 0.0, 0.0, 1.0]]}, "Hobj2base": {"type": "ndarray", "data": [[0.9999932716867012, 0.0036321380331868825, 0.0005139597603728887, -0.732322951589166], [0.0036325509235911406, -0.9999930784825775, -0.0008047115788762193, 0.09563616917085044], [0.0005110333794600706, 0.0008065731495268325, -0.9999995441422158, 0.005684520368072756], [0.0, 0.0, 0.0, 1.0]]}, "mean_rme": {"type": "float", "data": 0.001557790224289832}, "max_rme": {"type": "float", "data": 0.003298380949885389}, "simu": {"type": "float", "data": 0.002}}, {"type": "dict", "image_number": {"type": "int", "data": 7}, "Hcamera2end": {"type": "ndarray", "data": [[0.9999908509522965, 0.0032629539074305485, -0.0027660700461109924, -0.011765761265144318], [0.002760254038363367, 0.00178559508404319, 0.9999945963093199, 0.021019226476206916], [0.003267875356513384, -0.9999930823670701, 0.0017765721658487, 0.03036831644490876], [0.0, 0.0, 0.0, 1.0]]}, "Hobj2base": {"type": "ndarray", "data": [[0.9999949788557285, 0.003162712768914768, -0.00019877442592100596, -0.7318382222780296], [0.0031627444328038933, -0.9999949858415402, 0.00015918363679392005, 0.09583602177080001], [-0.00019826997711384626, -0.00015981151021887948, -0.999999967574648, 0.005610859625507185], [0.0, 0.0, 0.0, 1.0]]}, "mean_rme": {"type": "float", "data": 0.00159429824571348}, "max_rme": {"type": "float", "data": 0.0035936461299569955}, "simu": {"type": "float", "data": 0.002}}, {"type": "dict", "image_number": {"type": "int", "data": 8}, "Hcamera2end": {"type": "ndarray", "data": [[0.999991274655636, 0.0030678813869609526, -0.002835263019897301, -0.011467788521843613], [0.0028301263608608877, 0.001677382149619766, 0.9999945883723098, 0.02093997794856215], [0.0030726206043081416, -0.9999938872277767, 0.0016686850218976534, 0.030220763539581422], [0.0, 0.0, 0.0, 1.0]]}, "Hobj2base": {"type": "ndarray", "data": [[0.9999955599931697, 0.0029662717393483637, -0.00028500160573811457, -0.7319923685767274], [0.0029663346466411032, -0.9999955760967878, 0.0002205575142641394, 0.09557432002385577], [-0.0002843461113971329, -0.00022140194512471894, -0.9999999350642315, 0.005761502233106237], [0.0, 0.0, 0.0, 1.0]]}, "mean_rme": {"type": "float", "data": 0.0017885420097324665}, "max_rme": {"type": "float", "data": 0.0041939199958474505}, "simu": {"type": "float", "data": 0.002}}, {"type": "dict", "image_number": {"type": "int", "data": 9}, "Hcamera2end": {"type": "ndarray", "data": [[0.9999906159631615, 0.002868863494238864, -0.0032461681823585764, -0.012081012636031313], [0.0032402889335544807, 0.0020516077110120934, 0.9999926456896705, 0.02108156647901123], [0.0028755022594006033, -0.9999937802446829, 0.002042292512017485, 0.03074312479404591], [0.0, 0.0, 0.0, 1.0]]}, "Hobj2base": {"type": "ndarray", "data": [[0.9999961942506868, 0.002680921013248717, -0.0006512654324942342, -0.7328633778405129], [0.0026808459244276653, -0.9999963997815522, -0.0001161424259990255, 0.09511183601644654], [-0.0006515744564668003, 0.00011439604170964471, -0.9999997811821124, 0.006155547053072807], [0.0, 0.0, 0.0, 1.0]]}, "mean_rme": {"type": "float", "data": 0.0017459200804586738}, "max_rme": {"type": "float", "data": 0.00413894623503494}, "simu": {"type": "float", "data": 0.002}}, {"type": "dict", "image_number": {"type": "int", "data": 10}, "Hcamera2end": {"type": "ndarray", "data": [[0.9999938512972691, 0.0021230607418735704, -0.002791053697334435, -0.014560765942743342], [0.0027856896959457676, 0.002525316690765944, 0.9999929313292817, 0.020738493068025717], [0.0021300940291429735, -0.9999945576795395, 0.0025193869749118303, 0.03185228553642937], [0.0, 0.0, 0.0, 1.0]]}, "Hobj2base": {"type": "ndarray", "data": [[0.9999979946585082, 0.001817459700391899, -0.0008411416049611695, -0.7337257919365039], [0.001817682116892204, -0.999998313236812, 0.0002637332997766962, 0.0932156551873964], [-0.0008406608615104785, -0.00026526169895447934, -0.9999996114626983, 0.007593441936794093], [0.0, 0.0, 0.0, 1.0]]}, "mean_rme": {"type": "float", "data": 0.001756273972510431}, "max_rme": {"type": "float", "data": 0.0038244332376750345}, "simu": {"type": "float", "data": 0.002}}, {"type": "dict", "image_number": {"type": "int", "data": 11}, "Hcamera2end": {"type": "ndarray", "data": [[0.9999943287165272, 0.001719104393570425, -0.0028960688642254047, -0.013708488107175296], [0.0028919629707565707, 0.002386091099171872, 0.9999929715350216, 0.020737949657203304], [0.001726002595044918, -0.9999956756153253, 0.00238110598072383, 0.03235933036467825], [0.0, 0.0, 0.0, 1.0]]}, "Hobj2base": {"type": "ndarray", "data": [[0.9999986857866839, 0.0015216123214871796, -0.0005595720221389271, -0.7339388579912133], [0.001521673348929224, -0.9999988363518739, 0.000108651357801809, 0.09410763145172263], [-0.0005594060457492145, -0.00010950270084364302, -0.9999998375370043, 0.007236997621290219], [0.0, 0.0, 0.0, 1.0]]}, "mean_rme": {"type": "float", "data": 0.0016907298210747088}, "max_rme": {"type": "float", "data": 0.003964309601436428}, "simu": {"type": "float", "data": 0.002}}, {"type": "dict", "image_number": {"type": "int", "data": 12}, "Hcamera2end": {"type": "ndarray", "data": [[0.9999936888687873, 0.0015236662619174093, -0.0032094647088456657, -0.014675631728391248], [0.0032057452715796037, 0.0024373084488150676, 0.9999918913295143, 0.020845421844408983], [0.0015314763624608041, -0.9999958689757911, 0.002432408580727019, 0.032507742014336496], [0.0, 0.0, 0.0, 1.0]]}, "Hobj2base": {"type": "ndarray", "data": [[0.9999989402257906, 0.0013292779774118075, -0.0005937738242844997, -0.7343555564572634], [0.0013291723513541242, -0.9999991007637463, -0.0001782485872300115, 0.0932481495682289], [-0.0005940102322630602, 0.00017745917057655913, -0.9999998078300247, 0.007772387314106714], [0.0, 0.0, 0.0, 1.0]]}, "mean_rme": {"type": "float", "data": 0.0017147805241198388}, "max_rme": {"type": "float", "data": 0.0041160812031587335}, "simu": {"type": "float", "data": 0.002}}, {"type": "dict", "image_number": {"type": "int", "data": 13}, "Hcamera2end": {"type": "ndarray", "data": [[0.9999945498561941, 0.001504200797416956, -0.002938985857212041, -0.014631293184068589], [0.002935133939515603, 0.0025566067158667716, 0.9999924243467335, 0.020972728160013922], [0.0015117032330936577, -0.9999956005613533, 0.002552177751180107, 0.03264448032212032], [0.0, 0.0, 0.0, 1.0]]}, "Hobj2base": {"type": "ndarray", "data": [[0.9999989312516373, 0.001234992843863688, -0.0007824885038958083, -0.7345849094348815], [0.0012349813304358883, -0.9999992372947935, -1.5196870680159484e-05, 0.09338736703427851], [-0.0007825066751142914, 1.4230495744936793e-05, -0.9999996937403512, 0.007926698234164108], [0.0, 0.0, 0.0, 1.0]]}, "mean_rme": {"type": "float", "data": 0.001677813625517199}, "max_rme": {"type": "float", "data": 0.0043006412447724185}, "simu": {"type": "float", "data": 0.002}}, {"type": "dict", "image_number": {"type": "int", "data": 14}, "Hcamera2end": {"type": "ndarray", "data": [[0.999994971107958, 0.0014389883524185123, -0.0028261407105520677, -0.014529009348041178], [0.002822392372663583, 0.002600243975840466, 0.999992636389169, 0.020728478763590005], [0.0014463264116257855, -0.9999955840121434, 0.002596169509744062, 0.0329092082835167], [0.0, 0.0, 0.0, 1.0]]}, "Hobj2base": {"type": "ndarray", "data": [[0.9999990034487427, 0.0011159568238068868, -0.0008647206999187637, -0.734486816162967], [0.0011159940411289279, -0.9999993763728476, 4.255838648959663e-05, 0.0932431302344503], [-0.0008646726673336426, -4.352336722633324e-05, -0.9999996252233774, 0.008131013106534853], [0.0, 0.0, 0.0, 1.0]]}, "mean_rme": {"type": "float", "data": 0.0018444944512124928}, "max_rme": {"type": "float", "data": 0.0050691430015409045}, "simu": {"type": "float", "data": 0.002}}, {"type": "dict", "image_number": {"type": "int", "data": 15}, "Hcamera2end": {"type": "ndarray", "data": [[0.999996502873657, 0.0010314037913275536, -0.002435250844407653, -0.014045302641896552], [0.002432592361948937, 0.0025709966145643914, 0.9999937362157869, 0.02445655713590816], [0.0010376583525133552, -0.9999961630839527, 0.002568478638479532, 0.03285758280341472], [0.0, 0.0, 0.0, 1.0]]}, "Hobj2base": {"type": "ndarray", "data": [[0.9999994726258257, 0.00076754748340931, -0.0006823627563033373, -0.7345089814091779], [0.0007677177820662088, -0.9999996742181514, 0.000249345137660935, 0.09171868278886965], [-0.0006821711497690253, -0.00024986886818458264, -0.9999997361040005, 0.0045623343287662784], [0.0, 0.0, 0.0, 1.0]]}, "mean_rme": {"type": "float", "data": 0.0018912881928685303}, "max_rme": {"type": "float", "data": 0.005094181317777141}, "simu": {"type": "float", "data": 0.002}}, {"type": "dict", "image_number": {"type": "int", "data": 16}, "Hcamera2end": {"type": "ndarray", "data": [[0.9999960577921851, 0.001551168530284198, -0.0023405717847178697, -0.014146398077192205], [0.002336762373302968, 0.002453112287945647, 0.9999942608743879, 0.024101063766003513], [0.0015569013133390672, -0.9999957880492765, 0.002449477905011044, 0.032844592739238135], [0.0, 0.0, 0.0, 1.0]]}, "Hobj2base": {"type": "ndarray", "data": [[0.9999987178910242, 0.0012660049947086586, -0.000980534375225062, -0.7345082563647377], [0.001266159906873884, -0.9999991860345327, 0.0001573828500967301, 0.09173708246139671], [-0.0009803343296296374, -0.00015862416162798696, -0.999999506891367, 0.00494104548387472], [0.0, 0.0, 0.0, 1.0]]}, "mean_rme": {"type": "float", "data": 0.0017979796969865476}, "max_rme": {"type": "float", "data": 0.0054320621674011915}, "simu": {"type": "float", "data": 0.002}}, {"type": "dict", "image_number": {"type": "int", "data": 17}, "Hcamera2end": {"type": "ndarray", "data": [[0.999996171964694, 0.0015930209219653729, -0.0022623749247655408, -0.01400547758187764], [0.0022583233059322787, 0.002540577658950105, 0.9999942227038134, 0.024206604023155845], [0.0015987594578017036, -0.9999955038646426, 0.0025369703772541996, 0.03295884951674122], [0.0, 0.0, 0.0, 1.0]]}, "Hobj2base": {"type": "ndarray", "data": [[0.9999985897498099, 0.0012758593366277906, -0.0010920995121437521, -0.7347027331030179], [0.001276100098742869, -0.9999991616301787, 0.00021978961987095436, 0.09191874993266047], [-0.0010918181759218732, -0.00022118293820788483, -0.9999993795053963, 0.004989059120352501], [0.0, 0.0, 0.0, 1.0]]}, "mean_rme": {"type": "float", "data": 0.0017566577850172233}, "max_rme": {"type": "float", "data": 0.005398310861373962}, "simu": {"type": "float", "data": 0.002}}, {"type": "dict", "image_number": {"type": "int", "data": 18}, "Hcamera2end": {"type": "ndarray", "data": [[0.9999961094514894, 0.001598199509708381, -0.0022862283814000734, -0.01408069139807052], [0.0022822572022003396, 0.002482206451196567, 0.9999943149604386, 0.024196448991318266], [0.0016038653147181616, -0.9999956421952353, 0.002478549291710319, 0.03292680880144545], [0.0, 0.0, 0.0, 1.0]]}, "Hobj2base": {"type": "ndarray", "data": [[0.9999986492480993, 0.001277205890249269, -0.0010345274721461153, -0.7346676741574698], [0.0012773936013670288, -0.9999991677870759, 0.0001808058154178986, 0.0918111795899827], [-0.0010342956849465396, -0.00018212706996745764, -0.9999994485309311, 0.0049861093017660885], [0.0, 0.0, 0.0, 1.0]]}, "mean_rme": {"type": "float", "data": 0.0016962830230072587}, "max_rme": {"type": "float", "data": 0.005371158980496921}, "simu": {"type": "float", "data": 0.002}}, {"type": "dict", "image_number": {"type": "int", "data": 19}, "Hcamera2end": {"type": "ndarray", "data": [[0.9999962631261171, 0.0016011867935001494, -0.002215837235432188, -0.014204310379745318], [0.002211548700242089, 0.0026751730640639515, 0.9999939762325689, 0.024306915818047954], [0.00160710489640987, -0.9999951398131541, 0.0026716219647076045, 0.03285225631283785], [0.0, 0.0, 0.0, 1.0]]}, "Hobj2base": {"type": "ndarray", "data": [[0.9999985378581537, 0.0011975627742591896, -0.0012207067446595393, -0.7346358854532958], [0.0011977808117639643, -0.9999992668360227, 0.00017790037628915005, 0.09177943561440284], [-0.001220492802813157, -0.00017936225528910948, -0.9999992391129602, 0.005071133416717233], [0.0, 0.0, 0.0, 1.0]]}, "mean_rme": {"type": "float", "data": 0.0016701342967670619}, "max_rme": {"type": "float", "data": 0.005373756872897956}, "simu": {"type": "float", "data": 0.002}}, {"type": "dict", "image_number": {"type": "int", "data": 20}, "Hcamera2end": {"type": "ndarray", "data": [[0.999995675231144, 0.0018361379382501983, -0.0022974151736416624, -0.014278536117960892], [0.0022926416273801116, 0.00259766551174212, 0.9999939979461165, 0.024809214250495024], [0.0018420948338140773, -0.9999949403528805, 0.002593444671168399, 0.03282320499490138], [0.0, 0.0, 0.0, 1.0]]}, "Hobj2base": {"type": "ndarray", "data": [[0.9999980175651542, 0.0014510798188475268, -0.00136353698920286, -0.7346861496104546], [0.001451186549845448, -0.9999989440414476, 7.728898894318733e-05, 0.09134773646859537], [-0.0013634233968722398, -7.92675822617504e-05, -0.9999990673962111, 0.004836556723790586], [0.0, 0.0, 0.0, 1.0]]}, "mean_rme": {"type": "float", "data": 0.001683937220451014}, "max_rme": {"type": "float", "data": 0.005121917538144061}, "simu": {"type": "float", "data": 0.002}}, {"type": "dict", "image_number": {"type": "int", "data": 21}, "Hcamera2end": {"type": "ndarray", "data": [[0.9999955828106502, 0.0018889825552205434, -0.0022947993581611415, -0.014427303382603993], [0.0022899393701371683, 0.002570961903190616, 0.9999940731487231, 0.024923382076642457], [0.0018948712012271725, -0.9999949109369501, 0.002566624891242375, 0.03280209812207081], [0.0, 0.0, 0.0, 1.0]]}, "Hobj2base": {"type": "ndarray", "data": [[0.9999979248294592, 0.0014918296318751619, -0.0013873648131692072, -0.734815820226834], [0.0014919637145059375, -0.9999988824503394, 9.561561895372933e-05, 0.09127914752138819], [-0.0013872206205065062, -9.76853184950444e-05, -0.9999990330377966, 0.004902284927255743], [0.0, 0.0, 0.0, 1.0]]}, "mean_rme": {"type": "float", "data": 0.0017068882794939635}, "max_rme": {"type": "float", "data": 0.005310564433872567}, "simu": {"type": "float", "data": 0.002}}, {"type": "dict", "image_number": {"type": "int", "data": 22}, "Hcamera2end": {"type": "ndarray", "data": [[0.9999955831327232, 0.0019074886229079539, -0.002279298619849438, -0.014397370524594437], [0.0022742715017587136, 0.002633496582258421, 0.9999939461741192, 0.024930228277126022], [0.0019134796004292812, -0.9999947130774764, 0.002629146803438509, 0.0327832596777562], [0.0, 0.0, 0.0, 1.0]]}, "Hobj2base": {"type": "ndarray", "data": [[0.9999979089123507, 0.001462581132441826, -0.0014293450796861076, -0.7348542118372617], [0.0014626649086836553, -0.9999989286480679, 5.7568057983600324e-05, 0.09128354958811413], [-0.0014292593503990568, -5.9658590494201804e-05, -0.9999989768287576, 0.00487426761864565], [0.0, 0.0, 0.0, 1.0]]}, "mean_rme": {"type": "float", "data": 0.0016507130461382747}, "max_rme": {"type": "float", "data": 0.005277555976816228}, "simu": {"type": "float", "data": 0.002}}, {"type": "dict", "image_number": {"type": "int", "data": 23}, "Hcamera2end": {"type": "ndarray", "data": [[0.9999951387323188, 0.0020449317252799666, -0.0023538831681435596, -0.014685186535118536], [0.002348596350030262, 0.002583893342685162, 0.9999939037766072, 0.024968234095303424], [0.0020510014419669706, -0.9999945708599787, 0.002579078062501905, 0.032992523849352064], [0.0, 0.0, 0.0, 1.0]]}, "Hobj2base": {"type": "ndarray", "data": [[0.9999977005551725, 0.001577930619895066, -0.001452246303639508, -0.7351596308657319], [0.001577889681948729, -0.999998754701038, -2.9334707986273456e-05, 0.09099840450761688], [-0.0014522907832926505, 2.7043156074569947e-05, -0.9999989450595179, 0.0048657229232506646], [0.0, 0.0, 0.0, 1.0]]}, "mean_rme": {"type": "float", "data": 0.001658607329703026}, "max_rme": {"type": "float", "data": 0.0053094808031425855}, "simu": {"type": "float", "data": 0.002}}, {"type": "dict", "image_number": {"type": "int", "data": 24}, "Hcamera2end": {"type": "ndarray", "data": [[0.9999950364123669, 0.0021433529688425707, -0.0023093697581803, -0.014812735159020509], [0.002303745880442805, 0.0026226394942621134, 0.9999939072399402, 0.024940301923661513], [0.0021493965542418664, -0.9999942638836159, 0.002617688735988777, 0.03298017755296917], [0.0, 0.0, 0.0, 1.0]]}, "Hobj2base": {"type": "ndarray", "data": [[0.9999975156567363, 0.0016399639326559756, -0.0015097015118395276, -0.73509170393304], [0.0016399271204882466, -0.9999986549903896, -2.562131790262816e-05, 0.09086993943891035], [-0.0015097414993137522, 2.3145453797371872e-05, -0.9999988600717973, 0.004853509481435865], [0.0, 0.0, 0.0, 1.0]]}, "mean_rme": {"type": "float", "data": 0.0016681967944057424}, "max_rme": {"type": "float", "data": 0.0052691732669448155}, "simu": {"type": "float", "data": 0.002}}, {"type": "dict", "image_number": {"type": "int", "data": 25}, "Hcamera2end": {"type": "ndarray", "data": [[0.999995277224718, 0.0020038571984036377, -0.002330254189523695, -0.014664222323166077], [0.002325100705381721, 0.0025702774811556806, 0.9999939937721524, 0.024895848268907145], [0.002009834562649431, -0.9999946891008963, 0.002565606172527213, 0.032769411720912536], [0.0, 0.0, 0.0, 1.0]]}, "Hobj2base": {"type": "ndarray", "data": [[0.9999978250551317, 0.001523363181409807, -0.0014245173301312658, -0.734812148109067], [0.0015232758796064098, -0.9999988378697295, -6.236814120073086e-05, 0.09096707464339811], [-0.0014246106839865538, 6.0198072664391934e-05, -0.9999989834297789, 0.004900852380521501], [0.0, 0.0, 0.0, 1.0]]}, "mean_rme": {"type": "float", "data": 0.0016652084238877008}, "max_rme": {"type": "float", "data": 0.005277465002743009}, "simu": {"type": "float", "data": 0.002}}, {"type": "dict", "image_number": {"type": "int", "data": 26}, "Hcamera2end": {"type": "ndarray", "data": [[0.999995133184734, 0.0020458902725007536, -0.0023554065124769433, -0.01477760350353064], [0.002350038189151191, 0.0026224071684697314, 0.999993800131357, 0.024875155277620672], [0.0020520544231727865, -0.99999446864152, 0.0026175864854273145, 0.03266733675389784], [0.0, 0.0, 0.0, 1.0]]}, "Hobj2base": {"type": "ndarray", "data": [[0.9999977391906124, 0.001540782859166525, -0.0014654698375322105, -0.7346970825904156], [0.001540617198951625, -0.9999988067318404, -0.00011416453980410602, 0.09083389757183362], [-0.001465643991599769, 0.00011190655366359573, -0.9999989196817234, 0.004853821780094566], [0.0, 0.0, 0.0, 1.0]]}, "mean_rme": {"type": "float", "data": 0.0016750743876751818}, "max_rme": {"type": "float", "data": 0.005196349506360998}, "simu": {"type": "float", "data": 0.002}}, {"type": "dict", "image_number": {"type": "int", "data": 27}, "Hcamera2end": {"type": "ndarray", "data": [[0.9999954343180434, 0.0018400180957032332, -0.0023970140748831585, -0.01463791258353387], [0.002392121191271349, 0.0026567605911442804, 0.9999936096692656, 0.024871987005003364], [0.0018463746299096123, -0.9999947779646496, 0.002652346914941317, 0.032787855014149644], [0.0, 0.0, 0.0, 1.0]]}, "Hobj2base": {"type": "ndarray", "data": [[0.9999980881667478, 0.001350543036270672, -0.0014141062040838959, -0.73464858356405], [0.0013503756665853436, -0.9999990811254769, -0.00011930532399582038, 0.09099996790138974], [-0.0014142660316722449, 0.00011739552129597254, -0.9999989930344344, 0.004745720026583008], [0.0, 0.0, 0.0, 1.0]]}, "mean_rme": {"type": "float", "data": 0.0016948477677811965}, "max_rme": {"type": "float", "data": 0.005068873256189377}, "simu": {"type": "float", "data": 0.002}}, {"type": "dict", "image_number": {"type": "int", "data": 28}, "Hcamera2end": {"type": "ndarray", "data": [[0.9999956490234935, 0.001761445983785621, -0.0023662717781797486, -0.01483518421030822], [0.0023613787024228004, 0.0027747902854564632, 0.9999933621927173, 0.024832747729229557], [0.0017680001995894843, -0.9999945989088728, 0.00277061877137752, 0.03269383795126198], [0.0, 0.0, 0.0, 1.0]]}, "Hobj2base": {"type": "ndarray", "data": [[0.9999981300911785, 0.0012440691862482995, -0.0014805762412825178, -0.7346871534335867], [0.0012440111358598936, -0.9999992254127086, -4.0128251396263445e-05, 0.09086276301700393], [-0.0014806250167680376, 3.8286323028447137e-05, -0.9999989031412568, 0.004851235464340296], [0.0, 0.0, 0.0, 1.0]]}, "mean_rme": {"type": "float", "data": 0.0016809969797526433}, "max_rme": {"type": "float", "data": 0.005117870532599378}, "simu": {"type": "float", "data": 0.002}}, {"type": "dict", "image_number": {"type": "int", "data": 29}, "Hcamera2end": {"type": "ndarray", "data": [[0.9999956071314833, 0.0017745270026243818, -0.0023741886304862172, -0.014872132882063769], [0.002369263500242857, 0.002772428913928926, 0.9999933500920813, 0.024865349000814257], [0.0017810974713894964, -0.9999945823312416, 0.0027682124129556618, 0.032722907941968464], [0.0, 0.0, 0.0, 1.0]]}, "Hobj2base": {"type": "ndarray", "data": [[0.9999981072462057, 0.0012508260125340608, -0.0014902812796175492, -0.7347361777857028], [0.001250756196715543, -0.9999992166627694, -4.777847943523572e-05, 0.09084296026195862], [-0.0014903398747896563, 4.5914410457006675e-05, -0.999998888388844, 0.004811593352247112], [0.0, 0.0, 0.0, 1.0]]}, "mean_rme": {"type": "float", "data": 0.0016471088842785384}, "max_rme": {"type": "float", "data": 0.005110682163035674}, "simu": {"type": "float", "data": 0.002}}, {"type": "dict", "image_number": {"type": "int", "data": 30}, "Hcamera2end": {"type": "ndarray", "data": [[0.9999967133913918, 0.0012922433731803534, -0.002214342674221398, -0.014785817943780302], [0.0022106852843453545, 0.0028248622635512755, 0.9999935664911875, 0.024850091653825915], [0.0012984902725802034, -0.9999951751184882, 0.0028219962359257167, 0.03271583553365446], [0.0, 0.0, 0.0, 1.0]]}, "Hobj2base": {"type": "ndarray", "data": [[0.9999988609807444, 0.0008022099459108903, -0.0012784742533425344, -0.7347421216896415], [0.0008020996299437993, -0.9999996745511273, -8.679759909259166e-05, 0.09093830562705482], [-0.0012785434671618032, 8.577203650295623e-05, -0.9999991789845433, 0.004675026266038725], [0.0, 0.0, 0.0, 1.0]]}, "mean_rme": {"type": "float", "data": 0.0016656475703153877}, "max_rme": {"type": "float", "data": 0.0049611357639487985}, "simu": {"type": "float", "data": 0.002}}]}