{"type": "list", "data": [{"type": "dict", "image_number": {"type": "int", "data": 5}, "Hcamera2end": {"type": "ndarray", "data": [[0.9999580703956458, -0.000448223182356787, -0.00914639527877404, -0.014045884743648998], [0.00914631336849014, -0.00018445478622730604, 0.9999581545885793, 0.020807213747924762], [-0.0004498915226592119, -0.9999998825361983, -0.00018034746242623356, 0.03237171080247513], [0.0, 0.0, 0.0, 1.0]]}, "Hobj2base": {"type": "ndarray", "data": [[0.9999969889668641, 0.00021918740219779693, 0.0024441796350280487, -0.7340202033250988], [0.00022498421816718217, -0.9999971623039228, -0.002371658956079217, 0.09107484858327294], [0.0024436528614236036, 0.0023722017167797605, -0.9999942005930376, 0.013723706662678681], [0.0, 0.0, 0.0, 1.0]]}, "mean_rme": {"type": "float", "data": 0.0024305333308980385}, "max_rme": {"type": "float", "data": 0.0069865290874844554}, "simu": {"type": "float", "data": 0.002}}, {"type": "dict", "image_number": {"type": "int", "data": 6}, "Hcamera2end": {"type": "ndarray", "data": [[0.9999524328140179, 0.002137590150181756, -0.00951644984628025, -0.01655068335670193], [0.009517862071860098, -0.0006514640309762676, 0.9999544919126058, 0.022543633036994103], [0.0021312932477649486, -0.9999975031483661, -0.0006717783308811676, 0.03276683271492298], [0.0, 0.0, 0.0, 1.0]]}, "Hobj2base": {"type": "ndarray", "data": [[0.9999971256672037, 0.0022544800489020045, 0.0008160741632231546, -0.7342971992954634], [0.0022569994710296346, -0.9999926491760387, -0.00309960437419446, 0.08688222307199929], [0.0008090801681845303, 0.0031014373438546673, -0.9999948632246489, 0.014378921935021752], [0.0, 0.0, 0.0, 1.0]]}, "mean_rme": {"type": "float", "data": 0.002497157907656366}, "max_rme": {"type": "float", "data": 0.00542167435102936}, "simu": {"type": "float", "data": 0.002}}, {"type": "dict", "image_number": {"type": "int", "data": 7}, "Hcamera2end": {"type": "ndarray", "data": [[0.9999754740292998, 0.001502293750448427, -0.006840647145162266, -0.0164780539702713], [0.006836624766984548, 0.0026665006630715027, 0.9999730748055216, 0.02333545449088135], [0.0015204938910454466, -0.9999953164328828, 0.0026561646458928, 0.03041034169449526], [0.0, 0.0, 0.0, 1.0]]}, "Hobj2base": {"type": "ndarray", "data": [[0.9999973679840531, 0.0004179795984960256, -0.0022559516886502397, -0.7335004793970494], [0.0004153708118837929, -0.9999992447020492, -0.001156746480355915, 0.08887493505842327], [-0.002256433481163973, 0.0011558063792962469, -0.9999967863046155, 0.014371103289331817], [0.0, 0.0, 0.0, 1.0]]}, "mean_rme": {"type": "float", "data": 0.002366361506928525}, "max_rme": {"type": "float", "data": 0.005709709189527429}, "simu": {"type": "float", "data": 0.002}}, {"type": "dict", "image_number": {"type": "int", "data": 8}, "Hcamera2end": {"type": "ndarray", "data": [[0.999990202581599, 0.0013982878185340912, -0.0041999442840671645, -0.016297279130101323], [0.004194258049713812, 0.004044964908117232, 0.9999830230850447, 0.023983376700229448], [0.001415252707165813, -0.9999908414830955, 0.004039060497964875, 0.028703515251434462], [0.0, 0.0, 0.0, 1.0]]}, "Hobj2base": {"type": "ndarray", "data": [[0.9999935298317274, -0.00026389487165870174, -0.0035875693970782692, -0.7323904549201998], [-0.00026022663251690773, -0.9999994429641148, 0.0010229142482848603, 0.09079640823607033], [-0.003587837340497644, -0.001021974048754423, -0.99999304147192, 0.014310556386073814], [0.0, 0.0, 0.0, 1.0]]}, "mean_rme": {"type": "float", "data": 0.0023764654258726916}, "max_rme": {"type": "float", "data": 0.00597157800198303}, "simu": {"type": "float", "data": 0.002}}, {"type": "dict", "image_number": {"type": "int", "data": 9}, "Hcamera2end": {"type": "ndarray", "data": [[0.9999919899366511, 0.0014145100200076471, -0.0037442254125597983, -0.014572130513486017], [0.003738157702491967, 0.004268182490002603, 0.9999839042680754, 0.02427284020319089], [0.0014304682897780714, -0.9999898908387201, 0.004262860640063981, 0.027723007246896574], [0.0, 0.0, 0.0, 1.0]]}, "Hobj2base": {"type": "ndarray", "data": [[0.9999927327477786, -0.0003552288696219162, -0.003795821924172908, -0.7315201133771132], [-0.00034958671711479965, -0.9999988333519212, 0.0014869713931889967, 0.09258274870125785], [-0.0037963457109517146, -0.0014856336180676124, -0.9999916902914725, 0.013461849105085417], [0.0, 0.0, 0.0, 1.0]]}, "mean_rme": {"type": "float", "data": 0.0022749376835830286}, "max_rme": {"type": "float", "data": 0.005779677008392076}, "simu": {"type": "float", "data": 0.002}}, {"type": "dict", "image_number": {"type": "int", "data": 10}, "Hcamera2end": {"type": "ndarray", "data": [[0.9999913541118112, 0.0019682496387531086, -0.003663017197045943, -0.01390619846448252], [0.0036562999293326525, 0.003405641298875217, 0.999987516461166, 0.025304722816178436], [0.0019806999906770584, -0.999992263770427, 0.0033984153430662856, 0.027573803724077136], [0.0, 0.0, 0.0, 1.0]]}, "Hobj2base": {"type": "ndarray", "data": [[0.9999933774458485, 0.0005028905839152466, -0.0036044646628068003, -0.7310138015479319], [0.0005065672839393003, -0.9999993523100976, 0.0010192001630214354, 0.091861371675521], [-0.0036039497820663257, -0.001021019317187458, -0.9999929845081525, 0.012224052659646423], [0.0, 0.0, 0.0, 1.0]]}, "mean_rme": {"type": "float", "data": 0.0021929155868250136}, "max_rme": {"type": "float", "data": 0.006006452669141571}, "simu": {"type": "float", "data": 0.002}}, {"type": "dict", "image_number": {"type": "int", "data": 11}, "Hcamera2end": {"type": "ndarray", "data": [[0.9999922432008134, 0.0022166293753674315, -0.0032557783120931065, -0.013786323333806208], [0.0032468790684590785, 0.004006594464738722, 0.9999867024001419, 0.02564390277759412], [0.0022296444828806125, -0.9999895168225552, 0.003999366258868653, 0.026886463910799557], [0.0, 0.0, 0.0, 1.0]]}, "Hobj2base": {"type": "ndarray", "data": [[0.9999910422432836, 0.0005118727971881311, -0.00420159724758106, -0.7306760851119503], [0.0005166393398155708, -0.9999992241840638, 0.0011334527172347127, 0.09221981179729828], [-0.004201013804302108, -0.0011356132744691832, -0.9999905308879209, 0.011992255031184305], [0.0, 0.0, 0.0, 1.0]]}, "mean_rme": {"type": "float", "data": 0.0020411944368386465}, "max_rme": {"type": "float", "data": 0.006100941302647628}, "simu": {"type": "float", "data": 0.002}}, {"type": "dict", "image_number": {"type": "int", "data": 12}, "Hcamera2end": {"type": "ndarray", "data": [[0.999992726565942, 0.0024159563830941574, -0.0029512658247251677, -0.013496156261003454], [0.0029408793955574544, 0.0042914189949299075, 0.9999864673841294, 0.025780007459450024], [0.002428588807103778, -0.9999878733653547, 0.004284282745229295, 0.026746878487371055], [0.0, 0.0, 0.0, 1.0]]}, "Hobj2base": {"type": "ndarray", "data": [[0.9999898283702405, 0.0005808758824119231, -0.004472777578427143, -0.7307354263022402], [0.0005865546048152408, -0.9999990235422578, 0.0012684116945944383, 0.09260294770389217], [-0.004472036421186486, -0.001271022321065239, -0.9999891926378541, 0.011946274102917187], [0.0, 0.0, 0.0, 1.0]]}, "mean_rme": {"type": "float", "data": 0.0019494788964585835}, "max_rme": {"type": "float", "data": 0.006281029305900465}, "simu": {"type": "float", "data": 0.002}}, {"type": "dict", "image_number": {"type": "int", "data": 13}, "Hcamera2end": {"type": "ndarray", "data": [[0.9999938463462856, 0.00231187439174841, -0.0026386561651913706, -0.013422490738696058], [0.0026306818405223255, 0.0034455675942769437, 0.9999906037443589, 0.02601969683231814], [0.002320944336960838, -0.999991391613323, 0.003439464585467178, 0.026579991178423593], [0.0, 0.0, 0.0, 1.0]]}, "Hobj2base": {"type": "ndarray", "data": [[0.9999920887551631, 0.0009981319213582063, -0.0038504752633354536, -0.730389629301087], [0.0010023697127705784, -0.9999988939281104, 0.001098816415237058, 0.09220955889867007], [-0.0038493742406932436, -0.001102667322015106, -0.9999919831892312, 0.01154781675662461], [0.0, 0.0, 0.0, 1.0]]}, "mean_rme": {"type": "float", "data": 0.0019646547400185544}, "max_rme": {"type": "float", "data": 0.006303846496181986}, "simu": {"type": "float", "data": 0.002}}, {"type": "dict", "image_number": {"type": "int", "data": 14}, "Hcamera2end": {"type": "ndarray", "data": [[0.999994934897721, 0.0019367175998637868, -0.0025257283783344403, -0.013821650948519597], [0.0025186470090388558, 0.003650139545657849, 0.9999901664009206, 0.025834867578136057], [0.0019459178159947287, -0.9999914627666756, 0.0036452431493374515, 0.026760894751826546], [0.0, 0.0, 0.0, 1.0]]}, "Hobj2base": {"type": "ndarray", "data": [[0.9999919579852632, 0.0005166224022939821, -0.003977067524338867, -0.7305073921316181], [0.000521121558574508, -0.9999992254023269, 0.0011303216654663507, 0.09190508741978327], [-0.00397648049421744, -0.0011323851110296992, -0.9999914526168907, 0.011816580339679956], [0.0, 0.0, 0.0, 1.0]]}, "mean_rme": {"type": "float", "data": 0.0020167681062957816}, "max_rme": {"type": "float", "data": 0.006166479333584052}, "simu": {"type": "float", "data": 0.002}}, {"type": "dict", "image_number": {"type": "int", "data": 15}, "Hcamera2end": {"type": "ndarray", "data": [[0.9999948685951535, 0.0017522959646680866, -0.002681835605279603, -0.014047471034712997], [0.002675646731911334, 0.003524715228446329, 0.9999902086006265, 0.026329367599377606], [0.0017617315140365944, -0.9999922528906964, 0.0035200086167342937, 0.027408772567114218], [0.0, 0.0, 0.0, 1.0]]}, "Hobj2base": {"type": "ndarray", "data": [[0.9999919306667452, 0.000341151265846948, -0.004002776187754039, -0.7311261455218329], [0.00034492703494883536, -0.9999994962320071, 0.0009426351748883193, 0.09186612931271139], [-0.004002452590100368, -0.0009440082341729612, -0.999991544575112, 0.011210183148899367], [0.0, 0.0, 0.0, 1.0]]}, "mean_rme": {"type": "float", "data": 0.001989041421358536}, "max_rme": {"type": "float", "data": 0.005667146127582762}, "simu": {"type": "float", "data": 0.002}}, {"type": "dict", "image_number": {"type": "int", "data": 16}, "Hcamera2end": {"type": "ndarray", "data": [[0.99999419787478, 0.0017604065112419075, -0.002916365150402331, -0.014628396214255006], [0.0029102331549080776, 0.003475852716400052, 0.9999897244426452, 0.027269831107189696], [0.001770525277813873, -0.9999924096795978, 0.0034707093556721746, 0.030206484975205682], [0.0, 0.0, 0.0, 1.0]]}, "Hobj2base": {"type": "ndarray", "data": [[0.9999918698676326, 0.0003385911531857912, -0.0040181531412803164, -0.7339627281514682], [0.00034145080076081294, -0.9999996889327449, 0.0007110174149621816, 0.09167310214954047], [-0.00401791114715798, -0.0007123836359041521, -0.9999916744151269, 0.010049958888446214], [0.0, 0.0, 0.0, 1.0]]}, "mean_rme": {"type": "float", "data": 0.0020015802963271}, "max_rme": {"type": "float", "data": 0.006149206811038366}, "simu": {"type": "float", "data": 0.002}}, {"type": "dict", "image_number": {"type": "int", "data": 17}, "Hcamera2end": {"type": "ndarray", "data": [[0.9999942811009269, 0.0018476972297798732, -0.0028326278236610086, -0.01481743858430472], [0.0028263913778320275, 0.003369176594523071, 0.9999903300336734, 0.027647069719806853], [0.0018572229859743533, -0.9999926173047593, 0.003363935011023056, 0.03044992480658554], [0.0, 0.0, 0.0, 1.0]]}, "Hobj2base": {"type": "ndarray", "data": [[0.9999923663152125, 0.00040351795973376766, -0.00388644883642171, -0.7341223197735557], [0.00040601341107388315, -0.9999997119290542, 0.0006413227880830475, 0.0916474325055374], [-0.00388618893158574, -0.000642895842776076, -0.999992242080169, 0.009631586424928488], [0.0, 0.0, 0.0, 1.0]]}, "mean_rme": {"type": "float", "data": 0.0019533023657091445}, "max_rme": {"type": "float", "data": 0.006283989698992715}, "simu": {"type": "float", "data": 0.002}}, {"type": "dict", "image_number": {"type": "int", "data": 18}, "Hcamera2end": {"type": "ndarray", "data": [[0.9999958651557932, 0.0010552491901120067, -0.002675092608392776, -0.01474766491301167], [0.002671698582676469, 0.0032047295969622747, 0.9999912958295657, 0.02812646759504399], [0.001063812953499937, -0.9999943080624797, 0.003201897038139001, 0.030387426452113547], [0.0, 0.0, 0.0, 1.0]]}, "Hobj2base": {"type": "ndarray", "data": [[0.9999944275965047, -0.00016248542158818052, -0.00333442265266269, -0.7339266369403235], [-0.00016071086516268856, -0.99999984533234, 0.0005324540482656181, 0.09142776190373163], [-0.0033345086529558503, -0.000531915203267491, -0.9999942990428792, 0.009088947337583546], [0.0, 0.0, 0.0, 1.0]]}, "mean_rme": {"type": "float", "data": 0.0019376940316113717}, "max_rme": {"type": "float", "data": 0.005796451968543309}, "simu": {"type": "float", "data": 0.002}}, {"type": "dict", "image_number": {"type": "int", "data": 19}, "Hcamera2end": {"type": "ndarray", "data": [[0.9999963608106057, 0.0005955237839752453, -0.0026312956822666213, -0.014015509751379867], [0.0026297917726468287, 0.0025122049980812466, 0.9999933864887711, 0.028510736547845403], [0.0006021301996364337, -0.9999966670831812, 0.002510629752144, 0.031117095407602262], [0.0, 0.0, 0.0, 1.0]]}, "Hobj2base": {"type": "ndarray", "data": [[0.9999968065125457, -0.0003216225612206022, -0.0025066957609880818, -0.7339709893022975], [-0.00032070015561174093, -0.999999880727487, 0.0003683699531568066, 0.09210381762127037], [-0.0025068139380959894, -0.0003675648790513625, -0.9999967903848193, 0.008303508949018332], [0.0, 0.0, 0.0, 1.0]]}, "mean_rme": {"type": "float", "data": 0.0019035775006396936}, "max_rme": {"type": "float", "data": 0.006004023342292997}, "simu": {"type": "float", "data": 0.002}}, {"type": "dict", "image_number": {"type": "int", "data": 20}, "Hcamera2end": {"type": "ndarray", "data": [[0.9999958461856843, 0.00036214767693332705, -0.002859451072721298, -0.013851199549816331], [0.002858647716145046, 0.002199735423964344, 0.99999349462749, 0.028707060044088878], [0.00036843535684554255, -0.9999975150034748, 0.002198691034042244, 0.031473467289130405], [0.0, 0.0, 0.0, 1.0]]}, "Hobj2base": {"type": "ndarray", "data": [[0.9999973605277069, -0.00047731721845223205, -0.0022474665497422366, -0.7340888893603061], [-0.0004773082487452421, -0.9999998860781627, 4.527396429725437e-06, 0.0921790709552433], [-0.0022474684547109888, -3.454650156817022e-06, -0.999997474433616, 0.008020852565816203], [0.0, 0.0, 0.0, 1.0]]}, "mean_rme": {"type": "float", "data": 0.0018232442394749346}, "max_rme": {"type": "float", "data": 0.006033715390479366}, "simu": {"type": "float", "data": 0.002}}, {"type": "dict", "image_number": {"type": "int", "data": 21}, "Hcamera2end": {"type": "ndarray", "data": [[0.9999959143145417, 0.0004201705036183921, -0.002827509676666764, -0.013447864706429901], [0.0028265209426640387, 0.0023354245335635015, 0.9999932782632136, 0.028810931648899626], [0.0004267711148106374, -0.999997184620535, 0.002334227371025399, 0.031197621998011262], [0.0, 0.0, 0.0, 1.0]]}, "Hobj2base": {"type": "ndarray", "data": [[0.9999970049789941, -0.0004965009597422227, -0.0023965641736849353, -0.7339998805993918], [-0.000496465794619488, -0.9999998766442935, 1.5268025114185207e-05, 0.09253092262429383], [-0.002396571458644191, -1.4078167249284182e-05, -0.9999971281194004, 0.007723260125300888], [0.0, 0.0, 0.0, 1.0]]}, "mean_rme": {"type": "float", "data": 0.0018070117853277929}, "max_rme": {"type": "float", "data": 0.006255915067331808}, "simu": {"type": "float", "data": 0.002}}, {"type": "dict", "image_number": {"type": "int", "data": 22}, "Hcamera2end": {"type": "ndarray", "data": [[0.9999955312832292, 0.0006393512748010955, -0.002920384139073466, -0.013300732102862402], [0.0029187624560448756, 0.0025228581740791567, 0.9999925579784877, 0.028712068867862903], [0.0006467142317318677, -0.9999966132025554, 0.002520980785643445, 0.031266514207522134], [0.0, 0.0, 0.0, 1.0]]}, "Hobj2base": {"type": "ndarray", "data": [[0.9999966069084641, -0.000346505869577542, -0.0025818801755473574, -0.7342475814320601], [-0.00034693526604862447, -0.9999999260622716, -0.00016586552384590365, 0.09249255645516503], [-0.0025818225112714294, 0.0001667607063346078, -0.9999966531860927, 0.007799378569239465], [0.0, 0.0, 0.0, 1.0]]}, "mean_rme": {"type": "float", "data": 0.0018125656548461794}, "max_rme": {"type": "float", "data": 0.0063084515178484235}, "simu": {"type": "float", "data": 0.002}}, {"type": "dict", "image_number": {"type": "int", "data": 23}, "Hcamera2end": {"type": "ndarray", "data": [[0.9999953387861545, 0.0008385221346703818, -0.002935862155084368, -0.013001239594557401], [0.0029335328317371635, 0.002765742060594656, 0.9999918724949617, 0.02881415070131232], [0.0008466351570239328, -0.9999958237670217, 0.0027632693366673733, 0.03078030742345789], [0.0, 0.0, 0.0, 1.0]]}, "Hobj2base": {"type": "ndarray", "data": [[0.9999958013396006, -0.00027455381059511357, -0.0028847744062844827, -0.733999278607422], [-0.00027517866642505604, -0.9999999387649527, -0.0002162100645130855, 0.09271077270155181], [-0.002884714868338085, 0.00021700298509450818, -0.9999958156561619, 0.007522339131994525], [0.0, 0.0, 0.0, 1.0]]}, "mean_rme": {"type": "float", "data": 0.0018195147918530375}, "max_rme": {"type": "float", "data": 0.006525117685672099}, "simu": {"type": "float", "data": 0.002}}, {"type": "dict", "image_number": {"type": "int", "data": 24}, "Hcamera2end": {"type": "ndarray", "data": [[0.9999958119044626, 0.0008692496139074344, -0.0027605395565442068, -0.01299523762601321], [0.0027581340003648754, 0.002756537684159177, 0.9999923970695136, 0.028836507432301886], [0.0008768525363792708, -0.9999958229438283, 0.0027541286326010495, 0.03072700474961473], [0.0, 0.0, 0.0, 1.0]]}, "Hobj2base": {"type": "ndarray", "data": [[0.9999956963692439, -0.00025451168663459696, -0.002922749868246462, -0.7339733628936961], [-0.00025461724072928975, -0.9999999669462629, -3.574261684243077e-05, 0.09279199410888572], [-0.002922740674724958, 3.6486645526200435e-05, -0.9999957281187124, 0.007467104005101868], [0.0, 0.0, 0.0, 1.0]]}, "mean_rme": {"type": "float", "data": 0.001764660079604304}, "max_rme": {"type": "float", "data": 0.006563113904945683}, "simu": {"type": "float", "data": 0.002}}, {"type": "dict", "image_number": {"type": "int", "data": 25}, "Hcamera2end": {"type": "ndarray", "data": [[0.9999961043579605, 0.0009290204382319275, -0.0026321454990801433, -0.013156952261814427], [0.002629810575933236, 0.0025056535496464916, 0.9999934028765509, 0.029048311489194692], [0.0009356095540823658, -0.9999964293042822, 0.002503200640743497, 0.030999871038202124], [0.0, 0.0, 0.0, 1.0]]}, "Hobj2base": {"type": "ndarray", "data": [[0.9999963450480494, -8.195727592078461e-05, -0.002702438444711053, -0.7341451362490992], [-8.22419089733696e-05, -0.9999999910831867, -0.00010521356877288626, 0.09263769390836751], [-0.002702429797596427, 0.00010543543791892391, -0.9999963428715914, 0.007165325050970594], [0.0, 0.0, 0.0, 1.0]]}, "mean_rme": {"type": "float", "data": 0.0017208146919942648}, "max_rme": {"type": "float", "data": 0.006619131085084495}, "simu": {"type": "float", "data": 0.002}}, {"type": "dict", "image_number": {"type": "int", "data": 26}, "Hcamera2end": {"type": "ndarray", "data": [[0.99999613963023, 0.0008644806060957602, -0.0026407192049137792, -0.013161504067146145], [0.0026387142934589537, 0.0023121923565562197, 0.9999938454577525, 0.029248557962611645], [0.0008705811363747602, -0.9999969532152523, 0.0023099023133070773, 0.03114734637380652], [0.0, 0.0, 0.0, 1.0]]}, "Hobj2base": {"type": "ndarray", "data": [[0.9999967428942617, -0.00010353270020419198, -0.002550192511946226, -0.7342131952469764], [-0.00010408434308741048, -0.9999999712157999, -0.000216182443886398, 0.09267588224763784], [-0.0025501700565888218, 0.00021644717486967184, -0.9999967248862884, 0.007086947048446533], [0.0, 0.0, 0.0, 1.0]]}, "mean_rme": {"type": "float", "data": 0.0017282084360611884}, "max_rme": {"type": "float", "data": 0.006467055373625574}, "simu": {"type": "float", "data": 0.002}}, {"type": "dict", "image_number": {"type": "int", "data": 27}, "Hcamera2end": {"type": "ndarray", "data": [[0.9999958462044528, 0.0007797825090205008, -0.0027747996466456924, -0.013260841326870953], [0.0027729993105861084, 0.0023004412706820743, 0.9999935092013267, 0.029428306458994104], [0.0007861607112342437, -0.9999970499502481, 0.002298269378759432, 0.03112538376065353], [0.0, 0.0, 0.0, 1.0]]}, "Hobj2base": {"type": "ndarray", "data": [[0.9999967948020342, -0.00015937895924231254, -0.002526852588851403, -0.7342116308953206], [-0.00015999837114620465, -0.9999999572045297, -0.00024493154086886753, 0.0925268144934499], [-0.002526813443779489, 0.0002453350481131337, -0.9999967775070748, 0.007057157473301623], [0.0, 0.0, 0.0, 1.0]]}, "mean_rme": {"type": "float", "data": 0.0017046139575504536}, "max_rme": {"type": "float", "data": 0.00630713312743536}, "simu": {"type": "float", "data": 0.002}}, {"type": "dict", "image_number": {"type": "int", "data": 28}, "Hcamera2end": {"type": "ndarray", "data": [[0.9999961078505916, 0.0008584980672134135, -0.00265466847962099, -0.01316856147792855], [0.0026527394974532326, 0.00224031325127394, 0.9999939719666787, 0.02946789133265642], [0.000864440181131092, -0.9999971219846607, 0.0022380271599087287, 0.031128999708253707], [0.0, 0.0, 0.0, 1.0]]}, "Hobj2base": {"type": "ndarray", "data": [[0.9999967412880278, -3.48164590127385e-05, -0.002552685084231561, -0.734219906541694], [-3.5099198370666767e-05, -0.9999999932549142, -0.00011071683551416406, 0.09258692277722873], [-0.0025526812122453153, 0.00011080607192003592, -0.9999967357649939, 0.006904150069073097], [0.0, 0.0, 0.0, 1.0]]}, "mean_rme": {"type": "float", "data": 0.00168184741288074}, "max_rme": {"type": "float", "data": 0.006415055910944156}, "simu": {"type": "float", "data": 0.002}}, {"type": "dict", "image_number": {"type": "int", "data": 29}, "Hcamera2end": {"type": "ndarray", "data": [[0.9999955373195083, 0.0009850057600084563, -0.002820479519625609, -0.013256330820576187], [0.0028181980661797137, 0.002309940648917208, 0.9999933609448908, 0.029582348416042053], [0.0009915143607927548, -0.9999968469639551, 0.002307154399062039, 0.031094417127817756], [0.0, 0.0, 0.0, 1.0]]}, "Hobj2base": {"type": "ndarray", "data": [[0.9999965745901493, 5.297485527639483e-05, -0.0026168686693273306, -0.7341668976557966], [5.222415641027394e-05, -0.99999995747, -0.0002869366395957231, 0.09244666905371975], [-0.0026168837584588625, 0.00028679899296143926, -0.9999965348268622, 0.006994271444773684], [0.0, 0.0, 0.0, 1.0]]}, "mean_rme": {"type": "float", "data": 0.0017207595887611398}, "max_rme": {"type": "float", "data": 0.006213493841466189}, "simu": {"type": "float", "data": 0.002}}, {"type": "dict", "image_number": {"type": "int", "data": 30}, "Hcamera2end": {"type": "ndarray", "data": [[0.9999953886117249, 0.0008865708419342957, -0.0029046079645349654, -0.013239190332426013], [0.0029026580655788694, 0.0021927911970701652, 0.9999933830995685, 0.029560553607094673], [0.0008929341743588812, -0.999997202825542, 0.002190207673253508, 0.031116393688464323], [0.0, 0.0, 0.0, 1.0]]}, "Hobj2base": {"type": "ndarray", "data": [[0.9999968019363699, -2.0624465986314257e-05, -0.0025289704751353687, -0.7341308279507778], [-2.1714344606174416e-05, -0.9999999069135919, -0.0004309307311322204, 0.09238873987525906], [-0.002528961352006384, 0.000430984267924718, -0.9999967092981064, 0.006952075242493403], [0.0, 0.0, 0.0, 1.0]]}, "mean_rme": {"type": "float", "data": 0.001699800546769366}, "max_rme": {"type": "float", "data": 0.006255878975643059}, "simu": {"type": "float", "data": 0.002}}]}