{"type": "list", "data": [{"type": "dict", "image_number": {"type": "int", "data": 5}, "Hcamera2end": {"type": "ndarray", "data": [[0.9999899186690112, -0.003201844622284242, 0.0031481345840346595, -0.020645430077546312], [-0.0031473833658290417, 0.00023963212981159554, 0.9999950182647865, 0.02923723312116448], [-0.003202583065737445, -0.9999948453704435, 0.00022955228149668105, 0.03910387415681559], [0.0, 0.0, 0.0, 1.0]]}, "Hobj2base": {"type": "ndarray", "data": [[0.9999949987987655, -0.0031187950259719127, 0.0005248762168148201, -0.7405722308636887], [-0.003119519964387781, -0.9999941737043154, 0.0013860564976373073, 0.08709688258406338], [0.0005205503326202359, -0.0013876869275270265, -0.9999989016755677, -0.003900753297214199], [0.0, 0.0, 0.0, 1.0]]}, "mean_rme": {"type": "float", "data": 0.0013849123447698187}, "max_rme": {"type": "float", "data": 0.004855386806484563}, "simu": {"type": "float", "data": 0.002}}, {"type": "dict", "image_number": {"type": "int", "data": 6}, "Hcamera2end": {"type": "ndarray", "data": [[0.999989841419222, -0.004156096884269699, 0.0017446825062855686, -0.017043045204221646], [-0.0017398828633391004, 0.0011581796408940415, 0.999997815711385, 0.029366205288040178], [-0.004158108461913196, -0.9999906926959911, 0.0011509367536852722, 0.036979904963236145], [0.0, 0.0, 0.0, 1.0]]}, "Hobj2base": {"type": "ndarray", "data": [[0.9999920342294245, -0.003928407139458521, -0.0007064665909206794, -0.7385905987079212], [-0.003928438023897585, -0.9999922827614665, -4.233442654169887e-05, 0.08978645336980384], [-0.00070629483208601, 4.5109399533755694e-05, -0.9999997495563446, -0.003345508161390768], [0.0, 0.0, 0.0, 1.0]]}, "mean_rme": {"type": "float", "data": 0.0016151783886705115}, "max_rme": {"type": "float", "data": 0.004416589861679587}, "simu": {"type": "float", "data": 0.002}}, {"type": "dict", "image_number": {"type": "int", "data": 7}, "Hcamera2end": {"type": "ndarray", "data": [[0.9999921506302049, -0.0036317886963740747, 0.0015839156677460524, -0.01810185945980908], [-0.0015830246746440647, 0.0002481932505713491, 0.9999987162156706, 0.029146524364428054], [-0.003632177151118868, -0.9999933742335371, 0.00024244209129131722, 0.03610085122619359], [0.0, 0.0, 0.0, 1.0]]}, "Hobj2base": {"type": "ndarray", "data": [[0.9999937884484507, -0.0035166138981221093, 0.0002376787891167029, -0.7370215463576756], [-0.003516638922854636, -0.9999938110987039, 0.0001049522550237254, 0.08906832376191834], [0.0002373082415874812, -0.00010578743358832785, -0.9999999662469081, -0.0034693600290880582], [0.0, 0.0, 0.0, 1.0]]}, "mean_rme": {"type": "float", "data": 0.0014808026527711963}, "max_rme": {"type": "float", "data": 0.004228141356922066}, "simu": {"type": "float", "data": 0.002}}, {"type": "dict", "image_number": {"type": "int", "data": 8}, "Hcamera2end": {"type": "ndarray", "data": [[0.9999931592318861, -0.003361412453668447, 0.0015435011331397432, -0.0183877974525236], [-0.0015434821445105404, 8.243144647646083e-06, 0.9999988087967506, 0.02924961800025077], [-0.003361421172846114, -0.9999943504032245, 3.0548081556558415e-06, 0.03624719889258682], [0.0, 0.0, 0.0, 1.0]]}, "Hobj2base": {"type": "ndarray", "data": [[0.9999944861324888, -0.0032860229816135777, 0.00047933034958160626, -0.7368530614223189], [-0.003286126054854507, -0.9999945776878776, 0.00021440707765536137, 0.08880083732498006], [0.00047862320391824494, -0.00021598103539378433, -0.9999998621360009, -0.0032159565046847513], [0.0, 0.0, 0.0, 1.0]]}, "mean_rme": {"type": "float", "data": 0.0014913393185437287}, "max_rme": {"type": "float", "data": 0.004614128385501681}, "simu": {"type": "float", "data": 0.002}}, {"type": "dict", "image_number": {"type": "int", "data": 9}, "Hcamera2end": {"type": "ndarray", "data": [[0.9999925641178011, -0.0035828610788653003, 0.001426469626373171, -0.018113636063214443], [-0.001425780835081293, 0.0001947930022350164, 0.9999989646018124, 0.029089937987963117], [-0.003583135235478551, -0.9999935625603678, 0.0001896831791161624, 0.03624431141842656], [0.0, 0.0, 0.0, 1.0]]}, "Hobj2base": {"type": "ndarray", "data": [[0.9999938501309198, -0.0035016114875830906, 0.00019600339191231902, -0.7367810275176407], [-0.003501647814178948, -0.9999938520441178, 0.0001853012482230005, 0.0890302082322465], [0.00019535333391267163, -0.00018598644349344495, -0.9999999636230583, -0.003293596074855681], [0.0, 0.0, 0.0, 1.0]]}, "mean_rme": {"type": "float", "data": 0.0014413350802424728}, "max_rme": {"type": "float", "data": 0.004364418943813564}, "simu": {"type": "float", "data": 0.002}}, {"type": "dict", "image_number": {"type": "int", "data": 10}, "Hcamera2end": {"type": "ndarray", "data": [[0.999996802353409, -0.0018759707965359705, 0.001695882226907556, -0.017744170926214255], [-0.0016948587118363002, 0.0005470474938251702, 0.9999984140952357, 0.029134552766636745], [-0.0018768955495469988, -0.9999980907344824, 0.0005438662391129556, 0.0362511415911181], [0.0, 0.0, 0.0, 1.0]]}, "Hobj2base": {"type": "ndarray", "data": [[0.9999984669326958, -0.0017119635375471515, 0.0003678492956423295, -0.7369074235869383], [-0.001712193370144688, -0.9999983386347786, 0.0006253971103621663, 0.08925711560827987], [0.0003667780274608756, -0.0006260259807115155, -0.9999997367826401, -0.0031351934462703845], [0.0, 0.0, 0.0, 1.0]]}, "mean_rme": {"type": "float", "data": 0.0014670381154087237}, "max_rme": {"type": "float", "data": 0.004440234655762487}, "simu": {"type": "float", "data": 0.002}}, {"type": "dict", "image_number": {"type": "int", "data": 11}, "Hcamera2end": {"type": "ndarray", "data": [[0.9999973072487562, -0.0016959463289498969, 0.0015840647985466277, -0.017465570102433485], [-0.0015835199537957334, 0.00032255756593602136, 0.9999986942097338, 0.029331139821734024], [-0.0016964550664853926, -0.9999985098602228, 0.00031987113251630284, 0.036293506794595476], [0.0, 0.0, 0.0, 1.0]]}, "Hobj2base": {"type": "ndarray", "data": [[0.9999986483656249, -0.001529555866965348, 0.0006030968189250271, -0.7370346634037523], [-0.0015299580104782301, -0.9999986072347902, 0.0006669010159212418, 0.089452762818625], [0.0006020759165911723, -0.0006678228273241121, -0.9999995957585488, -0.0029953223076568014], [0.0, 0.0, 0.0, 1.0]]}, "mean_rme": {"type": "float", "data": 0.0015211989951756759}, "max_rme": {"type": "float", "data": 0.004841336452005129}, "simu": {"type": "float", "data": 0.002}}, {"type": "dict", "image_number": {"type": "int", "data": 12}, "Hcamera2end": {"type": "ndarray", "data": [[0.9999976896548387, -0.0011517109895791532, 0.0018150060003719677, -0.017047082703031208], [-0.0018143913492942453, 0.0005345057622492266, 0.9999982111422109, 0.0284096137372349], [-0.0011526790604976943, -0.9999991939323684, 0.0005324148729001221, 0.03627933280312282], [0.0, 0.0, 0.0, 1.0]]}, "Hobj2base": {"type": "ndarray", "data": [[0.999999388306376, -0.0009476556911086766, 0.0005703819465600393, -0.737032573207305], [-0.0009482869551237794, -0.9999989371104361, 0.001107488080877779, 0.08970965261914497], [0.0005693318229243419, -0.0011080282891937424, -0.9999992240669922, -0.001861851812463668], [0.0, 0.0, 0.0, 1.0]]}, "mean_rme": {"type": "float", "data": 0.0015567028127334895}, "max_rme": {"type": "float", "data": 0.004965502793678578}, "simu": {"type": "float", "data": 0.002}}, {"type": "dict", "image_number": {"type": "int", "data": 13}, "Hcamera2end": {"type": "ndarray", "data": [[0.9999977633324635, -0.0010245174755106833, 0.001850322678010833, -0.016636289585156762], [-0.0018499320980385277, 0.00038204959040333275, 0.9999982158930799, 0.0281713846200907], [-0.001025222562683214, -0.9999994022008477, 0.00038015344812247776, 0.03588327842644354], [0.0, 0.0, 0.0, 1.0]]}, "Hobj2base": {"type": "ndarray", "data": [[0.9999994123846707, -0.0008322045685647287, 0.0006947415845479799, -0.7366836871914724], [-0.0008330346927374634, -0.9999989384942147, 0.0011954344999852713, 0.0902356890343319], [0.0006937460010234613, -0.0011960125413720496, -0.9999990441347861, -0.0018845906813204083], [0.0, 0.0, 0.0, 1.0]]}, "mean_rme": {"type": "float", "data": 0.0015794307912433878}, "max_rme": {"type": "float", "data": 0.004725596686075417}, "simu": {"type": "float", "data": 0.002}}, {"type": "dict", "image_number": {"type": "int", "data": 14}, "Hcamera2end": {"type": "ndarray", "data": [[0.9999977830539497, -0.0009301317381096355, 0.0018891114671931491, -0.01659992230302868], [-0.0018888522533830083, 0.0002794846667601991, 0.9999981770610811, 0.028022208898933764], [-0.0009306580202251716, -0.999999528371524, 0.00027772716572838085, 0.03576127573620416], [0.0, 0.0, 0.0, 1.0]]}, "Hobj2base": {"type": "ndarray", "data": [[0.9999993698736908, -0.0008405349045941319, 0.0007441460176281718, -0.7365696708117994], [-0.0008414860327557607, -0.9999988283388141, 0.0012787580914524952, 0.09038597401640779], [0.000743070304930768, -0.0012793834741535437, -0.9999989055116254, -0.001953113283150319], [0.0, 0.0, 0.0, 1.0]]}, "mean_rme": {"type": "float", "data": 0.0015759276359311853}, "max_rme": {"type": "float", "data": 0.004521706031772932}, "simu": {"type": "float", "data": 0.002}}, {"type": "dict", "image_number": {"type": "int", "data": 15}, "Hcamera2end": {"type": "ndarray", "data": [[0.9999990840587691, -0.0005316751204581012, 0.0012446699117015791, -0.016521300745116735], [-0.001244251873801339, 0.000785874148159782, 0.9999989171189626, 0.027620571608234147], [-0.0005326526986237938, -0.9999995498615936, 0.0007852118905803396, 0.03508405209618089], [0.0, 0.0, 0.0, 1.0]]}, "Hobj2base": {"type": "ndarray", "data": [[0.999999828828308, -0.0004741300793964299, 0.0003428469375872101, -0.7361160300594924], [-0.00047433890191944477, -0.9999997019028446, 0.0006092592453076563, 0.09021358977658557], [0.0003425579672511626, -0.0006094217666596219, -0.9999997556295448, -0.0020079759199967333], [0.0, 0.0, 0.0, 1.0]]}, "mean_rme": {"type": "float", "data": 0.0017323937613611363}, "max_rme": {"type": "float", "data": 0.00669512665745664}, "simu": {"type": "float", "data": 0.002}}, {"type": "dict", "image_number": {"type": "int", "data": 16}, "Hcamera2end": {"type": "ndarray", "data": [[0.9999992913642001, -0.0004594209149494766, 0.0010982729718455337, -0.01578491740887955], [-0.0010979686273301832, 0.0006621809636558895, 0.9999991779902948, 0.027604698044097], [-0.00046014779275587976, -0.9999996752243447, 0.0006616760646593889, 0.03569683000014089], [0.0, 0.0, 0.0, 1.0]]}, "Hobj2base": {"type": "ndarray", "data": [[0.9999998184494069, -0.00039492206710988457, 0.00045512384481465165, -0.7368359824550397], [-0.0003951518112940908, -0.9999997945081283, 0.0005048155574639383, 0.09073694575415302], [0.0004549243884869381, -0.000504995308826016, -0.9999997690117426, -0.002063038589698328], [0.0, 0.0, 0.0, 1.0]]}, "mean_rme": {"type": "float", "data": 0.0017965166105787726}, "max_rme": {"type": "float", "data": 0.006618271475839044}, "simu": {"type": "float", "data": 0.002}}, {"type": "dict", "image_number": {"type": "int", "data": 17}, "Hcamera2end": {"type": "ndarray", "data": [[0.9999993238027413, -0.0002881454154888666, 0.001126661563992637, -0.01569837965312387], [-0.0011265233142945257, 0.00047950451796041627, 0.9999992505100386, 0.027608015991314423], [-0.0002886854388369169, -0.9999998435238058, 0.0004791795911923691, 0.035787665405196845], [0.0, 0.0, 0.0, 1.0]]}, "Hobj2base": {"type": "ndarray", "data": [[0.9999998480866409, -0.0002404173691753509, 0.0004960102657128292, -0.7367501483259178], [-0.00024057824575086318, -0.9999999184735171, 0.00032430705564963044, 0.0906981897003797], [0.0004959322562257326, -0.0003244263356626558, -0.9999998243993593, -0.00209250773479424], [0.0, 0.0, 0.0, 1.0]]}, "mean_rme": {"type": "float", "data": 0.0017566421435441352}, "max_rme": {"type": "float", "data": 0.0066514262010509695}, "simu": {"type": "float", "data": 0.002}}, {"type": "dict", "image_number": {"type": "int", "data": 18}, "Hcamera2end": {"type": "ndarray", "data": [[0.9999994086425161, -8.43265236223471e-05, 0.0010842525791660874, -0.01611137128146894], [-0.0010842246939097467, 0.000330027600021765, 0.9999993577690918, 0.027685216454899738], [-8.468430274176668e-05, -0.9999999419854084, 0.00032993597595820656, 0.03598169341231565], [0.0, 0.0, 0.0, 1.0]]}, "Hobj2base": {"type": "ndarray", "data": [[0.9999998105674074, -4.4648076887177957e-05, 0.0006138987689075038, -0.736835289644691], [-4.482599048881179e-05, -0.9999999570036882, 0.00028979864245289673, 0.09020293196288581], [0.0006138858035600506, -0.0002898261061759647, -0.999999769572498, -0.0019517932236898855], [0.0, 0.0, 0.0, 1.0]]}, "mean_rme": {"type": "float", "data": 0.0018257156542279343}, "max_rme": {"type": "float", "data": 0.006900349192372479}, "simu": {"type": "float", "data": 0.002}}, {"type": "dict", "image_number": {"type": "int", "data": 19}, "Hcamera2end": {"type": "ndarray", "data": [[0.9999996406702825, -0.0002441618918563976, 0.0008118154201810705, -0.015725645005917194], [-0.0008117441157650417, 0.0002919949011928047, 0.9999996279051647, 0.027862640189857242], [-0.0002443988469684212, -0.9999999275619714, 0.0002917965992913496, 0.03517216840937489], [0.0, 0.0, 0.0, 1.0]]}, "Hobj2base": {"type": "ndarray", "data": [[0.9999998546455837, -0.00019148562717397337, 0.0005040258584739001, -0.735985714224693], [-0.00019150271021988786, -0.9999999810906091, 3.384515048128141e-05, 0.0900035624528279], [0.0005040193680832112, -3.394166787965798e-05, -0.9999998724062122, -0.002209213787811818], [0.0, 0.0, 0.0, 1.0]]}, "mean_rme": {"type": "float", "data": 0.001862793394377938}, "max_rme": {"type": "float", "data": 0.006774454102432048}, "simu": {"type": "float", "data": 0.002}}, {"type": "dict", "image_number": {"type": "int", "data": 20}, "Hcamera2end": {"type": "ndarray", "data": [[0.9999997044167809, -0.0004137312470726741, 0.0006480685195401581, -0.015370815090008039], [-0.0006479519572773134, 0.0002818061511713488, 0.9999997503717459, 0.02798917179908984], [-0.00041391377348885225, -0.9999998747058663, 0.00028153798990293577, 0.03461520941581739], [0.0, 0.0, 0.0, 1.0]]}, "Hobj2base": {"type": "ndarray", "data": [[0.9999998485870587, -0.0003512973043399751, 0.0004235753340608116, -0.7353509992032838], [-0.00035124740725073753, -0.9999999313661427, -0.00011786843505039246, 0.08996634092419563], [0.0004236167118527027, 0.00011771963746572179, -0.9999999033454792, -0.0023867363516675926], [0.0, 0.0, 0.0, 1.0]]}, "mean_rme": {"type": "float", "data": 0.0018895253369223231}, "max_rme": {"type": "float", "data": 0.006693007573445153}, "simu": {"type": "float", "data": 0.002}}, {"type": "dict", "image_number": {"type": "int", "data": 21}, "Hcamera2end": {"type": "ndarray", "data": [[0.9999997368308677, -0.0004123023593280127, 0.0005969463625312892, -0.015314731168585618], [-0.0005968036075199249, 0.0003462749388410957, 0.999999761959532, 0.02797521522504345], [-0.000412508968748543, -0.9999998550502049, 0.0003460287841767773, 0.03471004546236333], [0.0, 0.0, 0.0, 1.0]]}, "Hobj2base": {"type": "ndarray", "data": [[0.9999998816303051, -0.0003447027849375529, 0.00034339389312776, -0.7354150173645797], [-0.0003446671017283007, -0.9999999351977127, -0.0001039671076785216, 0.09008270416882425], [0.0003434297086266089, 0.00010384873879407123, -0.9999999356357352, -0.002367791165403598], [0.0, 0.0, 0.0, 1.0]]}, "mean_rme": {"type": "float", "data": 0.0018372950538412193}, "max_rme": {"type": "float", "data": 0.006666255008618283}, "simu": {"type": "float", "data": 0.002}}, {"type": "dict", "image_number": {"type": "int", "data": 22}, "Hcamera2end": {"type": "ndarray", "data": [[0.9999998093956066, -0.00016583885764420294, 0.000594732060500602, -0.015145174109260577], [-0.0005946822596092991, 0.0003001846644670181, 0.9999997781210638, 0.02806868897477345], [-0.00016601735029208266, -0.9999999411933184, 0.0003000859858239835, 0.03477988813125694], [0.0, 0.0, 0.0, 1.0]]}, "Hobj2base": {"type": "ndarray", "data": [[0.9999999345039786, -0.00012619539248381488, 0.0003392149191004334, -0.7356336655114462], [-0.00012617615013409453, -0.9999999904296824, -5.674693223178657e-05, 0.09007726147097993], [0.0003392220770554241, 5.670412768252814e-05, -0.9999999408565103, -0.0024139642318468557], [0.0, 0.0, 0.0, 1.0]]}, "mean_rme": {"type": "float", "data": 0.0018567740184775802}, "max_rme": {"type": "float", "data": 0.006728572988536685}, "simu": {"type": "float", "data": 0.002}}, {"type": "dict", "image_number": {"type": "int", "data": 23}, "Hcamera2end": {"type": "ndarray", "data": [[0.9999998171898289, -7.802593412842225e-05, 0.0005996100919915294, -0.015087644601315467], [-0.0005995899952391558, 0.0002573340267227886, 0.9999997871354958, 0.028141531967250305], [-7.818021759890641e-05, -0.9999999638455757, 0.00025728719610995654, 0.03489544275990352], [0.0, 0.0, 0.0, 1.0]]}, "Hobj2base": {"type": "ndarray", "data": [[0.9999999338249848, -4.639221042003473e-05, 0.0003608293073042837, -0.7357454937280138], [-4.638916946773333e-05, -0.9999999988884392, -8.436040188561894e-06, 0.0900107425371998], [0.0003608296982697515, 8.419301058421343e-06, -0.9999999348655202, -0.0024342111706652596], [0.0, 0.0, 0.0, 1.0]]}, "mean_rme": {"type": "float", "data": 0.0018421500817767545}, "max_rme": {"type": "float", "data": 0.006794815224157147}, "simu": {"type": "float", "data": 0.002}}, {"type": "dict", "image_number": {"type": "int", "data": 24}, "Hcamera2end": {"type": "ndarray", "data": [[0.999999822560217, -0.00018155253737570863, 0.000567378366411239, -0.01505774244776099], [-0.0005673140565208919, 0.00035407758521976973, 0.9999997763918878, 0.02823054489785034], [-0.00018175339274097333, -0.999999920833867, 0.00035397452508589833, 0.034905576941564674], [0.0, 0.0, 0.0, 1.0]]}, "Hobj2base": {"type": "ndarray", "data": [[0.9999999336343743, -0.0001939389142738917, 0.00030841359303742234, -0.7357269153676173], [-0.00019400224888329007, -0.9999999600994214, 0.0002053394338717171, 0.09014589487943492], [0.0003083737574246788, -0.00020539925317487255, -0.999999931358384, -0.002381026728467577], [0.0, 0.0, 0.0, 1.0]]}, "mean_rme": {"type": "float", "data": 0.0018486120003469114}, "max_rme": {"type": "float", "data": 0.006903458581823396}, "simu": {"type": "float", "data": 0.002}}, {"type": "dict", "image_number": {"type": "int", "data": 25}, "Hcamera2end": {"type": "ndarray", "data": [[0.9999998513247966, -2.6209985947105066e-05, 0.0005446681754043756, -0.014956035396615202], [-0.000544660578686907, 0.0002889800556159505, 0.9999998099176725, 0.028226354291103074], [-2.6367379204670445e-05, -0.999999957901781, 0.0002889657371056842, 0.034849958027512666], [0.0, 0.0, 0.0, 1.0]]}, "Hobj2base": {"type": "ndarray", "data": [[0.9999999371663921, -4.311739391802957e-05, 0.00035186375500759865, -0.7357767375226443], [-4.319685519952713e-05, -0.9999999735685023, 0.000225825211633072, 0.0902283202444717], [0.0003518540087127061, -0.00022584039685133423, -0.9999999125974322, -0.0024083873823687175], [0.0, 0.0, 0.0, 1.0]]}, "mean_rme": {"type": "float", "data": 0.001833166624823228}, "max_rme": {"type": "float", "data": 0.0068883119483402755}, "simu": {"type": "float", "data": 0.002}}, {"type": "dict", "image_number": {"type": "int", "data": 26}, "Hcamera2end": {"type": "ndarray", "data": [[0.99999987484011, -0.00015391876582718385, 0.0004760554357993938, -0.015121872858252321], [-0.000476022301413331, 0.00021523692230285274, 0.9999998635379088, 0.02823276366590257], [-0.0001540212095299543, -0.99999996499104, 0.00021516362659868005, 0.03471994287139218], [0.0, 0.0, 0.0, 1.0]]}, "Hobj2base": {"type": "ndarray", "data": [[0.9999999160351583, -0.00016576436396078243, 0.00037476906490050137, -0.735722229579311], [-0.00016581024625481096, -0.9999999787625493, 0.00012240042337056278, 0.08999095998790776], [0.00037474876731303315, -0.00012246255364417043, -0.9999999222831393, -0.002517576301509689], [0.0, 0.0, 0.0, 1.0]]}, "mean_rme": {"type": "float", "data": 0.0018391008280344249}, "max_rme": {"type": "float", "data": 0.0067910396006627405}, "simu": {"type": "float", "data": 0.002}}, {"type": "dict", "image_number": {"type": "int", "data": 27}, "Hcamera2end": {"type": "ndarray", "data": [[0.999999889031907, -0.00012175662541573858, 0.0004550950427167444, -0.015039660228052228], [-0.0004550711501112903, 0.00019618827903067348, 0.9999998772101959, 0.028144827190612353], [-0.00012184589477849225, -0.9999999733427409, 0.00019613284933239772, 0.03460635205402485], [0.0, 0.0, 0.0, 1.0]]}, "Hobj2base": {"type": "ndarray", "data": [[0.9999999127797523, -0.00013145049141318323, 0.0003964356897404866, -0.7356358003195735], [-0.0001314934967482382, -0.999999985473393, 0.00010845586510485387, 0.09009459787326432], [0.0003964214274048564, -0.00010850798436038622, -0.9999999155380312, -0.002515136149287504], [0.0, 0.0, 0.0, 1.0]]}, "mean_rme": {"type": "float", "data": 0.0018187326828122436}, "max_rme": {"type": "float", "data": 0.0067079313779824234}, "simu": {"type": "float", "data": 0.002}}, {"type": "dict", "image_number": {"type": "int", "data": 28}, "Hcamera2end": {"type": "ndarray", "data": [[0.9999999300458227, 6.887727053004955e-05, 0.0003676469384207166, -0.015071335742840817], [-0.0003676603392629373, 0.00019464963856974382, 0.9999999134686929, 0.028249721688493518], [6.880570222632433e-05, -0.9999999786837198, 0.0001946749483937582, 0.03418789387327909], [0.0, 0.0, 0.0, 1.0]]}, "Hobj2base": {"type": "ndarray", "data": [[0.9999999365836468, 5.312499079609749e-05, 0.000352151157475205, -0.7353371748515893], [5.311254752126824e-05, -0.9999999979649188, 3.5344296491614164e-05, 0.08977900361605151], [0.0003521530344239747, -3.5325590605121705e-05, -0.9999999373701693, -0.002638860347681176], [0.0, 0.0, 0.0, 1.0]]}, "mean_rme": {"type": "float", "data": 0.0018177947460991954}, "max_rme": {"type": "float", "data": 0.0066740806223725135}, "simu": {"type": "float", "data": 0.002}}, {"type": "dict", "image_number": {"type": "int", "data": 29}, "Hcamera2end": {"type": "ndarray", "data": [[0.9999999517935623, -6.80636194244751e-05, 0.0003029524993232774, -0.014907679197406588], [-0.0003029350196360802, 0.0002566776505643631, 0.9999999211734758, 0.028179306828564524], [-6.81413751950155e-05, -0.9999999647419633, 0.00025665701933696994, 0.034363678393553566], [0.0, 0.0, 0.0, 1.0]]}, "Hobj2base": {"type": "ndarray", "data": [[0.9999999582422674, -8.245717205229475e-05, 0.0002769770355893359, -0.7353468440102374], [-8.246528337852571e-05, -0.9999999961712578, 2.9273901201668943e-05, 0.09004512917736478], [0.00027697462068575424, -2.9296740968986423e-05, -0.9999999612133792, -0.0026140567988339304], [0.0, 0.0, 0.0, 1.0]]}, "mean_rme": {"type": "float", "data": 0.0018482534458379642}, "max_rme": {"type": "float", "data": 0.00659231275569272}, "simu": {"type": "float", "data": 0.002}}, {"type": "dict", "image_number": {"type": "int", "data": 30}, "Hcamera2end": {"type": "ndarray", "data": [[0.9999996321193652, 0.0008252259238744515, 0.00023401561702167487, -0.015014921815116291], [-0.00023426400422761926, 0.00030090916140868007, 0.9999999272870238, 0.028025394103196655], [0.000825155446426744, -0.9999996142278512, 0.0003011023714393213, 0.03430188588152095], [0.0, 0.0, 0.0, 1.0]]}, "Hobj2base": {"type": "ndarray", "data": [[0.9999996145841645, 0.0008148018678022808, 0.00032700067080185095, -0.7354423654394826], [0.0008147824037924734, -0.9999996662856021, 5.9651647459042315e-05, 0.08976840740007605], [0.00032704916595078604, -5.938519007575509e-05, -0.9999999447561196, -0.002563822457095048], [0.0, 0.0, 0.0, 1.0]]}, "mean_rme": {"type": "float", "data": 0.0018218668953372103}, "max_rme": {"type": "float", "data": 0.00646189618819748}, "simu": {"type": "float", "data": 0.002}}]}