{"type": "list", "data": [{"type": "dict", "image_number": {"type": "int", "data": 5}, "Hcamera2end": {"type": "ndarray", "data": [[0.9999970896786573, 0.0018080447146591107, -0.001597375511647948, -0.015087865261437915], [0.001597533884129475, -8.615241386245032e-05, 0.9999987202308065, 0.03607760980602406], [0.0018079047830230116, -0.9999983617746939, -8.904057582692637e-05, 0.029749860701786313], [0.0, 0.0, 0.0, 1.0]]}, "Hobj2base": {"type": "ndarray", "data": [[0.9999988296407868, 0.0014709092930520785, 0.0004208834852878188, -0.7330405319187694], [0.0014711996132789292, -0.999998679520008, -0.0006903114787723474, 0.08787335513010869], [0.0004198675439503709, 0.0006909298744807392, -0.9999996731635235, -0.0017003188527256463], [0.0, 0.0, 0.0, 1.0]]}, "mean_rme": {"type": "float", "data": 0.0012542524078642831}, "max_rme": {"type": "float", "data": 0.003227398321833108}, "simu": {"type": "float", "data": 0.002}}, {"type": "dict", "image_number": {"type": "int", "data": 6}, "Hcamera2end": {"type": "ndarray", "data": [[0.9999990139584397, 0.0010537797768344218, -0.000928240448556511, -0.012782092783699999], [0.0009283895734476219, -0.00014103394650910595, 0.9999995591010158, 0.03618538586137726], [0.0010536483988102194, -0.9999994348286443, -0.0001420121256012763, 0.03061437340459186], [0.0, 0.0, 0.0, 1.0]]}, "Hobj2base": {"type": "ndarray", "data": [[0.9999995555067663, 0.0008069239861565924, 0.0004877088786833574, -0.7333259282017655], [0.0008069948008916766, -0.9999996638643207, -0.00014501943759736438, 0.09064005518026029], [0.0004875916950843459, 0.0001454129516666518, -0.999999870554698, -0.0013211884525442992], [0.0, 0.0, 0.0, 1.0]]}, "mean_rme": {"type": "float", "data": 0.0012326860060348722}, "max_rme": {"type": "float", "data": 0.003568623621562572}, "simu": {"type": "float", "data": 0.002}}, {"type": "dict", "image_number": {"type": "int", "data": 7}, "Hcamera2end": {"type": "ndarray", "data": [[0.9999980584347714, 0.001043309393564489, -0.0016717153456602906, -0.01151689133464048], [0.0016729861875981295, -0.001218405629559438, 0.9999978583001754, 0.0361550714927179], [0.0010412703317207706, -0.999998713495788, -0.0012201487061502814, 0.031988991357815626], [0.0, 0.0, 0.0, 1.0]]}, "Hobj2base": {"type": "ndarray", "data": [[0.9999985893541279, 0.0008049486392434894, 0.0014742277444564592, -0.7339863902271746], [0.0008067827284582088, -0.9999989008694947, -0.0012439298341076546, 0.09169425096742272], [0.0014732248244604936, 0.0012451174608452103, -0.9999981396438327, -0.0017056395749138356], [0.0, 0.0, 0.0, 1.0]]}, "mean_rme": {"type": "float", "data": 0.0012649123981451284}, "max_rme": {"type": "float", "data": 0.0034691728377016506}, "simu": {"type": "float", "data": 0.002}}, {"type": "dict", "image_number": {"type": "int", "data": 8}, "Hcamera2end": {"type": "ndarray", "data": [[0.9999980905424042, 0.00047555510062362327, -0.0018954574360588632, -0.013496546976801659], [0.0018957885558649995, -0.0006967987128201347, 0.9999979602265718, 0.03600053178688412], [0.00047423337829731417, -0.9999996441593864, -0.0006976989342299955, 0.03109790405241747], [0.0, 0.0, 0.0, 1.0]]}, "Hobj2base": {"type": "ndarray", "data": [[0.9999994796693173, 0.00042724480281664256, 0.0009263492716246812, -0.7332352666430049], [0.0004286684396627869, -0.9999987266725645, -0.0015371716294807288, 0.08963296645622613], [0.0009256913434890059, 0.0015375679263400156, -0.9999983894889073, -0.0016458671239614892], [0.0, 0.0, 0.0, 1.0]]}, "mean_rme": {"type": "float", "data": 0.0013353066964410592}, "max_rme": {"type": "float", "data": 0.0033420211087279994}, "simu": {"type": "float", "data": 0.002}}, {"type": "dict", "image_number": {"type": "int", "data": 9}, "Hcamera2end": {"type": "ndarray", "data": [[0.9999980354133391, 0.0009040205585579724, -0.0017640624399298465, -0.013759987984426125], [0.0017643968348862009, -0.00036923357927487466, 0.9999983752838666, 0.03598965319129413], [0.0009033677386924264, -0.999999523206583, -0.0003708279048957319, 0.03130858648812936], [0.0, 0.0, 0.0, 1.0]]}, "Hobj2base": {"type": "ndarray", "data": [[0.9999995442826538, 0.0007559952966817067, 0.0005830142332486941, -0.7332474660243247], [0.0007568808940863951, -0.9999985579447412, -0.001520276208335509, 0.08924707973642458], [0.0005818640708467945, 0.0015207167878533963, -0.9999986744264482, -0.0016366254436640587], [0.0, 0.0, 0.0, 1.0]]}, "mean_rme": {"type": "float", "data": 0.001312014817676711}, "max_rme": {"type": "float", "data": 0.003790127834671503}, "simu": {"type": "float", "data": 0.002}}, {"type": "dict", "image_number": {"type": "int", "data": 10}, "Hcamera2end": {"type": "ndarray", "data": [[0.9999984830239498, 0.0010336030323982366, -0.001402003769814835, -0.014502401624828565], [0.001403302350475255, -0.0012567101737175346, 0.9999982257094524, 0.03590266048364622], [0.0010318392860850295, -0.9999986761712794, -0.0012581587248832182, 0.032434103662477023], [0.0, 0.0, 0.0, 1.0]]}, "Hobj2base": {"type": "ndarray", "data": [[0.9999985925919004, 0.0007999241082253545, 0.0014747662999799562, -0.733982516350088], [0.0008016380783691973, -0.9999990035968076, -0.0011619732284884716, 0.08867789054702693], [0.0014738353401195262, 0.0011631538219406977, -0.9999982374397354, -0.001727559969208664], [0.0, 0.0, 0.0, 1.0]]}, "mean_rme": {"type": "float", "data": 0.0013014761582927751}, "max_rme": {"type": "float", "data": 0.0038818432706773376}, "simu": {"type": "float", "data": 0.002}}, {"type": "dict", "image_number": {"type": "int", "data": 11}, "Hcamera2end": {"type": "ndarray", "data": [[0.9999985261221266, 0.0010726608555334102, -0.001340579077697808, -0.013726316322766401], [0.0013419650759741233, -0.0012924375222380657, 0.9999982643659867, 0.035996418411113104], [0.0010709263790852006, -0.9999985895009752, -0.0012938750907494079, 0.03284118457670478], [0.0, 0.0, 0.0, 1.0]]}, "Hobj2base": {"type": "ndarray", "data": [[0.9999985474139881, 0.0008590586053870298, 0.0014721372987326255, -0.7347052954846505], [0.0008606783798808127, -0.999999024607537, -0.001100007591065311, 0.08921603672815645], [0.0014711908918339047, 0.0011012730299549064, -0.9999983113961106, -0.0016118446790205252], [0.0, 0.0, 0.0, 1.0]]}, "mean_rme": {"type": "float", "data": 0.0012896794984839737}, "max_rme": {"type": "float", "data": 0.0035642499183182186}, "simu": {"type": "float", "data": 0.002}}, {"type": "dict", "image_number": {"type": "int", "data": 12}, "Hcamera2end": {"type": "ndarray", "data": [[0.9999985284282836, 0.0009116342293717254, -0.001453294291986561, -0.013802652222879746], [0.0014545109045701276, -0.0013352999007287814, 0.9999980506842021, 0.036248160110423124], [0.0009096918685849011, -0.9999986929477496, -0.0013366239176668682, 0.03267247522042495], [0.0, 0.0, 0.0, 1.0]]}, "Hobj2base": {"type": "ndarray", "data": [[0.9999986375591954, 0.0007381830809882306, 0.0014764706200368907, -0.7346239303782954], [0.0007398648647838173, -0.9999990778269197, -0.0011388350592636885, 0.0894385317682199], [0.0014756285897026464, 0.0011399258964039849, -0.9999982615430969, -0.0017502787735127108], [0.0, 0.0, 0.0, 1.0]]}, "mean_rme": {"type": "float", "data": 0.0013154569664400003}, "max_rme": {"type": "float", "data": 0.003518667260037467}, "simu": {"type": "float", "data": 0.002}}, {"type": "dict", "image_number": {"type": "int", "data": 13}, "Hcamera2end": {"type": "ndarray", "data": [[0.999998889625119, 0.0007328582926164647, -0.0012975620417491978, -0.013991535879048635], [0.0012985104947244178, -0.00129519366765396, 0.9999983181705149, 0.036266772449700606], [0.0007311764659339182, -0.9999988926954301, -0.0012961438536875924, 0.0327559534720991], [0.0, 0.0, 0.0, 1.0]]}, "Hobj2base": {"type": "ndarray", "data": [[0.999998949116208, 0.0005839518451833589, 0.001326938853959226, -0.7346310637296164], [0.0005853328443090043, -0.9999992872779953, -0.0010405906798615038, 0.08931934402162756], [0.00132633025337312, 0.0010413662872152364, -0.9999985782011469, -0.0017439503730052532], [0.0, 0.0, 0.0, 1.0]]}, "mean_rme": {"type": "float", "data": 0.0012416401168873228}, "max_rme": {"type": "float", "data": 0.0035089507849027646}, "simu": {"type": "float", "data": 0.002}}, {"type": "dict", "image_number": {"type": "int", "data": 14}, "Hcamera2end": {"type": "ndarray", "data": [[0.9999988201402031, 0.0010304347148793033, -0.0011392640168611872, -0.013971553123232141], [0.0011404403680763838, -0.0011417405307210249, 0.9999986979113158, 0.03634802637387358], [0.0010291326292586787, -0.9999988173157299, -0.0011429143329728664, 0.03269416240708475], [0.0, 0.0, 0.0, 1.0]]}, "Hobj2base": {"type": "ndarray", "data": [[0.9999986981183262, 0.0009190471503842505, 0.0013263159457834815, -0.7347069142804041], [0.0009205609406803871, -0.999998925124858, -0.0011411909058822705, 0.08926364097894478], [0.001325265711909345, 0.0011424103748414339, -0.9999984692834927, -0.0017349491166117972], [0.0, 0.0, 0.0, 1.0]]}, "mean_rme": {"type": "float", "data": 0.0012068781012213841}, "max_rme": {"type": "float", "data": 0.0035346481278721864}, "simu": {"type": "float", "data": 0.002}}, {"type": "dict", "image_number": {"type": "int", "data": 15}, "Hcamera2end": {"type": "ndarray", "data": [[0.9999991935702869, 0.000923497270304991, -0.0008717864232284781, -0.014052063078558118], [0.0008727297112440522, -0.0010215201585719313, 0.9999990974193013, 0.03643911964933473], [0.0009226058893688821, -0.9999990518242293, -0.0010223252982937137, 0.03275581497112781], [0.0, 0.0, 0.0, 1.0]]}, "Hobj2base": {"type": "ndarray", "data": [[0.99999903502732, 0.0008431088541688369, 0.0011041339994572572, -0.7348332996493928], [0.0008441405163659694, -0.9999992073195276, -0.0009342307555312759, 0.08929547024494253], [0.0011033454660099719, 0.000935161898268559, -0.9999989540499561, -0.0016953033471207616], [0.0, 0.0, 0.0, 1.0]]}, "mean_rme": {"type": "float", "data": 0.0011508597032196866}, "max_rme": {"type": "float", "data": 0.003594369795866248}, "simu": {"type": "float", "data": 0.002}}, {"type": "dict", "image_number": {"type": "int", "data": 16}, "Hcamera2end": {"type": "ndarray", "data": [[0.9999996394995346, 0.00036178505557900927, -0.0007681877207461804, -0.01435428158591714], [0.0007685645776833568, -0.001042675258962733, 0.9999991610680451, 0.03649150809109684], [0.00036098378173530436, -0.9999993909697534, -0.0010429529382562919, 0.03284992033913844], [0.0, 0.0, 0.0, 1.0]]}, "Hobj2base": {"type": "ndarray", "data": [[0.9999994004383389, 0.0003033137463135527, 0.0010521994744776574, -0.7346507397078672], [0.00030421912498055644, -0.9999995835728963, -0.0008604096456084615, 0.08916908253988501], [0.0010519380622403037, 0.0008607292289432557, -0.9999990762853275, -0.0016742338926421033], [0.0, 0.0, 0.0, 1.0]]}, "mean_rme": {"type": "float", "data": 0.001174073812030582}, "max_rme": {"type": "float", "data": 0.003654041370216521}, "simu": {"type": "float", "data": 0.002}}, {"type": "dict", "image_number": {"type": "int", "data": 17}, "Hcamera2end": {"type": "ndarray", "data": [[0.9999995864649704, 0.00032096266598069317, -0.0008509129539171571, -0.014474002305161472], [0.0008512336437778556, -0.0010003402619449542, 0.99999913735995, 0.03662947004542042], [0.0003201111866182291, -0.9999994481510116, -0.0010006130624891085, 0.033102414456705566], [0.0, 0.0, 0.0, 1.0]]}, "Hobj2base": {"type": "ndarray", "data": [[0.9999994355102, 0.0002724391908949442, 0.0010270132271072436, -0.7349395654553623], [0.0002733629312103224, -0.9999995581667223, -0.0008994104000922109, 0.08924361308009968], [0.0010267677386969398, 0.0008996906397303677, -0.9999990681519475, -0.0017366398785015368], [0.0, 0.0, 0.0, 1.0]]}, "mean_rme": {"type": "float", "data": 0.0011907269734775156}, "max_rme": {"type": "float", "data": 0.003739326264587506}, "simu": {"type": "float", "data": 0.002}}, {"type": "dict", "image_number": {"type": "int", "data": 18}, "Hcamera2end": {"type": "ndarray", "data": [[0.9999996996381447, 0.00030932228679751255, -0.0007106640157361851, -0.014054837249766684], [0.0007109286483109522, -0.0008562562821450292, 0.9999993807026267, 0.03678014648126245], [0.0003087135847070644, -0.9999995855723655, -0.0008564759310334402, 0.03277597328740542], [0.0, 0.0, 0.0, 1.0]]}, "Hobj2base": {"type": "ndarray", "data": [[0.9999996077396084, 0.0002704164959521346, 0.0008434426762863276, -0.7348744912317423], [0.00027109343074165656, -0.999999641191299, -0.0008025743742051207, 0.08981205972990801], [0.0008432253443017426, 0.0008028027111557308, -0.9999993222391836, -0.0018307449874775765], [0.0, 0.0, 0.0, 1.0]]}, "mean_rme": {"type": "float", "data": 0.0012377416478301117}, "max_rme": {"type": "float", "data": 0.0037402228967365336}, "simu": {"type": "float", "data": 0.002}}, {"type": "dict", "image_number": {"type": "int", "data": 19}, "Hcamera2end": {"type": "ndarray", "data": [[0.9999997254756091, 0.0001323626947238509, -0.0007290602330022177, -0.014192743551915358], [0.0007291707625293842, -0.0008369314789358206, 0.9999993839276597, 0.03770075774467626], [0.00013175243971981607, -0.999999641012844, -0.0008370277641847057, 0.032774674506466484], [0.0, 0.0, 0.0, 1.0]]}, "Hobj2base": {"type": "ndarray", "data": [[0.9999996906206924, 0.00012675454590920413, 0.0007763322772125437, -0.7349154730623588], [0.00012746464872412461, -0.9999995735308189, -0.0009147081188647589, 0.08984042067374158], [0.0007762160027185074, 0.0009148067907940025, -0.9999992803083668, -0.0027840606578907363], [0.0, 0.0, 0.0, 1.0]]}, "mean_rme": {"type": "float", "data": 0.0012207344968132414}, "max_rme": {"type": "float", "data": 0.003739959659091213}, "simu": {"type": "float", "data": 0.002}}, {"type": "dict", "image_number": {"type": "int", "data": 20}, "Hcamera2end": {"type": "ndarray", "data": [[0.9999996816804816, -0.0002625996710333914, -0.0007534456504769574, -0.014287632846664053], [0.0007531972214444094, -0.000944855534507516, 0.9999992699707159, 0.0376708895277003], [-0.0002633113766207453, -0.9999995191446003, -0.0009446574443989775, 0.03294124082358389], [0.0, 0.0, 0.0, 1.0]]}, "Hobj2base": {"type": "ndarray", "data": [[0.9999997114594118, -0.0002948414854366767, 0.0007001068429437452, -0.734756326339081], [-0.00029417402388890525, -0.9999995023567974, -0.0009532826450459566, 0.09005569324105406], [0.00070038756181144, 0.0009530764167380805, -0.999999300551059, -0.002821820449440149], [0.0, 0.0, 0.0, 1.0]]}, "mean_rme": {"type": "float", "data": 0.0013333528394969246}, "max_rme": {"type": "float", "data": 0.004230834757496978}, "simu": {"type": "float", "data": 0.002}}, {"type": "dict", "image_number": {"type": "int", "data": 21}, "Hcamera2end": {"type": "ndarray", "data": [[0.9999997491323311, -0.00018859634513796288, -0.0006827640100060005, -0.014235396840260836], [0.0006826083121936721, -0.000824395485343743, 0.9999994272088241, 0.037577828133012026], [-0.00018915910467904467, -0.9999996424016874, -0.0008242665410969074, 0.03259773540872379], [0.0, 0.0, 0.0, 1.0]]}, "Hobj2base": {"type": "ndarray", "data": [[0.9999997860759311, -0.00022036450469126688, 0.0006158632778913692, -0.7344625501913777], [-0.00021984649704991733, -0.9999996221516858, -0.0008410493465750622, 0.0900282116767808], [0.0006160483826111468, 0.0008409137712700578, -0.9999994566740622, -0.002767351271313178], [0.0, 0.0, 0.0, 1.0]]}, "mean_rme": {"type": "float", "data": 0.001342247715994024}, "max_rme": {"type": "float", "data": 0.004330613422403783}, "simu": {"type": "float", "data": 0.002}}, {"type": "dict", "image_number": {"type": "int", "data": 22}, "Hcamera2end": {"type": "ndarray", "data": [[0.9999997859675067, -0.0002552049259061104, -0.0006024411892761585, -0.014183052896164127], [0.0006022331692835056, -0.0008144037798467618, 0.9999994870307146, 0.03751351777244905], [-0.00025569542537550415, -0.9999996358083979, -0.0008142499126666536, 0.032603324123677196], [0.0, 0.0, 0.0, 1.0]]}, "Hobj2base": {"type": "ndarray", "data": [[0.9999997694472146, -0.0002841322667760821, 0.0006167449819390566, -0.7344988902946238], [-0.0002836431382890602, -0.9999996453302862, -0.0007930232477775371, 0.09009318185383307], [0.0006169700866912877, 0.0007928481294616171, -0.9999994953697504, -0.0028755183944945873], [0.0, 0.0, 0.0, 1.0]]}, "mean_rme": {"type": "float", "data": 0.001356144835104772}, "max_rme": {"type": "float", "data": 0.004370060799725024}, "simu": {"type": "float", "data": 0.002}}, {"type": "dict", "image_number": {"type": "int", "data": 23}, "Hcamera2end": {"type": "ndarray", "data": [[0.9999998132170761, -0.00026216233817186, -0.0005521202056022888, -0.0142366515564665], [0.000551902905259149, -0.0008282271867601221, 0.9999995047213323, 0.037502088272348306], [-0.000262619489293086, -0.9999996226552464, -0.0008280823439053009, 0.03262643827984011], [0.0, 0.0, 0.0, 1.0]]}, "Hobj2base": {"type": "ndarray", "data": [[0.9999997647405213, -0.0003049345987836169, 0.0006144377857028137, -0.734469076338137], [-0.00030442909980673904, -0.9999996153035602, -0.000822627288255713, 0.09013399754190748], [0.0006146883968528777, 0.0008224400419828573, -0.9999994728751374, -0.00291723517546741], [0.0, 0.0, 0.0, 1.0]]}, "mean_rme": {"type": "float", "data": 0.0013514839308421303}, "max_rme": {"type": "float", "data": 0.004301749599211639}, "simu": {"type": "float", "data": 0.002}}, {"type": "dict", "image_number": {"type": "int", "data": 24}, "Hcamera2end": {"type": "ndarray", "data": [[0.9999997291758485, -0.000264800049440387, -0.0006866798114556839, -0.01425583605373808], [0.0006864635969616409, -0.000815748103724534, 0.9999994316612191, 0.037457528963676816], [-0.0002653600566983107, -0.9999996322179148, -0.0008155661072057896, 0.03263425192663737], [0.0, 0.0, 0.0, 1.0]]}, "Hobj2base": {"type": "ndarray", "data": [[0.9999998224368374, -0.0002856105373979647, 0.0005230228625165774, -0.7345385879982295], [-0.0002851297349908867, -0.9999995369595995, -0.0009191200248589392, 0.09007237912205379], [0.0005232851307000951, 0.0009189707322868972, -0.9999994408325761, -0.0029179914470257354], [0.0, 0.0, 0.0, 1.0]]}, "mean_rme": {"type": "float", "data": 0.0013331857620183536}, "max_rme": {"type": "float", "data": 0.004277198458227167}, "simu": {"type": "float", "data": 0.002}}, {"type": "dict", "image_number": {"type": "int", "data": 25}, "Hcamera2end": {"type": "ndarray", "data": [[0.999999667021044, -0.00038819374916034476, -0.0007178185106688388, -0.014118330179191434], [0.0007175288793687206, -0.0007457251629103823, 0.9999994645230008, 0.037558745345095484], [-0.00038872883661732964, -0.9999996465997347, -0.0007454463743736817, 0.032861702984489836], [0.0, 0.0, 0.0, 1.0]]}, "Hobj2base": {"type": "ndarray", "data": [[0.9999998140022524, -0.00040321235099026676, 0.00045761912193364865, -0.7348189884784756], [-0.00040276065769616413, -0.9999994320894552, -0.000986714052121979, 0.09011210913846954], [0.00045801671733963485, 0.0009865295576168634, -0.9999994084898847, -0.0028773780462750653], [0.0, 0.0, 0.0, 1.0]]}, "mean_rme": {"type": "float", "data": 0.0013578566866656392}, "max_rme": {"type": "float", "data": 0.004383932275367285}, "simu": {"type": "float", "data": 0.002}}, {"type": "dict", "image_number": {"type": "int", "data": 26}, "Hcamera2end": {"type": "ndarray", "data": [[0.9999997527594758, -0.00040383824180980797, -0.0005756697504631164, -0.014125620167438275], [0.0005753811362797959, -0.0007144301984820522, 0.9999995792629313, 0.037598941481034966], [-0.00040424934775417336, -0.9999996632520263, -0.0007141976609394973, 0.03263944460195241], [0.0, 0.0, 0.0, 1.0]]}, "Hobj2base": {"type": "ndarray", "data": [[0.999999841275753, -0.00041876326361148003, 0.0003769426982222946, -0.7346488586802776], [-0.00041843779748925434, -0.999999539982489, -0.0008631017434485498, 0.09025145074401314], [0.00037730396012496814, 0.0008629438793809518, -0.9999995564846929, -0.002926750681519752], [0.0, 0.0, 0.0, 1.0]]}, "mean_rme": {"type": "float", "data": 0.0013504891279841915}, "max_rme": {"type": "float", "data": 0.004311796175636089}, "simu": {"type": "float", "data": 0.002}}, {"type": "dict", "image_number": {"type": "int", "data": 27}, "Hcamera2end": {"type": "ndarray", "data": [[0.9999997627275375, -0.0003961314446018001, -0.0005635820679423413, -0.014182757927050614], [0.0005632982832935925, -0.0007161369714627774, 0.9999995849213547, 0.03759637489923132], [-0.0003965348821314038, -0.999999665113802, -0.0007159136613803518, 0.03286720223908687], [0.0, 0.0, 0.0, 1.0]]}, "Hobj2base": {"type": "ndarray", "data": [[0.9999998424126261, -0.0004118758550814962, 0.00038148788065745545, -0.734755204261737], [-0.0004115542785700742, -0.9999995602830438, -0.0008426486781929151, 0.09005631997997218], [0.0003818347795556297, 0.0008424915424326154, -0.9999995722050097, -0.0028551005008786074], [0.0, 0.0, 0.0, 1.0]]}, "mean_rme": {"type": "float", "data": 0.001402505925014874}, "max_rme": {"type": "float", "data": 0.004454324083948295}, "simu": {"type": "float", "data": 0.002}}, {"type": "dict", "image_number": {"type": "int", "data": 28}, "Hcamera2end": {"type": "ndarray", "data": [[0.9999998066492123, 0.00020252332604966426, -0.0005879505425247652, -0.013894965648518592], [0.0005880787643662573, -0.0006336447197896611, 0.999999626328798, 0.03755269081003792], [0.0002021506986157613, -0.9999997787393111, -0.0006337636969413474, 0.03294900712473744], [0.0, 0.0, 0.0, 1.0]]}, "Hobj2base": {"type": "ndarray", "data": [[0.9999999238831621, 0.00017227173731394548, 0.00035008016017996153, -0.7346968900474325], [0.00017255595758220737, -0.9999996554369093, -0.0008120040055517641, 0.0902132126805351], [0.0003499401542145171, 0.0008120643521618572, -0.9999996090466121, -0.002728558857416154], [0.0, 0.0, 0.0, 1.0]]}, "mean_rme": {"type": "float", "data": 0.0014779449971188724}, "max_rme": {"type": "float", "data": 0.0056335270737966625}, "simu": {"type": "float", "data": 0.002}}, {"type": "dict", "image_number": {"type": "int", "data": 29}, "Hcamera2end": {"type": "ndarray", "data": [[0.9999997887197477, 0.00026275530432935863, -0.0005945755712430446, -0.014010097652125329], [0.000594721808199157, -0.0005568246381582043, 0.9999996681260911, 0.03748908177775151], [0.0002624241428004134, -0.9999998104529678, -0.0005569807868217591, 0.03273159216847655], [0.0, 0.0, 0.0, 1.0]]}, "Hobj2base": {"type": "ndarray", "data": [[0.9999999242189247, 0.0002389789354852414, 0.00030732916109386694, -0.7346507064685345], [0.0002392210093105203, -0.9999996610137443, -0.0007878741690713715, 0.08997555118894277], [0.00030714077158328415, 0.0007879476289575271, -0.9999996424014768, -0.002725577687401203], [0.0, 0.0, 0.0, 1.0]]}, "mean_rme": {"type": "float", "data": 0.001512528242356069}, "max_rme": {"type": "float", "data": 0.005782583436669042}, "simu": {"type": "float", "data": 0.002}}, {"type": "dict", "image_number": {"type": "int", "data": 30}, "Hcamera2end": {"type": "ndarray", "data": [[0.9999998104434866, 7.788568211520663e-05, -0.0006107755818235763, -0.013881681806258934], [0.000610817998042926, -0.0005457399582666778, 0.9999996645345791, 0.03753276075561192], [7.755233134671877e-05, -0.9999998480508475, -0.0005457874287944087, 0.03267874429577527], [0.0, 0.0, 0.0, 1.0]]}, "Hobj2base": {"type": "ndarray", "data": [[0.9999999535270224, 4.7541805612889534e-05, 0.00030114071417328966, -0.7346798876105932], [4.778865822697927e-05, -0.999999662845825, -0.0008197709924559686, 0.0901267438768071], [0.00030110163924927023, 0.0008197853454694375, -0.9999996186448221, -0.0027505977882236687], [0.0, 0.0, 0.0, 1.0]]}, "mean_rme": {"type": "float", "data": 0.0015005769553094784}, "max_rme": {"type": "float", "data": 0.005841462414057863}, "simu": {"type": "float", "data": 0.002}}]}