{"type": "list", "data": [{"type": "dict", "image_number": {"type": "int", "data": 5}, "Hcamera2end": {"type": "ndarray", "data": [[0.9999896813197607, 0.0022045489860872953, 0.003972054603251646, -0.015027623674426182], [-0.003974542176538904, 0.0011251502686021597, 0.9999914684892866, 0.028330715061922432], [0.002200061019650252, -0.9999969369956294, 0.001133900731461801, 0.032052409967012106], [0.0, 0.0, 0.0, 1.0]]}, "Hobj2base": {"type": "ndarray", "data": [[0.9999946268649028, 0.0024307756680537946, 0.0021994478796461335, -0.7352241914114999], [0.0024256684108357016, -0.9999943627681624, 0.002321758957525876, 0.08911074709675848], [0.0022050791560295616, -0.002316411351158397, -0.9999948859191068, -0.004606411382729525], [0.0, 0.0, 0.0, 1.0]]}, "mean_rme": {"type": "float", "data": 0.0010366290359808774}, "max_rme": {"type": "float", "data": 0.0035593624749032937}, "simu": {"type": "float", "data": 0.002}}, {"type": "dict", "image_number": {"type": "int", "data": 6}, "Hcamera2end": {"type": "ndarray", "data": [[0.9999939286989852, 0.0027754067345365143, 0.0021070554398977914, -0.01848322524062086], [-0.002108494604719199, 0.0005157180841250941, 0.9999976441399049, 0.027438006272107525], [0.00277431354947193, -0.99999601556822, 0.0005215668831710651, 0.03205986369786938], [0.0, 0.0, 0.0, 1.0]]}, "Hobj2base": {"type": "ndarray", "data": [[0.9999926667602766, 0.003108371507589279, 0.002237063307350274, -0.7352234529750296], [0.003108606896276826, -0.999995163093069, -0.00010175278943228516, 0.08569203357419447], [0.0022367362014117692, 0.00010870619367932465, -0.9999974925939206, -0.0019815785846546974], [0.0, 0.0, 0.0, 1.0]]}, "mean_rme": {"type": "float", "data": 0.0012714822852444285}, "max_rme": {"type": "float", "data": 0.00389720739973487}, "simu": {"type": "float", "data": 0.002}}, {"type": "dict", "image_number": {"type": "int", "data": 7}, "Hcamera2end": {"type": "ndarray", "data": [[0.9999982230661745, 0.001758155402210533, 0.0006802602996329778, -0.01581116737320354], [-0.0006873474828638553, 0.004033577691873735, 0.9999916288671827, 0.027407462982508648], [0.0017553968016888809, -0.9999903195234369, 0.00403477898816329, 0.031125697582398196], [0.0, 0.0, 0.0, 1.0]]}, "Hobj2base": {"type": "ndarray", "data": [[0.9999990741928314, 0.0010495929504152001, -0.0008660069967810477, -0.7358059309284466], [0.0010485301645815632, -0.9999986978113509, -0.001226768151184006, 0.08782980019261437], [-0.000867293476279843, 0.0012258589809743935, -0.9999988725352569, -0.00220690898638487], [0.0, 0.0, 0.0, 1.0]]}, "mean_rme": {"type": "float", "data": 0.0012105557693395529}, "max_rme": {"type": "float", "data": 0.003953204183945291}, "simu": {"type": "float", "data": 0.002}}, {"type": "dict", "image_number": {"type": "int", "data": 8}, "Hcamera2end": {"type": "ndarray", "data": [[0.9999982044148633, 0.0018584481641142452, 0.0003705907049631747, -0.016464421990244598], [-0.0003777892781929034, 0.003874578367536574, 0.9999924224301581, 0.026845486456112528], [0.001856998198864823, -0.9999907668638225, 0.003875273512191746, 0.03099961453660844], [0.0, 0.0, 0.0, 1.0]]}, "Hobj2base": {"type": "ndarray", "data": [[0.9999988821050202, 0.0012322445305122222, -0.0008469723294963073, -0.7355890594609726], [0.0012310778050219364, -0.9999982946139789, -0.0013766686499431442, 0.08781265290970001], [-0.0008486672774957564, 0.0013756244221358608, -0.9999986937097975, -0.0013506019267592803], [0.0, 0.0, 0.0, 1.0]]}, "mean_rme": {"type": "float", "data": 0.00134444280287756}, "max_rme": {"type": "float", "data": 0.0037814423492584792}, "simu": {"type": "float", "data": 0.002}}, {"type": "dict", "image_number": {"type": "int", "data": 9}, "Hcamera2end": {"type": "ndarray", "data": [[0.9999980557541792, 0.0019405871698816315, 0.00035015610444573853, -0.01646867493082449], [-0.00035720664835625193, 0.003634046437965499, 0.9999933330327244, 0.027131754122726153], [0.0019393017485063815, -0.9999915138779543, 0.003634732563124632, 0.030883435448292692], [0.0, 0.0, 0.0, 1.0]]}, "Hobj2base": {"type": "ndarray", "data": [[0.9999989031404567, 0.0013397309142413917, -0.0006315369830425646, -0.7353547709420103], [0.0013390655078093757, -0.9999985491745431, -0.0010528781384717876, 0.08811542678640273], [-0.0006329466401836724, 0.001052031314221455, -0.9999992463040481, -0.0016441105493405926], [0.0, 0.0, 0.0, 1.0]]}, "mean_rme": {"type": "float", "data": 0.0013660051579027028}, "max_rme": {"type": "float", "data": 0.003622456748113567}, "simu": {"type": "float", "data": 0.002}}, {"type": "dict", "image_number": {"type": "int", "data": 10}, "Hcamera2end": {"type": "ndarray", "data": [[0.9999983317625474, 0.001722971787812016, 0.0006064984258689163, -0.01706017119415225], [-0.000611103029406479, 0.0026732093877064322, 0.9999962402452608, 0.026904748130640088], [0.0017213440125750086, -0.9999949426471056, 0.0026742578414375995, 0.03107684335089332], [0.0, 0.0, 0.0, 1.0]]}, "Hobj2base": {"type": "ndarray", "data": [[0.9999989743372242, 0.0014275760735984989, 0.0001155467600932792, -0.7349524531587354], [0.0014276293212142444, -0.9999988741828936, -0.00046206868123327915, 0.08776929180616745], [0.00011488699181507229, 0.0004622331652493134, -0.9999998865707336, -0.0015442874718273269], [0.0, 0.0, 0.0, 1.0]]}, "mean_rme": {"type": "float", "data": 0.0013010731780459441}, "max_rme": {"type": "float", "data": 0.0036296561389689286}, "simu": {"type": "float", "data": 0.002}}, {"type": "dict", "image_number": {"type": "int", "data": 11}, "Hcamera2end": {"type": "ndarray", "data": [[0.9999991209671303, 0.0013250475172674155, -4.810450858517689e-05, -0.01679082400273616], [4.341916933802911e-05, 0.0035357801223213636, 0.9999937481673085, 0.026737705559043583], [0.0013252093202572785, -0.9999928712285922, 0.003535719481791877, 0.03135522497841921], [0.0, 0.0, 0.0, 1.0]]}, "Hobj2base": {"type": "ndarray", "data": [[0.9999995075336893, 0.0007897519512112574, -0.000601019329508956, -0.7355647127395885], [0.0007891671273923354, -0.9999992155646977, -0.0009726691291487727, 0.08783809919343069], [-0.0006017870253908047, 0.0009721943454442194, -0.999999346345052, -0.001551218253352047], [0.0, 0.0, 0.0, 1.0]]}, "mean_rme": {"type": "float", "data": 0.0012498255408251568}, "max_rme": {"type": "float", "data": 0.0038815794458368913}, "simu": {"type": "float", "data": 0.002}}, {"type": "dict", "image_number": {"type": "int", "data": 12}, "Hcamera2end": {"type": "ndarray", "data": [[0.9999997706630949, 0.0005439866814202386, -0.00040342564137780195, -0.015783411310793017], [0.0004014479834436755, 0.003630711118768004, 0.9999933283658891, 0.026626800008233736], [0.0005454477741018855, -0.9999932609849242, 0.0036304919037557504, 0.03131583644852408], [0.0, 0.0, 0.0, 1.0]]}, "Hobj2base": {"type": "ndarray", "data": [[0.9999998671637229, 4.681185219388592e-05, -0.0005133041856991821, -0.7349768570711405], [4.623453645442877e-05, -0.9999993665019327, -0.0011246591045748126, 0.08866771937003415], [-0.0005133565078977441, 0.0011246352227981982, -0.999999235830064, -0.0017227553019378006], [0.0, 0.0, 0.0, 1.0]]}, "mean_rme": {"type": "float", "data": 0.0013910558352436297}, "max_rme": {"type": "float", "data": 0.006322596977788086}, "simu": {"type": "float", "data": 0.002}}, {"type": "dict", "image_number": {"type": "int", "data": 13}, "Hcamera2end": {"type": "ndarray", "data": [[0.9999998073280314, 0.0003702944375293317, -0.0004982227711602143, -0.016075688285216043], [0.000496791155462866, 0.003856243399908421, 0.9999924412641268, 0.026660379870818533], [0.0003722129068444537, -0.9999924961062807, 0.003856058697916942, 0.03147795686048765], [0.0, 0.0, 0.0, 1.0]]}, "Hobj2base": {"type": "ndarray", "data": [[0.9999997560601966, -0.0001775439152632404, -0.0006755425267671526, -0.7353515092921643], [-0.00017826093743893224, -0.999999420730999, -0.0010614898515299764, 0.08854219623259327], [-0.000675353674382055, 0.001061610015434452, -0.9999992084404816, -0.0017027590590271062], [0.0, 0.0, 0.0, 1.0]]}, "mean_rme": {"type": "float", "data": 0.001426596268390006}, "max_rme": {"type": "float", "data": 0.006663503511734559}, "simu": {"type": "float", "data": 0.002}}, {"type": "dict", "image_number": {"type": "int", "data": 14}, "Hcamera2end": {"type": "ndarray", "data": [[0.9999998477937649, 0.0003041425825452671, -0.0004603365470300305, -0.015789726966917536], [0.00045935504377008385, 0.0032193423652286945, 0.99999471239986, 0.026265427968368706], [0.0003056229553090219, -0.9999947716523445, 0.0032192021657954095, 0.03228758023116425], [0.0, 0.0, 0.0, 1.0]]}, "Hobj2base": {"type": "ndarray", "data": [[0.9999999896460764, 1.4087432327071087e-05, -0.0001432110029845866, -0.7358926742512482], [1.3987140462040101e-05, -0.9999997547024284, -0.0007002852584631412, 0.0887545992127726], [-0.00014322083307646355, 0.0007002832481000267, -0.9999997445455502, -0.0013002132180899534], [0.0, 0.0, 0.0, 1.0]]}, "mean_rme": {"type": "float", "data": 0.0014186881595111514}, "max_rme": {"type": "float", "data": 0.006581064186579222}, "simu": {"type": "float", "data": 0.002}}, {"type": "dict", "image_number": {"type": "int", "data": 15}, "Hcamera2end": {"type": "ndarray", "data": [[0.9999997884968923, 0.00035716665339916736, -0.0005435422267498667, -0.015395530949701211], [0.0005424276886835541, 0.003113221142574507, 0.9999950068006941, 0.02616043382136495], [0.00035885703714708117, -0.9999950901309963, 0.003113026747036285, 0.03239826742379974], [0.0, 0.0, 0.0, 1.0]]}, "Hobj2base": {"type": "ndarray", "data": [[0.9999999939210669, 0.00010180652679787502, -4.234734032373379e-05, -0.7361369372826227], [0.0001017760497022109, -0.9999997362871551, -0.0007190738882837424, 0.08902806444357131], [-4.242053557127339e-05, 0.0007190695739675267, -0.9999997405696897, -0.0013278345746839614], [0.0, 0.0, 0.0, 1.0]]}, "mean_rme": {"type": "float", "data": 0.0013706473060966405}, "max_rme": {"type": "float", "data": 0.006578969690199554}, "simu": {"type": "float", "data": 0.002}}, {"type": "dict", "image_number": {"type": "int", "data": 16}, "Hcamera2end": {"type": "ndarray", "data": [[0.9999997810729977, -0.00013421219215322436, -0.00064795142110653, -0.015003128462193694], [0.0006483937899594899, 0.0033226474961499664, 0.9999942697831371, 0.026074158487102084], [-0.00013205850892129118, -0.9999944709850669, 0.00332273379108472, 0.03227393188834988], [0.0, 0.0, 0.0, 1.0]]}, "Hobj2base": {"type": "ndarray", "data": [[0.9999998992313858, -0.00043428582706722956, -0.00011372351864974526, -0.7359056899836455], [-0.00043436828563470824, -0.9999996420795856, -0.0007260612187532874, 0.0894185571798301], [-0.00011340815984888861, 0.0007261105434789367, -0.9999997299509977, -0.0012907226230202025], [0.0, 0.0, 0.0, 1.0]]}, "mean_rme": {"type": "float", "data": 0.001386693422070751}, "max_rme": {"type": "float", "data": 0.006259631957172607}, "simu": {"type": "float", "data": 0.002}}, {"type": "dict", "image_number": {"type": "int", "data": 17}, "Hcamera2end": {"type": "ndarray", "data": [[0.9999997819522284, -0.0001297417115018982, -0.000647504891159236, -0.015297538235264863], [0.0006479247843013695, 0.0032629030725381813, 0.9999944668131983, 0.02583220072667642], [-0.00012762824791792568, -0.9999946683011, 0.003262986423939851, 0.032355236485612976], [0.0, 0.0, 0.0, 1.0]]}, "Hobj2base": {"type": "ndarray", "data": [[0.999999922890564, -0.00038432846496874864, -8.06876508028854e-05, -0.7357838241802992], [-0.0003843872740443344, -0.9999996595982676, -0.0007301025769005555, 0.08936704668748569], [-8.040702413401936e-05, 0.0007301335359088987, -0.9999997302198289, -0.0008673126587338934], [0.0, 0.0, 0.0, 1.0]]}, "mean_rme": {"type": "float", "data": 0.0014288848483618186}, "max_rme": {"type": "float", "data": 0.006236519267307172}, "simu": {"type": "float", "data": 0.002}}, {"type": "dict", "image_number": {"type": "int", "data": 18}, "Hcamera2end": {"type": "ndarray", "data": [[0.9999997175109944, -0.00021725839370324943, -0.0007195670377524253, -0.015231956652638018], [0.0007203176897941032, 0.0034750323306317332, 0.9999937026265348, 0.025790961764470148], [-0.00021475650682575945, -0.9999939384561743, 0.0034751878440375528, 0.03253365580441718], [0.0, 0.0, 0.0, 1.0]]}, "Hobj2base": {"type": "ndarray", "data": [[0.9999998253673437, -0.0005338681951599678, -0.0002534759009248279, -0.7360486422605451], [-0.0005340634602518834, -0.9999995602384357, -0.0007709080074069871, 0.08945952908877869], [-0.0002530642261893205, 0.0007710432449980123, -0.9999996707253518, -0.000840636727877844], [0.0, 0.0, 0.0, 1.0]]}, "mean_rme": {"type": "float", "data": 0.0013999599935675122}, "max_rme": {"type": "float", "data": 0.006265036514461975}, "simu": {"type": "float", "data": 0.002}}, {"type": "dict", "image_number": {"type": "int", "data": 19}, "Hcamera2end": {"type": "ndarray", "data": [[0.9999998205071746, -0.0004232378296880198, -0.0004240935721987734, -0.015598514123019554], [0.0004253629406839168, 0.0030036150847331244, 0.9999953986708096, 0.02576434897992377], [-0.00042196206838064496, -0.9999953995724992, 0.00300379457529365, 0.03265450996712117], [0.0, 0.0, 0.0, 1.0]]}, "Hobj2base": {"type": "ndarray", "data": [[0.9999998214932232, -0.000580981714493497, 0.00013954844767014127, -0.7358144205803406], [-0.0005809369459810184, -0.9999997798522577, -0.0003206363997204172, 0.08937509819652655], [0.00013973470083410416, 0.00032055527363564104, -0.9999999388592631, -0.0007197300357077587], [0.0, 0.0, 0.0, 1.0]]}, "mean_rme": {"type": "float", "data": 0.0013762373456699384}, "max_rme": {"type": "float", "data": 0.006236422482406301}, "simu": {"type": "float", "data": 0.002}}, {"type": "dict", "image_number": {"type": "int", "data": 20}, "Hcamera2end": {"type": "ndarray", "data": [[0.9999996941936609, -0.00053240585138901, -0.0005728495388803607, -0.015062322592404231], [0.0005745351637909863, 0.0031713107551173403, 0.9999948063352326, 0.025687248810235642], [-0.0005305864023477827, -0.9999948296526855, 0.003171615671193506, 0.032663975797540476], [0.0, 0.0, 0.0, 1.0]]}, "Hobj2base": {"type": "ndarray", "data": [[0.9999997315119976, -0.0007327191009477464, 9.932356010286586e-06, -0.7357555761468745], [-0.0007327147825388375, -0.9999996399604862, -0.0004280279727950885, 0.08980099823312268], [1.0245976705652861e-05, 0.000428020580290639, -0.9999999083466973, -0.0009119120152979194], [0.0, 0.0, 0.0, 1.0]]}, "mean_rme": {"type": "float", "data": 0.001438820579217964}, "max_rme": {"type": "float", "data": 0.0058836271754509895}, "simu": {"type": "float", "data": 0.002}}, {"type": "dict", "image_number": {"type": "int", "data": 21}, "Hcamera2end": {"type": "ndarray", "data": [[0.9999997211946288, -0.0005740885383813964, -0.00047752802508070863, -0.014998386846962763], [0.0004793523905155574, 0.0031819204361820397, 0.9999948227884099, 0.024769370823945945], [-0.0005725661100217079, -0.9999947728886824, 0.0031821947397587813, 0.032604775936189455], [0.0, 0.0, 0.0, 1.0]]}, "Hobj2base": {"type": "ndarray", "data": [[0.9999996973913472, -0.0007779570256929197, -2.8331686297469137e-07, -0.7357288146925439], [-0.0007779570746672165, -0.9999995978565612, -0.0004461720581168832, 0.09036206804369759], [6.37859382392251e-08, 0.00044617214350971566, -0.999999900465202, -0.0002694738623381337], [0.0, 0.0, 0.0, 1.0]]}, "mean_rme": {"type": "float", "data": 0.0014480903532374445}, "max_rme": {"type": "float", "data": 0.005860651605822331}, "simu": {"type": "float", "data": 0.002}}, {"type": "dict", "image_number": {"type": "int", "data": 22}, "Hcamera2end": {"type": "ndarray", "data": [[0.9999996022425012, -0.0007358518412088022, -0.0005040207409518154, -0.014847092702457772], [0.0005063954799954744, 0.0032305856590802984, 0.999994653425666, 0.024825683724096777], [-0.0007342196247446361, -0.9999945109041187, 0.0032309570061369586, 0.032664564839463464], [0.0, 0.0, 0.0, 1.0]]}, "Hobj2base": {"type": "ndarray", "data": [[0.9999995539563513, -0.0009445034800382173, -5.240837384710889e-07, -0.7356907750063474], [-0.0009445036151764401, -0.9999994709445239, -0.00040745992801411666, 0.09056130644460045], [-1.3923614121626247e-07, 0.0004074602412681893, -0.9999999169880625, -0.00031444244386781686], [0.0, 0.0, 0.0, 1.0]]}, "mean_rme": {"type": "float", "data": 0.0014681158572314725}, "max_rme": {"type": "float", "data": 0.005700890105773959}, "simu": {"type": "float", "data": 0.002}}, {"type": "dict", "image_number": {"type": "int", "data": 23}, "Hcamera2end": {"type": "ndarray", "data": [[0.9999996181087863, -0.0004963996080925499, -0.0007192841654074045, -0.014672447600843193], [0.0007207126436278946, 0.0028835238740082536, 0.9999955829219213, 0.024730331698046476], [-0.0004943233423935745, -0.9999957194295869, 0.0028838805342896734, 0.03263927341010664], [0.0, 0.0, 0.0, 1.0]]}, "Hobj2base": {"type": "ndarray", "data": [[0.9999998010121771, -0.000569474416867696, 0.00027143046030464197, -0.7355807902581234], [-0.0005693527533257007, -0.9999997375229162, -0.0004480976900662468, 0.09062001898625942], [0.0002716855692311167, 0.00044794306122035216, -0.9999998627669728, -0.00041616424731695344], [0.0, 0.0, 0.0, 1.0]]}, "mean_rme": {"type": "float", "data": 0.0014500763720596763}, "max_rme": {"type": "float", "data": 0.005660879458718682}, "simu": {"type": "float", "data": 0.002}}, {"type": "dict", "image_number": {"type": "int", "data": 24}, "Hcamera2end": {"type": "ndarray", "data": [[0.999999579142795, -0.0005683730326372777, -0.0007201849266717291, -0.014764726424802102], [0.0007217006837152852, 0.002671150917244236, 0.9999961720431234, 0.024716960860898904], [-0.0005664471343023546, -0.9999962709454835, 0.0026715599882773944, 0.03271361745450041], [0.0, 0.0, 0.0, 1.0]]}, "Hobj2base": {"type": "ndarray", "data": [[0.999999721115384, -0.0005662077562004931, 0.00048700916927465863, -0.7355652722299052], [-0.0005659573771856119, -0.9999997076967462, -0.0005140998632331587, 0.09051943579227306], [0.000487300114250318, 0.0005138240934265077, -0.9999997492616683, -0.00041932141286850355], [0.0, 0.0, 0.0, 1.0]]}, "mean_rme": {"type": "float", "data": 0.0014114296101185918}, "max_rme": {"type": "float", "data": 0.005708074759143422}, "simu": {"type": "float", "data": 0.002}}, {"type": "dict", "image_number": {"type": "int", "data": 25}, "Hcamera2end": {"type": "ndarray", "data": [[0.9999994728629252, -0.0007095491223117957, -0.0007421683870089656, -0.01478436505567077], [0.0007439620498087298, 0.0025309778768348723, 0.9999965203296739, 0.02449172094289877], [-0.0007076682415463638, -0.9999965453395478, 0.002531504420282049, 0.03298553839502733], [0.0, 0.0, 0.0, 1.0]]}, "Hobj2base": {"type": "ndarray", "data": [[0.9999995682340992, -0.0006364306571120065, 0.000677117149282451, -0.7356477173040001], [-0.0006361438539052702, -0.9999997079012157, -0.0004236962121595434, 0.09049629601159713], [0.0006773866047560755, 0.00042326528530907685, -0.9999996809968921, -0.0001781064070988547], [0.0, 0.0, 0.0, 1.0]]}, "mean_rme": {"type": "float", "data": 0.0014138674118736223}, "max_rme": {"type": "float", "data": 0.005633599894035335}, "simu": {"type": "float", "data": 0.002}}, {"type": "dict", "image_number": {"type": "int", "data": 26}, "Hcamera2end": {"type": "ndarray", "data": [[0.9999996432672253, 0.0004077928024457821, -0.0007397097081427715, -0.014992679252842605], [0.0007387095458327255, 0.0024473427549017712, 0.9999967324054848, 0.02432081739143049], [0.0004096017931392113, -0.9999969221044984, 0.00244704064141843, 0.0330352750612419], [0.0, 0.0, 0.0, 1.0]]}, "Hobj2base": {"type": "ndarray", "data": [[0.9999999167175986, 0.00039580104584568547, 9.953053831368377e-05, -0.735769090400024], [0.00039585672550655917, -0.9999997648336723, -0.0005600268319418365, 0.09023122002689526], [9.930885570166837e-05, 0.0005600661851344418, -0.9999998382317963, 0.0002779358227595512], [0.0, 0.0, 0.0, 1.0]]}, "mean_rme": {"type": "float", "data": 0.001421510674781948}, "max_rme": {"type": "float", "data": 0.005724639761656547}, "simu": {"type": "float", "data": 0.002}}, {"type": "dict", "image_number": {"type": "int", "data": 27}, "Hcamera2end": {"type": "ndarray", "data": [[0.9999996779718093, 0.0003241740929806067, -0.000734144015273196, -0.01493614900814251], [0.0007334025574306452, 0.002281446857369862, 0.9999971285563403, 0.02418467382802013], [0.0003258480726894647, -0.9999973449521726, 0.002281208372570842, 0.03318569011267254], [0.0, 0.0, 0.0, 1.0]]}, "Hobj2base": {"type": "ndarray", "data": [[0.9999998868354127, 0.0003931533006958829, 0.00026787990574551017, -0.7358163055904734], [0.0003932713881981943, -0.9999998254668476, -0.000440912564431884, 0.09032102317306384], [0.00026770651276156106, 0.00044101786403859857, -0.9999998669182244, 0.0004152438997624408], [0.0, 0.0, 0.0, 1.0]]}, "mean_rme": {"type": "float", "data": 0.0013854007055993012}, "max_rme": {"type": "float", "data": 0.005678899268994342}, "simu": {"type": "float", "data": 0.002}}, {"type": "dict", "image_number": {"type": "int", "data": 28}, "Hcamera2end": {"type": "ndarray", "data": [[0.99999974857833, 0.0003114532815930252, -0.0006370558298550678, -0.014899226712800542], [0.0006363190332247493, 0.0023600761180987417, 0.99999701256494, 0.024079846855701723], [0.0003129558513965088, -0.9999971665147709, 0.0023598773410734575, 0.033072815083968185], [0.0, 0.0, 0.0, 1.0]]}, "Hobj2base": {"type": "ndarray", "data": [[0.9999999096327666, 0.00035671078674050477, 0.00023128310157453675, -0.7357110740331655], [0.0003567858833513246, -0.9999998836252706, -0.00032473570562052315, 0.09040685851348552], [0.0002311672379299938, 0.00032481819482075533, -0.9999999205274208, 0.00047235210674797086], [0.0, 0.0, 0.0, 1.0]]}, "mean_rme": {"type": "float", "data": 0.0013709387888635822}, "max_rme": {"type": "float", "data": 0.005608573144006868}, "simu": {"type": "float", "data": 0.002}}, {"type": "dict", "image_number": {"type": "int", "data": 29}, "Hcamera2end": {"type": "ndarray", "data": [[0.9999996375706107, 0.0005974210388714118, -0.0006065861435670665, -0.014821651457898797], [0.000605200716243111, 0.0023164703053405455, 0.9999971338446015, 0.024183245593303513], [0.0005988244653590802, -0.9999971385226195, 0.0023161079061430057, 0.033066065263770796], [0.0, 0.0, 0.0, 1.0]]}, "Hobj2base": {"type": "ndarray", "data": [[0.9999998030560786, 0.0006221612990677929, 8.248103970182483e-05, -0.7357617804915824], [0.0006221859992429149, -0.9999997615087721, -0.00029977822143527165, 0.09034345222600655], [8.229450962313998e-05, 0.0002998294809438787, -0.9999999516649472, 0.0003139524360614403], [0.0, 0.0, 0.0, 1.0]]}, "mean_rme": {"type": "float", "data": 0.0013691540988723945}, "max_rme": {"type": "float", "data": 0.005603883328388348}, "simu": {"type": "float", "data": 0.002}}, {"type": "dict", "image_number": {"type": "int", "data": 30}, "Hcamera2end": {"type": "ndarray", "data": [[0.9999987010179546, 0.0015158833596380765, -0.0005477773665199329, -0.014867343256953372], [0.0005443710066748884, 0.0022466131020120184, 0.9999973281913194, 0.024697450568639333], [0.0015171099532963663, -0.9999963274068612, 0.002245784980751453, 0.03310706714669309], [0.0, 0.0, 0.0, 1.0]]}, "Hobj2base": {"type": "ndarray", "data": [[0.9999988348449901, 0.0014711910148183576, -0.0004073151854057333, -0.735919445012226], [0.0014710531507864705, -0.9999988606881784, -0.00033856309919785897, 0.08984123506466762], [-0.00040781281233621654, 0.0003379635224325134, -0.9999998597346738, 2.2719158745299062e-05], [0.0, 0.0, 0.0, 1.0]]}, "mean_rme": {"type": "float", "data": 0.0014086089310265935}, "max_rme": {"type": "float", "data": 0.005661293102486198}, "simu": {"type": "float", "data": 0.002}}]}