{"type": "list", "data": [{"type": "dict", "image_number": {"type": "int", "data": 5}, "Hcamera2end": {"type": "ndarray", "data": [[0.9999810718478017, 0.005935157096250197, 0.001621683188681574, -0.015356355971058753], [-0.0016202545326855478, -0.00024551109260717574, 0.999998657248875, 0.032098916095264], [0.005935547268022845, -0.9999823566616295, -0.00023588998034851372, 0.029732860345547684], [0.0, 0.0, 0.0, 1.0]]}, "Hobj2base": {"type": "ndarray", "data": [[0.9999827102272433, 0.005686937761480007, 0.0014959897975169358, -0.7326769015232404], [0.005682617366809353, -0.9999797164445314, 0.002876553385056471, 0.09018138300147809], [0.0015123182335932883, -0.002868002512498181, -0.9999947437137602, -0.00045130851311403486], [0.0, 0.0, 0.0, 1.0]]}, "mean_rme": {"type": "float", "data": 0.0011470531601084197}, "max_rme": {"type": "float", "data": 0.0031836367510692243}, "simu": {"type": "float", "data": 0.002}}, {"type": "dict", "image_number": {"type": "int", "data": 6}, "Hcamera2end": {"type": "ndarray", "data": [[0.9999827413872466, 0.00587080054660632, -0.00022500797530144263, -0.016311820725709268], [0.00023043042726302075, -0.0009229706957603057, 0.9999995475133542, 0.03192830893264095], [0.005870590214379957, -0.9999823407570939, -0.000924307577644834, 0.03216495913305121], [0.0, 0.0, 0.0, 1.0]]}, "Hobj2base": {"type": "ndarray", "data": [[0.999981835986784, 0.005728510433099356, 0.0018739969899523755, -0.7350437027318688], [0.005726802969108278, -0.9999831828943715, 0.0009152355953839711, 0.08843364248248164], [0.001879208411403949, -0.0009044869595063615, -0.9999978252371784, -0.0009206632311053545], [0.0, 0.0, 0.0, 1.0]]}, "mean_rme": {"type": "float", "data": 0.0014923404907203912}, "max_rme": {"type": "float", "data": 0.0031333095925429877}, "simu": {"type": "float", "data": 0.002}}, {"type": "dict", "image_number": {"type": "int", "data": 7}, "Hcamera2end": {"type": "ndarray", "data": [[0.9999840521233214, 0.005626122997160682, -0.0004921778573407079, -0.01665511308241033], [0.0004978612041724659, -0.0010088152088676416, 0.9999993672128475, 0.03213897732813159], [0.0056256229205143785, -0.9999836643825213, -0.0010116001487772142, 0.03170136696447095], [0.0, 0.0, 0.0, 1.0]]}, "Hobj2base": {"type": "ndarray", "data": [[0.9999831572738158, 0.005482045474857927, 0.0019058714810879919, -0.7347303701500442], [0.0054809763510628735, -0.9999848193061676, 0.0005657344347325153, 0.0877039810213015], [0.00190894393053445, -0.0005552788697063298, -0.999998023797271, -0.0010378669307642022], [0.0, 0.0, 0.0, 1.0]]}, "mean_rme": {"type": "float", "data": 0.001499265542703884}, "max_rme": {"type": "float", "data": 0.003289804562164045}, "simu": {"type": "float", "data": 0.002}}, {"type": "dict", "image_number": {"type": "int", "data": 8}, "Hcamera2end": {"type": "ndarray", "data": [[0.9999840393555134, 0.005645702691493764, -0.00021696854691080234, -0.017296741222106414], [0.00022176538926161216, -0.0008490327300367806, 0.9999996149816935, 0.03190112208026527], [0.00564551630439716, -0.9999837024594663, -0.0008502712003821689, 0.03196121245606356], [0.0, 0.0, 0.0, 1.0]]}, "Hobj2base": {"type": "ndarray", "data": [[0.9999835149916961, 0.005504324555288336, 0.0016346730689443202, -0.7347934106308281], [0.005503201563977829, -0.999984618743391, 0.0006906874695585566, 0.08706175850751231], [0.0016384496936170964, -0.0006816801481802787, -0.9999984253961485, -0.001095164220781035], [0.0, 0.0, 0.0, 1.0]]}, "mean_rme": {"type": "float", "data": 0.0015143473717733236}, "max_rme": {"type": "float", "data": 0.003004981883567681}, "simu": {"type": "float", "data": 0.002}}, {"type": "dict", "image_number": {"type": "int", "data": 9}, "Hcamera2end": {"type": "ndarray", "data": [[0.9999845445697261, 0.005557143740043764, -0.0001696323380286262, -0.01780003665552818], [0.00017438850292105564, -0.0008553916372129322, 0.999999618946826, 0.031744151750478566], [0.005556996520393152, -0.9999841931043708, -0.0008563475187444158, 0.03207105079605063], [0.0, 0.0, 0.0, 1.0]]}, "Hobj2base": {"type": "ndarray", "data": [[0.9999840326673713, 0.005456985348612195, 0.0014682374490295664, -0.7344720812545622], [0.0054559523165996675, -0.9999848664833801, 0.0007066742781901512, 0.08706082131394446], [0.0014720715406160542, -0.0006986523609755398, -0.9999986724442478, -0.0006575579384010358], [0.0, 0.0, 0.0, 1.0]]}, "mean_rme": {"type": "float", "data": 0.0016782653545494896}, "max_rme": {"type": "float", "data": 0.0033804351775982774}, "simu": {"type": "float", "data": 0.002}}, {"type": "dict", "image_number": {"type": "int", "data": 10}, "Hcamera2end": {"type": "ndarray", "data": [[0.9999791708735171, 0.006196026872198805, -0.0018075038346536823, -0.015745241371746703], [0.0018158083984151125, -0.0013349413418608513, 0.9999974603825122, 0.031881642437128724], [0.006193598225066154, -0.9999799133895705, -0.0013461643338301688, 0.031477857971163925], [0.0, 0.0, 0.0, 1.0]]}, "Hobj2base": {"type": "ndarray", "data": [[0.9999796367319592, 0.006127577044873125, 0.001782952881607468, -0.7335074532445465], [0.00612936655260923, -0.9999807152976838, -0.000999949196466587, 0.08789813215629869], [0.0017767912321495953, 0.001010857205990475, -0.99999791058813, -0.0006526134517025606], [0.0, 0.0, 0.0, 1.0]]}, "mean_rme": {"type": "float", "data": 0.0017980818016927306}, "max_rme": {"type": "float", "data": 0.003868969676438405}, "simu": {"type": "float", "data": 0.002}}, {"type": "dict", "image_number": {"type": "int", "data": 11}, "Hcamera2end": {"type": "ndarray", "data": [[0.9999793751834026, 0.006202668287541065, -0.001666167436497256, -0.015730257124304734], [0.0016722729786216102, -0.0009792850697361022, 0.9999981222501556, 0.031899984371772584], [0.006201024987587411, -0.9999802837590684, -0.000989637426733747, 0.031889401576807495], [0.0, 0.0, 0.0, 1.0]]}, "Hobj2base": {"type": "ndarray", "data": [[0.9999802326800847, 0.0061280526140477425, 0.0014075582556380651, -0.734063349184299], [0.006129570844638965, -0.9999806341816988, -0.001076857849959558, 0.08763134565738603], [0.0014009319555582348, 0.0010854642914118248, -0.9999984295772313, -0.0006642644363781561], [0.0, 0.0, 0.0, 1.0]]}, "mean_rme": {"type": "float", "data": 0.0017285238072787762}, "max_rme": {"type": "float", "data": 0.003875280951061655}, "simu": {"type": "float", "data": 0.002}}, {"type": "dict", "image_number": {"type": "int", "data": 12}, "Hcamera2end": {"type": "ndarray", "data": [[0.9999807504987694, 0.006101173653798282, -0.0011288542705116126, -0.015933005266286326], [0.0011334809800934622, -0.0007549264681332435, 0.9999990726530178, 0.03212220805784912], [0.006100315793925832, -0.999981102704483, -0.0007618275004679376, 0.03217136208247704], [0.0, 0.0, 0.0, 1.0]]}, "Hobj2base": {"type": "ndarray", "data": [[0.9999810362149187, 0.006080641336877449, 0.0009762230634445784, -0.7344991015361048], [0.006081301872828805, -0.9999812808370108, -0.0006750874780240278, 0.08756314648081383], [0.0009720998245410586, 0.0006810113829542078, -0.9999992956224657, -0.00036849933377588556], [0.0, 0.0, 0.0, 1.0]]}, "mean_rme": {"type": "float", "data": 0.0017600313969139475}, "max_rme": {"type": "float", "data": 0.004755964707972016}, "simu": {"type": "float", "data": 0.002}}, {"type": "dict", "image_number": {"type": "int", "data": 13}, "Hcamera2end": {"type": "ndarray", "data": [[0.9999812204444768, 0.006104019194117441, -0.000547455982283577, -0.015780169324444877], [0.0005525395170083527, -0.0008311623515320221, 0.9999995019344896, 0.0322628673619359], [0.006103561129114412, -0.9999810248793839, -0.0008345194544898682, 0.03252288105467275], [0.0, 0.0, 0.0, 1.0]]}, "Hobj2base": {"type": "ndarray", "data": [[0.9999813524179526, 0.00605148219373093, 0.0008212061991490279, -0.734972630900984], [0.006051565722643902, -0.9999816841813254, -9.926824139737064e-05, 0.08789767315299454], [0.0008205904380899709, 0.00010423597357068741, -0.9999996578830386, -0.00029950562463446285], [0.0, 0.0, 0.0, 1.0]]}, "mean_rme": {"type": "float", "data": 0.001753958644438139}, "max_rme": {"type": "float", "data": 0.004493137845325013}, "simu": {"type": "float", "data": 0.002}}, {"type": "dict", "image_number": {"type": "int", "data": 14}, "Hcamera2end": {"type": "ndarray", "data": [[0.9999780800880826, 0.006603023384849223, -0.0004893112825644259, -0.016225663257630057], [0.0004950972400612551, -0.0008746526868823601, 0.9999994949305726, 0.03230621922689918], [0.006602592072435966, -0.9999778172863918, -0.0008779026532264034, 0.033160388774525526], [0.0, 0.0, 0.0, 1.0]]}, "Hobj2base": {"type": "ndarray", "data": [[0.999978318651776, 0.0065344407112883, 0.0008144390448315392, -0.7354781857365408], [0.006534478648968327, -0.9999786491015805, -4.3929073706287126e-05, 0.087188959048891], [0.0008141346038985889, 4.92500558140808e-05, -0.9999996673795837, -0.0003400506480201261], [0.0, 0.0, 0.0, 1.0]]}, "mean_rme": {"type": "float", "data": 0.0017294406961445362}, "max_rme": {"type": "float", "data": 0.004480312432446731}, "simu": {"type": "float", "data": 0.002}}, {"type": "dict", "image_number": {"type": "int", "data": 15}, "Hcamera2end": {"type": "ndarray", "data": [[0.9999771827019988, 0.006741941820877355, -0.0004246125966015169, -0.016396087283474636], [0.0004314776935160007, -0.0010168451443948179, 0.9999993899262901, 0.03226033262213561], [0.006741505942538794, -0.9999767558530729, -0.00101973094024288, 0.033261748787339035], [0.0, 0.0, 0.0, 1.0]]}, "Hobj2base": {"type": "ndarray", "data": [[0.9999772544012782, 0.006696885190498166, 0.0008015041026824913, -0.7355623744075662], [0.0066970846266159656, -0.9999775439194887, -0.00024640262056094893, 0.0872280699738547], [0.0007998359739812966, 0.0002517647567900622, -0.9999996484383995, -0.00022297482815169706], [0.0, 0.0, 0.0, 1.0]]}, "mean_rme": {"type": "float", "data": 0.0017138512364466307}, "max_rme": {"type": "float", "data": 0.004336277104403874}, "simu": {"type": "float", "data": 0.002}}, {"type": "dict", "image_number": {"type": "int", "data": 16}, "Hcamera2end": {"type": "ndarray", "data": [[0.9999768686149869, 0.0067880922331142405, -0.0004289974357586774, -0.01620917878403292], [0.0004351625758535426, -0.0009067777749649508, 0.9999994941936721, 0.03236334868752013], [0.00678769979431397, -0.9999765495039883, -0.0009097107236404334, 0.03313002450171072], [0.0, 0.0, 0.0, 1.0]]}, "Hobj2base": {"type": "ndarray", "data": [[0.9999767127930079, 0.006782495174391662, 0.0007560627616404732, -0.7353740706078099], [0.006782628186958951, -0.9999769826609088, -0.00017350291366595376, 0.08727237575216948], [0.0007548685764128323, 0.00017862696586590219, -0.9999996991328741, -0.00010120814950830004], [0.0, 0.0, 0.0, 1.0]]}, "mean_rme": {"type": "float", "data": 0.001743125400065233}, "max_rme": {"type": "float", "data": 0.004347512365911972}, "simu": {"type": "float", "data": 0.002}}, {"type": "dict", "image_number": {"type": "int", "data": 17}, "Hcamera2end": {"type": "ndarray", "data": [[0.9999768925942445, 0.006784461219546721, -0.0004305386385760686, -0.016135920827160338], [0.0004361880271271808, -0.000831237572693988, 0.9999995593919544, 0.032434949212349296], [0.006784100350365642, -0.9999766397921797, -0.0008341776657045941, 0.03336713904986036], [0.0, 0.0, 0.0, 1.0]]}, "Hobj2base": {"type": "ndarray", "data": [[0.9999767909373989, 0.006777097957468486, 0.0006989490800187072, -0.7356561791793297], [0.006777244828114213, -0.9999770125849092, -0.00020797668136778987, 0.08723830944887902], [0.0006975235346435789, 0.0002127088034616444, -0.9999997341079065, -8.333380173781909e-05], [0.0, 0.0, 0.0, 1.0]]}, "mean_rme": {"type": "float", "data": 0.0017245742052112844}, "max_rme": {"type": "float", "data": 0.004456702661241811}, "simu": {"type": "float", "data": 0.002}}, {"type": "dict", "image_number": {"type": "int", "data": 18}, "Hcamera2end": {"type": "ndarray", "data": [[0.9999796766190852, 0.006364698176479682, -0.0003700890597897167, -0.015945957051640647], [0.0003747673073522771, -0.0007338535996554985, 0.9999996605041223, 0.03244027862145308], [0.006364424424502168, -0.9999794758273876, -0.0007362239660668735, 0.03321313665275549], [0.0, 0.0, 0.0, 1.0]]}, "Hobj2base": {"type": "ndarray", "data": [[0.9999795356921276, 0.006368709216535345, 0.0006064155934645585, -0.73557378008608], [0.006368826643233107, -0.9999797004034412, -0.00019190683336477025, 0.08755573346645477], [0.0006051810846542978, 0.00019576506191277854, -0.9999997977159274, -0.0001319591525907635], [0.0, 0.0, 0.0, 1.0]]}, "mean_rme": {"type": "float", "data": 0.001687160615453129}, "max_rme": {"type": "float", "data": 0.004444476037865776}, "simu": {"type": "float", "data": 0.002}}, {"type": "dict", "image_number": {"type": "int", "data": 19}, "Hcamera2end": {"type": "ndarray", "data": [[0.9999808155233028, 0.006179402734696455, -0.00042844742136490714, -0.01590890972369286], [0.0004326774351841858, -0.0006832138008701083, 0.9999996730045164, 0.03237709770780824], [0.006179107992868445, -0.9999806739136237, -0.0006858743818969337, 0.03332863846564924], [0.0, 0.0, 0.0, 1.0]]}, "Hobj2base": {"type": "ndarray", "data": [[0.999980623281176, 0.006201894382620387, 0.0005381154686757273, -0.7356388787406649], [0.006201994583061077, -0.9999807503823073, -0.00018473773219414397, 0.08770710992978042], [0.0005369593862551276, 0.0001880715418048393, -0.9999998381518433, -0.00010406695179664942], [0.0, 0.0, 0.0, 1.0]]}, "mean_rme": {"type": "float", "data": 0.001642951046103425}, "max_rme": {"type": "float", "data": 0.004325698851391217}, "simu": {"type": "float", "data": 0.002}}, {"type": "dict", "image_number": {"type": "int", "data": 20}, "Hcamera2end": {"type": "ndarray", "data": [[0.9999820157201992, 0.005990278523873677, -0.0002912033203809421, -0.01585356508510041], [0.000293846592110506, -0.00044038485182817944, 0.9999998598576717, 0.03241263290805395], [0.005990149442850999, -0.9999819611494946, -0.00044213715475383, 0.032946545182265835], [0.0, 0.0, 0.0, 1.0]]}, "Hobj2base": {"type": "ndarray", "data": [[0.9999818495359347, 0.006012401924355119, 0.0003893864292861922, -0.7353348071336743], [0.006012381507957104, -0.9999819240354368, 5.358160128599011e-05, 0.0877346472050655], [0.0003897015448735771, -5.123948898817166e-05, -0.9999999227536072, -9.24941201707441e-05], [0.0, 0.0, 0.0, 1.0]]}, "mean_rme": {"type": "float", "data": 0.0016110164012144079}, "max_rme": {"type": "float", "data": 0.0044742077148846385}, "simu": {"type": "float", "data": 0.002}}, {"type": "dict", "image_number": {"type": "int", "data": 21}, "Hcamera2end": {"type": "ndarray", "data": [[0.9999815104839378, 0.006073388140895369, -0.000304379290004765, -0.015663884766884927], [0.00030654089582326854, -0.0003549866161656201, 0.9999998900085848, 0.032408585036416866], [0.006073279422300622, -0.9999814937992565, -0.00035684179447614817, 0.03290216965487669], [0.0, 0.0, 0.0, 1.0]]}, "Hobj2base": {"type": "ndarray", "data": [[0.9999813916034997, 0.006092259030814383, 0.0003175320921041261, -0.7354211311805485], [0.0060922548256609945, -0.9999814419424231, 1.4208809170655861e-05, 0.08789071715310678], [0.00031761276307126557, -1.2274058347077425e-05, -0.9999999494857383, -0.0001549113279188306], [0.0, 0.0, 0.0, 1.0]]}, "mean_rme": {"type": "float", "data": 0.0015961185737815055}, "max_rme": {"type": "float", "data": 0.004484166071874969}, "simu": {"type": "float", "data": 0.002}}, {"type": "dict", "image_number": {"type": "int", "data": 22}, "Hcamera2end": {"type": "ndarray", "data": [[0.9999865110514914, 0.00517437114569474, -0.00045121869663236006, -0.01577445821558669], [0.00045333744161773484, -0.0004083035132749213, 0.9999998138866852, 0.031606227066097704], [0.0051741859484962845, -0.9999865294950165, -0.0004106437418669451, 0.0327984119860204], [0.0, 0.0, 0.0, 1.0]]}, "Hobj2base": {"type": "ndarray", "data": [[0.9999865331669008, 0.005185858522615891, 0.0002008885917531315, -0.735385170075554], [0.00518586338869121, -0.9999865530389775, -2.3709439978739835e-05, 0.08785086279004596], [0.0002007629366106882, 2.475090148084706e-05, -0.9999999795408177, 0.0005364871866030407], [0.0, 0.0, 0.0, 1.0]]}, "mean_rme": {"type": "float", "data": 0.0016217916962448279}, "max_rme": {"type": "float", "data": 0.004488343262600954}, "simu": {"type": "float", "data": 0.002}}, {"type": "dict", "image_number": {"type": "int", "data": 23}, "Hcamera2end": {"type": "ndarray", "data": [[0.9999864647862612, 0.005192543445104308, -0.0003282329148224417, -0.015847862434755083], [0.0003309969703524521, -0.0005314620435805661, 0.9999998039945319, 0.03153198570536278], [0.005192367984001717, -0.9999863774275464, -0.0005331735662770232, 0.033000308420246593], [0.0, 0.0, 0.0, 1.0]]}, "Hobj2base": {"type": "ndarray", "data": [[0.9999865244773191, 0.005178454127981558, 0.0003667105349759411, -0.735506643932433], [0.005178448648504757, -0.9999865916186563, 1.589016606126133e-05, 0.08791682409863436], [0.00036678790447727973, -1.3990960258729549e-05, -0.9999999326354407, 0.0005494908896564793], [0.0, 0.0, 0.0, 1.0]]}, "mean_rme": {"type": "float", "data": 0.00159109810052863}, "max_rme": {"type": "float", "data": 0.004425099089085109}, "simu": {"type": "float", "data": 0.002}}, {"type": "dict", "image_number": {"type": "int", "data": 24}, "Hcamera2end": {"type": "ndarray", "data": [[0.9999872656955574, 0.005041024878693489, -0.00023772861646944232, -0.016005898033029806], [0.00024043802384344191, -0.000536872314700787, 0.9999998269788222, 0.03135712130378058], [0.0050408963765768335, -0.9999871498355817, -0.0005380775320653619, 0.03264004801427396], [0.0, 0.0, 0.0, 1.0]]}, "Hobj2base": {"type": "ndarray", "data": [[0.999987279787036, 0.005031737205142376, 0.0003491200686790243, -0.7350967717105158], [0.005031706936511569, -0.999987337052251, 8.752401261668681e-05, 0.0880116349902439], [0.0003495560456204632, -8.576622942135922e-05, -0.9999999352273603, 0.0005465127956549831], [0.0, 0.0, 0.0, 1.0]]}, "mean_rme": {"type": "float", "data": 0.001692545099908636}, "max_rme": {"type": "float", "data": 0.004770699065610479}, "simu": {"type": "float", "data": 0.002}}, {"type": "dict", "image_number": {"type": "int", "data": 25}, "Hcamera2end": {"type": "ndarray", "data": [[0.999987357893639, 0.005021638366172039, -0.0002592315923271686, -0.015929108103897645], [0.00026162989050583724, -0.00047694174839008063, 0.9999998520381734, 0.03136399663089533], [0.005021513984792373, -0.999987277756416, -0.00047824952953767763, 0.032657542234305295], [0.0, 0.0, 0.0, 1.0]]}, "Hobj2base": {"type": "ndarray", "data": [[0.9999874820656038, 0.0049940621002332285, 0.0003083112594918761, -0.7351638711053258], [0.004994049542294442, -0.9999875287962001, 4.148780393975302e-05, 0.08805356122781824], [0.0003085146071486026, -3.9947562893795434e-05, -0.9999999516114635, 0.0004967330046617202], [0.0, 0.0, 0.0, 1.0]]}, "mean_rme": {"type": "float", "data": 0.0016533921947701584}, "max_rme": {"type": "float", "data": 0.004732260256329446}, "simu": {"type": "float", "data": 0.002}}, {"type": "dict", "image_number": {"type": "int", "data": 26}, "Hcamera2end": {"type": "ndarray", "data": [[0.9999873161595665, 0.0050309809641166485, -0.00023822368897167753, -0.01595574744509151], [0.00024064314220665663, -0.00048031096710565713, 0.9999998556961158, 0.03135559086372675], [0.005030865816676118, -0.9999872291844096, -0.00048151554598541146, 0.03272245677215037], [0.0, 0.0, 0.0, 1.0]]}, "Hobj2base": {"type": "ndarray", "data": [[0.9999874327200302, 0.005003189670479095, 0.0003201485970011938, -0.7352267566556281], [0.0050031722922893864, -0.9999874825393886, 5.505951665426171e-05, 0.08807202027245387], [0.00032042006275872706, -5.3457066115969226e-05, -0.9999999472366619, 0.0005378651614769094], [0.0, 0.0, 0.0, 1.0]]}, "mean_rme": {"type": "float", "data": 0.0016129210129430767}, "max_rme": {"type": "float", "data": 0.004706180375302377}, "simu": {"type": "float", "data": 0.002}}, {"type": "dict", "image_number": {"type": "int", "data": 27}, "Hcamera2end": {"type": "ndarray", "data": [[0.9999873681598435, 0.005024114713236727, -0.0001476214686710717, -0.015972375095099918], [0.00015043746504679514, -0.0005601227404177234, 0.9999998318155284, 0.03135281488163509], [0.005024031182117071, -0.9999872221852958, -0.0005608714801181858, 0.03275759079631231], [0.0, 0.0, 0.0, 1.0]]}, "Hobj2base": {"type": "ndarray", "data": [[0.9999873013160647, 0.005020146513567653, 0.00044196786784891185, -0.7351966929513704], [0.005020108071754622, -0.9999873953020566, 8.804519773997324e-05, 0.08808816827543905], [0.0004424042967699075, -8.582535322099064e-05, -0.9999998984562186, 0.0005524167344530436], [0.0, 0.0, 0.0, 1.0]]}, "mean_rme": {"type": "float", "data": 0.0015715352388484538}, "max_rme": {"type": "float", "data": 0.004716719702929667}, "simu": {"type": "float", "data": 0.002}}, {"type": "dict", "image_number": {"type": "int", "data": 28}, "Hcamera2end": {"type": "ndarray", "data": [[0.9999881990971342, 0.0048570523933558875, -0.0001034819719757103, -0.016181562126040647], [0.00010580114160272519, -0.0004772304791953452, 0.9999998805285871, 0.03130242731661294], [0.004857002428325902, -0.9999880905756419, -0.000477738729132815, 0.03263092243407638], [0.0, 0.0, 0.0, 1.0]]}, "Hobj2base": {"type": "ndarray", "data": [[0.9999881599388781, 0.004852875444821112, 0.00035997496253334794, -0.7350016094738578], [0.004852849981521426, -0.9999882222926044, 7.157606985775484e-05, 0.08800478990474582], [0.00036031807260541895, -6.982831790243473e-05, -0.999999932647444, 0.0006225881562308312], [0.0, 0.0, 0.0, 1.0]]}, "mean_rme": {"type": "float", "data": 0.0015764923237025301}, "max_rme": {"type": "float", "data": 0.004775647467600924}, "simu": {"type": "float", "data": 0.002}}, {"type": "dict", "image_number": {"type": "int", "data": 29}, "Hcamera2end": {"type": "ndarray", "data": [[0.9999892876482651, 0.004628171881783891, -6.792457555356186e-05, -0.016269504014494014], [6.990675487785793e-05, -0.0004281251647777484, 0.99999990591094, 0.0314067412020714], [0.004628142366103448, -0.9999891983085997, -0.0004284441190276489, 0.03249791030900765], [0.0, 0.0, 0.0, 1.0]]}, "Hobj2base": {"type": "ndarray", "data": [[0.9999892751585308, 0.00461568316156161, 0.00038083706261285015, -0.7349795454329787], [0.0046156291975319, -0.9999893377798703, 0.00014245591236882574, 0.08792893271638523], [0.00038149053340024076, -0.00014069658188605108, -0.9999999173347189, 0.0006143307357393336], [0.0, 0.0, 0.0, 1.0]]}, "mean_rme": {"type": "float", "data": 0.0015948055411370672}, "max_rme": {"type": "float", "data": 0.004787879790574157}, "simu": {"type": "float", "data": 0.002}}, {"type": "dict", "image_number": {"type": "int", "data": 30}, "Hcamera2end": {"type": "ndarray", "data": [[0.9999893675161629, 0.0046108066446503716, -7.2915775325083e-05, -0.016309745138574576], [7.487931242042669e-05, -0.0004256842466785482, 0.999999906593001, 0.03140169977745613], [0.00461077517487187, -0.99998927957004, -0.00042602497462906896, 0.0325097882340371], [0.0, 0.0, 0.0, 1.0]]}, "Hobj2base": {"type": "ndarray", "data": [[0.9999893544509071, 0.004598790070224362, 0.00037698109782394277, -0.7350206903645626], [0.004598737592062938, -0.9999894159565434, 0.00013995517170371297, 0.08792104323227617], [0.0003776207322935288, -0.00013822004465800168, -0.9999999191488975, 0.0006451967513461536], [0.0, 0.0, 0.0, 1.0]]}, "mean_rme": {"type": "float", "data": 0.0015664468375638815}, "max_rme": {"type": "float", "data": 0.004787210576720963}, "simu": {"type": "float", "data": 0.002}}]}