{"type": "list", "data": [{"type": "dict", "image_number": {"type": "int", "data": 5}, "Hcamera2end": {"type": "ndarray", "data": [[0.9999422351894824, -0.0030750847413280715, -0.010299035784740772, -0.01557540604542293], [0.010299292403331425, 6.762650983793694e-05, 0.9999469585946277, 0.03096576452214155], [-0.003074225146666932, -0.9999952696290564, 9.929380032136503e-05, 0.03191618914043244], [0.0, 0.0, 0.0, 1.0]]}, "Hobj2base": {"type": "ndarray", "data": [[0.9999971825087619, -0.0023033949196238843, 0.0005738870814783727, -0.7347300472781836], [-0.002300839023025268, -0.999987605962281, -0.0044152079924160885, 0.08629536870544371], [0.0005840499363590524, 0.00441387513081438, -0.9999900882468793, 0.007315243759148648], [0.0, 0.0, 0.0, 1.0]]}, "mean_rme": {"type": "float", "data": 0.0019129289462033136}, "max_rme": {"type": "float", "data": 0.005404729235231942}, "simu": {"type": "float", "data": 0.002}}, {"type": "dict", "image_number": {"type": "int", "data": 6}, "Hcamera2end": {"type": "ndarray", "data": [[0.999948891294959, -0.0036366335343692795, -0.009433434926846304, -0.014521944094381553], [0.009435260271405064, 0.00048510295658510394, 0.9999553692734153, 0.030531212739089483], [-0.0036318950415985527, -0.999993269763181, 0.0005193907475096182, 0.03156498403069291], [0.0, 0.0, 0.0, 1.0]]}, "Hobj2base": {"type": "ndarray", "data": [[0.9999952728151713, -0.003010788219891252, 0.000624100637763362, -0.7347322299131195], [-0.00300789955933799, -0.9999849929796489, -0.004578903332926996, 0.08761305384032819], [0.0006378773800871873, 0.0045770044555713185, -0.9999893220143212, 0.006931564698068789], [0.0, 0.0, 0.0, 1.0]]}, "mean_rme": {"type": "float", "data": 0.0019493064468448062}, "max_rme": {"type": "float", "data": 0.005165123411853073}, "simu": {"type": "float", "data": 0.002}}, {"type": "dict", "image_number": {"type": "int", "data": 7}, "Hcamera2end": {"type": "ndarray", "data": [[0.9999404888453397, -0.004491452759621723, -0.009942113449923046, -0.015876422811383073], [0.009948681437675402, 0.0014423621297973144, 0.9999494703879482, 0.030763926628179627], [-0.0044768856803259136, -0.9999888731598939, 0.0014869603258593767, 0.0316706356692278], [0.0, 0.0, 0.0, 1.0]]}, "Hobj2base": {"type": "ndarray", "data": [[0.9999912281631902, -0.0041560136596717765, 0.0005207179036825966, -0.7349555256088011], [-0.004153035392820327, -0.9999757198514578, -0.005595713054176556, 0.08604323869654604], [0.0005439611204633081, 0.005593501409611141, -0.9999842082994512, 0.007619382568762252], [0.0, 0.0, 0.0, 1.0]]}, "mean_rme": {"type": "float", "data": 0.0019451778959659603}, "max_rme": {"type": "float", "data": 0.005030418807802556}, "simu": {"type": "float", "data": 0.002}}, {"type": "dict", "image_number": {"type": "int", "data": 8}, "Hcamera2end": {"type": "ndarray", "data": [[0.9999452258915792, -0.004501438257018311, -0.009448929582599859, -0.015927090634887658], [0.009454772734038051, 0.0012785558859871315, 0.9999544852479006, 0.031319000573207814], [-0.004489152390637842, -0.9999890511142931, 0.001321045929924769, 0.031647205650617], [0.0, 0.0, 0.0, 1.0]]}, "Hobj2base": {"type": "ndarray", "data": [[0.9999908962888154, -0.004223220551938752, 0.00060971112939694, -0.7350530633240882], [-0.004219695655147478, -0.999975015491102, -0.005671204646973927, 0.0862438136891848], [0.0006336466440831532, 0.005668580222561141, -0.999983732712783, 0.007053259061578665], [0.0, 0.0, 0.0, 1.0]]}, "mean_rme": {"type": "float", "data": 0.0017572926334748686}, "max_rme": {"type": "float", "data": 0.004834759786836895}, "simu": {"type": "float", "data": 0.002}}, {"type": "dict", "image_number": {"type": "int", "data": 9}, "Hcamera2end": {"type": "ndarray", "data": [[0.9999695633413715, -0.004293743229936765, -0.006514304256177986, -0.014437705458395525], [0.006509593672936633, -0.0011101447692973831, 0.9999781961466979, 0.0322255221405893], [-0.004300881430584874, -0.9999901656254756, -0.0010821604564372755, 0.034606955617579156], [0.0, 0.0, 0.0, 1.0]]}, "Hobj2base": {"type": "ndarray", "data": [[0.9999900428576248, -0.003277686974107889, 0.003028358252503006, -0.7364658100765615], [-0.0032680445454697877, -0.9999895924702489, -0.0031835257239665403, 0.08917582865464184], [0.003038761335571577, 0.0031735972154788307, -0.9999903470585405, 0.005487221828425192], [0.0, 0.0, 0.0, 1.0]]}, "mean_rme": {"type": "float", "data": 0.0017703722298686336}, "max_rme": {"type": "float", "data": 0.004611256984858758}, "simu": {"type": "float", "data": 0.002}}, {"type": "dict", "image_number": {"type": "int", "data": 10}, "Hcamera2end": {"type": "ndarray", "data": [[0.9999714165660029, -0.0036046025624584836, -0.006646268979540628, -0.014749203323083562], [0.006643613620916969, -0.0007481321607891722, 0.9999776510984263, 0.03232990994830067], [-0.003609494291123453, -0.9999932235463581, -0.0007241631899208567, 0.03478239405915428], [0.0, 0.0, 0.0, 1.0]]}, "Hobj2base": {"type": "ndarray", "data": [[0.9999926219343397, -0.0029098464926296265, 0.0025077620050555373, -0.7365720023981475], [-0.0029016428043708606, -0.9999904477550328, -0.003268771592702555, 0.08866224975892731], [0.002517249673852778, 0.0032614708459140717, -0.9999915130949868, 0.005723991801060669], [0.0, 0.0, 0.0, 1.0]]}, "mean_rme": {"type": "float", "data": 0.0017129970381327192}, "max_rme": {"type": "float", "data": 0.004718261769057541}, "simu": {"type": "float", "data": 0.002}}, {"type": "dict", "image_number": {"type": "int", "data": 11}, "Hcamera2end": {"type": "ndarray", "data": [[0.9999708954756438, -0.0036192384130034044, -0.006716346845484837, -0.014534572126258992], [0.006714144621491778, -0.0006202842541154219, 0.9999772674963395, 0.03208136298608439], [-0.003623322182846364, -0.9999932581576508, -0.0005959661109127268, 0.034394425266696525], [0.0, 0.0, 0.0, 1.0]]}, "Hobj2base": {"type": "ndarray", "data": [[0.9999929710465597, -0.002878681327118846, 0.002402301249079641, -0.7360760388807595], [-0.002870630935934237, -0.9999902755986831, -0.003347862915358319, 0.08870056158447731], [0.0024119153185984056, 0.0033409432631027213, -0.9999915103452675, 0.005690370168735273], [0.0, 0.0, 0.0, 1.0]]}, "mean_rme": {"type": "float", "data": 0.0017502476758595581}, "max_rme": {"type": "float", "data": 0.004489009116575793}, "simu": {"type": "float", "data": 0.002}}, {"type": "dict", "image_number": {"type": "int", "data": 12}, "Hcamera2end": {"type": "ndarray", "data": [[0.9999700268543014, -0.003635400277500717, -0.0068358801796266555, -0.014839416306498945], [0.0068308849455861465, -0.0013846995516777483, 0.9999757105140165, 0.03215014437055619], [-0.0036447776157166835, -0.999992433207359, -0.0013598250468496165, 0.03627985992745959], [0.0, 0.0, 0.0, 1.0]]}, "Hobj2base": {"type": "ndarray", "data": [[0.9999914032782343, -0.002542782501455778, 0.0032753056006983457, -0.7373118337141561], [-0.0025309939256600252, -0.9999903228922391, -0.003598359573998129, 0.0882175309637309], [0.003284423750971806, 0.0035900388613220114, -0.9999881620207303, 0.004997428791413433], [0.0, 0.0, 0.0, 1.0]]}, "mean_rme": {"type": "float", "data": 0.0018975292581032421}, "max_rme": {"type": "float", "data": 0.007737195362798488}, "simu": {"type": "float", "data": 0.002}}, {"type": "dict", "image_number": {"type": "int", "data": 13}, "Hcamera2end": {"type": "ndarray", "data": [[0.9999674443619767, -0.0036829837176784877, -0.007179543656276162, -0.014431556164761742], [0.0071751089641354454, -0.0012159063645933443, 0.9999735193409202, 0.03188004667232509], [-0.003691615842668805, -0.9999924785730382, -0.0011894409704984454, 0.03556353850821052], [0.0, 0.0, 0.0, 1.0]]}, "Hobj2base": {"type": "ndarray", "data": [[0.9999920368445921, -0.0025719124335904214, 0.0030514773205329664, -0.7365419350959821], [-0.0025598178207278457, -0.9999888795002221, -0.003960834333168217, 0.08827045806201451], [0.0030616303056489685, 0.00395299156640423, -0.9999875000606495, 0.005024224315203014], [0.0, 0.0, 0.0, 1.0]]}, "mean_rme": {"type": "float", "data": 0.0019375696135005272}, "max_rme": {"type": "float", "data": 0.007840245481810226}, "simu": {"type": "float", "data": 0.002}}, {"type": "dict", "image_number": {"type": "int", "data": 14}, "Hcamera2end": {"type": "ndarray", "data": [[0.9999685350373495, -0.003651057064901341, -0.007042635697371099, -0.014419802426513681], [0.007036418893758419, -0.0017127989721634762, 0.999973777220599, 0.03191068937921316], [-0.003663023943221127, -0.99999186801793, -0.0016870547120939605, 0.03599001700928803], [0.0, 0.0, 0.0, 1.0]]}, "Hobj2base": {"type": "ndarray", "data": [[0.9999909904315775, -0.0023237244663276363, 0.003552373893249237, -0.7366226944264067], [-0.002309692038215106, -0.9999895346453751, -0.0039491673066991495, 0.08823915967346412], [0.0035615134930888793, 0.0039409268367080865, -0.9999858922591396, 0.004778691545538232], [0.0, 0.0, 0.0, 1.0]]}, "mean_rme": {"type": "float", "data": 0.001877929970718871}, "max_rme": {"type": "float", "data": 0.007611257816814376}, "simu": {"type": "float", "data": 0.002}}, {"type": "dict", "image_number": {"type": "int", "data": 15}, "Hcamera2end": {"type": "ndarray", "data": [[0.999978086267421, -0.004759427440210475, -0.004601612259606087, -0.015018651310845675], [0.004601462717740133, -4.236994449824394e-05, 0.9999894123167729, 0.03249922929163536], [-0.004759572018956438, -0.9999886729634636, -2.0468688090691245e-05, 0.03461130682539106], [0.0, 0.0, 0.0, 1.0]]}, "Hobj2base": {"type": "ndarray", "data": [[0.9999892852207091, -0.004231677443604741, 0.0018767924202092734, -0.7361592912733229], [-0.004227728859654523, -0.9999888519962132, -0.002102900849975426, 0.08936326039447683], [0.0018856702958132442, 0.0020949437483784483, -0.9999960277212239, 0.004753267743997088], [0.0, 0.0, 0.0, 1.0]]}, "mean_rme": {"type": "float", "data": 0.0018175769237992665}, "max_rme": {"type": "float", "data": 0.008019432454314579}, "simu": {"type": "float", "data": 0.002}}, {"type": "dict", "image_number": {"type": "int", "data": 16}, "Hcamera2end": {"type": "ndarray", "data": [[0.9999773752547986, -0.00477113720031484, -0.004741859164870155, -0.015014989898445887], [0.004742505842486078, 0.00012423494303370752, 0.9999887465386863, 0.032351598340200655], [-0.004770494403903713, -0.9999886103428852, 0.00014685927829749534, 0.03491184085269059], [0.0, 0.0, 0.0, 1.0]]}, "Hobj2base": {"type": "ndarray", "data": [[0.9999893760372242, -0.004300312987566656, 0.0016598556841341539, -0.7364268644618595], [-0.004296629595279069, -0.9999883133655973, -0.0022163272204518076, 0.08925346184857673], [0.0016693671867384192, 0.0022091718892175757, -0.9999961663790311, 0.004516513953101466], [0.0, 0.0, 0.0, 1.0]]}, "mean_rme": {"type": "float", "data": 0.0019010055990483887}, "max_rme": {"type": "float", "data": 0.007549407717909462}, "simu": {"type": "float", "data": 0.002}}, {"type": "dict", "image_number": {"type": "int", "data": 17}, "Hcamera2end": {"type": "ndarray", "data": [[0.9999770615764366, -0.005132978922560889, -0.0044191456568062676, -0.015483332544215592], [0.004423301014296714, 0.0007984709370021381, 0.9999898983751286, 0.03299790275282558], [-0.005129398511759998, -0.9999865073947466, 0.000821157332212108, 0.03354598377461761], [0.0, 0.0, 0.0, 1.0]]}, "Hobj2base": {"type": "ndarray", "data": [[0.9999873110194613, -0.004913293592748763, 0.0011123606153837745, -0.7353337685020828], [-0.0049107781452517344, -0.999985404223634, -0.002252908720595102, 0.08922337899325625], [0.001123413581598942, 0.0022474175772805257, -0.9999968435230973, 0.0039743929818923645], [0.0, 0.0, 0.0, 1.0]]}, "mean_rme": {"type": "float", "data": 0.0018770469142871686}, "max_rme": {"type": "float", "data": 0.007617784740116151}, "simu": {"type": "float", "data": 0.002}}, {"type": "dict", "image_number": {"type": "int", "data": 18}, "Hcamera2end": {"type": "ndarray", "data": [[0.99997873207829, -0.0052172777009582266, -0.0039134900647156134, -0.015170556135527726], [0.003914752442464137, 0.00023177068107271825, 0.9999923104682684, 0.03310069889821999], [-0.005216330550278122, -0.9999863630548882, 0.00025219010241483986, 0.03315114263705186], [0.0, 0.0, 0.0, 1.0]]}, "Hobj2base": {"type": "ndarray", "data": [[0.9999871325057816, -0.0047872286927226, 0.001678470824289611, -0.7345841007562868], [-0.00478417930733185, -0.999986906625403, -0.0018160963942053703, 0.08972951315125283], [0.0016871429162094481, 0.0018080429202099913, -0.9999969422601147, 0.003787922921395132], [0.0, 0.0, 0.0, 1.0]]}, "mean_rme": {"type": "float", "data": 0.0018200199312831916}, "max_rme": {"type": "float", "data": 0.007872351519091214}, "simu": {"type": "float", "data": 0.002}}, {"type": "dict", "image_number": {"type": "int", "data": 19}, "Hcamera2end": {"type": "ndarray", "data": [[0.9999815996011778, -0.005109213057046549, -0.003270535278432256, -0.015337881179022482], [0.003272112294017627, 0.0003003326140819107, 0.9999946015261564, 0.033125176427348635], [-0.00510820322668388, -0.9999869027853608, 0.00031704500669871294, 0.03335255029704594], [0.0, 0.0, 0.0, 1.0]]}, "Hobj2base": {"type": "ndarray", "data": [[0.9999875267070285, -0.004710439439142206, 0.0016607801329797352, -0.7348004530783385], [-0.004708533429974594, -0.999988253874303, -0.0011497070761465273, 0.08992169223828289], [0.0016661762508024798, 0.0011418728967373623, -0.9999979599894135, 0.003757065687272199], [0.0, 0.0, 0.0, 1.0]]}, "mean_rme": {"type": "float", "data": 0.0017663753577062285}, "max_rme": {"type": "float", "data": 0.007729877408191865}, "simu": {"type": "float", "data": 0.002}}, {"type": "dict", "image_number": {"type": "int", "data": 20}, "Hcamera2end": {"type": "ndarray", "data": [[0.9999826852156878, -0.004988116525460877, -0.0031221726971942688, -0.015446179092349844], [0.0031251974574833825, 0.0005987139011029985, 0.9999949373284427, 0.03342965186266136], [-0.004986221984069766, -0.9999873800379646, 0.0006142923835840142, 0.0331137031113682], [0.0, 0.0, 0.0, 1.0]]}, "Hobj2base": {"type": "ndarray", "data": [[0.9999882816889226, -0.004640668800806198, 0.001378650759695427, -0.7347829517663768], [-0.00463869842666626, -0.9999882201758801, -0.0014289808894445803, 0.08979361054619076], [0.0013852659464625484, 0.0014225689990920729, -0.9999980286659074, 0.003483197291186435], [0.0, 0.0, 0.0, 1.0]]}, "mean_rme": {"type": "float", "data": 0.0016923801232191895}, "max_rme": {"type": "float", "data": 0.007661333877665766}, "simu": {"type": "float", "data": 0.002}}, {"type": "dict", "image_number": {"type": "int", "data": 21}, "Hcamera2end": {"type": "ndarray", "data": [[0.9999823989122232, -0.005159130239237081, -0.0029300581786093024, -0.015412422887339471], [0.0029339665315013534, 0.0007501550386922462, 0.9999954145433918, 0.033707286799846525], [-0.005156908584362888, -0.9999864102289553, 0.0007652785506011561, 0.03250322317233961], [0.0, 0.0, 0.0, 1.0]]}, "Hobj2base": {"type": "ndarray", "data": [[0.9999871943957179, -0.004899557590409062, 0.0012670359107030467, -0.7343275529248091], [-0.004897883492103172, -0.9999871327441341, -0.0013210160725705374, 0.08997437304068712], [0.0012734920017532074, 0.0013147933618905272, -0.9999983247668656, 0.003052409830694026], [0.0, 0.0, 0.0, 1.0]]}, "mean_rme": {"type": "float", "data": 0.0016408153904451598}, "max_rme": {"type": "float", "data": 0.007627792964659208}, "simu": {"type": "float", "data": 0.002}}, {"type": "dict", "image_number": {"type": "int", "data": 22}, "Hcamera2end": {"type": "ndarray", "data": [[0.9999824657690646, -0.005182842572287385, -0.0028646635565894463, -0.015337671109421356], [0.002869488081649988, 0.0009236681481503695, 0.9999954564273287, 0.033651967221598224], [-0.005180173025183124, -0.999986142393995, 0.0009385240573300813, 0.03252643737098884], [0.0, 0.0, 0.0, 1.0]]}, "Hobj2base": {"type": "ndarray", "data": [[0.9999868630132109, -0.005009885541840911, 0.0010839039880523428, -0.734508460304003], [-0.005008391470266993, -0.9999865101714869, -0.0013767679297375685, 0.0899781506604379], [0.0010907868161190814, 0.0013713212276671141, -0.9999984648299283, 0.003042647607647853], [0.0, 0.0, 0.0, 1.0]]}, "mean_rme": {"type": "float", "data": 0.0016459543393836085}, "max_rme": {"type": "float", "data": 0.007564080894725822}, "simu": {"type": "float", "data": 0.002}}, {"type": "dict", "image_number": {"type": "int", "data": 23}, "Hcamera2end": {"type": "ndarray", "data": [[0.9999825626545025, -0.00507819674341641, -0.0030143498086926297, -0.014836041624677637], [0.0030190345872333803, 0.000915115005653111, 0.9999950239849632, 0.03362558348403542], [-0.005075412997490834, -0.9999866871525646, 0.0009304303000857717, 0.03271262975286614], [0.0, 0.0, 0.0, 1.0]]}, "Hobj2base": {"type": "ndarray", "data": [[0.9999875436891307, -0.004886317288874616, 0.0010180225593795402, -0.7345868930826341], [-0.004884742335729317, -0.9999868778149654, -0.0015438556250708152, 0.09029737774432986], [0.0010255529691314566, 0.001538863616430683, -0.999998290068477, 0.002784982344460097], [0.0, 0.0, 0.0, 1.0]]}, "mean_rme": {"type": "float", "data": 0.0016408648739753135}, "max_rme": {"type": "float", "data": 0.007437833597499166}, "simu": {"type": "float", "data": 0.002}}, {"type": "dict", "image_number": {"type": "int", "data": 24}, "Hcamera2end": {"type": "ndarray", "data": [[0.9999847560993627, -0.004737893962380339, -0.002835476979160988, -0.014793344885833878], [0.0028398190367832873, 0.0009099771311741334, 0.9999955536748447, 0.03318049533506981], [-0.004735292676956223, -0.9999883620834905, 0.0009234180210417886, 0.03268768609848774], [0.0, 0.0, 0.0, 1.0]]}, "Hobj2base": {"type": "ndarray", "data": [[0.9999891588273861, -0.004593586766490023, 0.0007623570787390418, -0.7346473517808421], [-0.004592367563112718, -0.9999881855908495, -0.0015933734297359041, 0.09046936510523307], [0.0007696673710415064, 0.0015898551317796033, -0.9999984399851822, 0.003136025255182332], [0.0, 0.0, 0.0, 1.0]]}, "mean_rme": {"type": "float", "data": 0.0016151652356482106}, "max_rme": {"type": "float", "data": 0.007394959777806853}, "simu": {"type": "float", "data": 0.002}}, {"type": "dict", "image_number": {"type": "int", "data": 25}, "Hcamera2end": {"type": "ndarray", "data": [[0.9999834496937364, -0.004962847412528323, -0.0029104096231499666, -0.014886598052989615], [0.0029144769362067706, 0.0008125172375935685, 0.9999954228094879, 0.033110301076445844], [-0.004960459938642969, -0.9999873549006998, 0.0008269678945060921, 0.032587731478982376], [0.0, 0.0, 0.0, 1.0]]}, "Hobj2base": {"type": "ndarray", "data": [[0.9999881556230514, -0.004791337672143289, 0.0008553928450309717, -0.7346110743105733], [-0.004789884398516346, -0.9999870953039152, -0.0016929953005939155, 0.09035333383806127], [0.0008634935186087703, 0.0016888780152763867, -0.9999982010333783, 0.0032470126439387782], [0.0, 0.0, 0.0, 1.0]]}, "mean_rme": {"type": "float", "data": 0.001661471190080532}, "max_rme": {"type": "float", "data": 0.0074695294709101745}, "simu": {"type": "float", "data": 0.002}}, {"type": "dict", "image_number": {"type": "int", "data": 26}, "Hcamera2end": {"type": "ndarray", "data": [[0.9999843681609961, -0.0048853562710418335, -0.0027196925852748747, -0.014949194413373773], [0.0027228868393916997, 0.0006473104677732211, 0.9999960834305396, 0.03314375280992151], [-0.004883576651725083, -0.9999878570679065, 0.0006606026214163174, 0.032754618735853454], [0.0, 0.0, 0.0, 1.0]]}, "Hobj2base": {"type": "ndarray", "data": [[0.9999886229732289, -0.004659451147083993, 0.0010214886751920686, -0.7346844071033823], [-0.004657879848512977, -0.9999879734880752, -0.0015352636676776743, 0.09036085420605332], [0.0010286298763037727, 0.0015304882294261651, -0.9999982997617332, 0.003171128299014917], [0.0, 0.0, 0.0, 1.0]]}, "mean_rme": {"type": "float", "data": 0.001610916895132336}, "max_rme": {"type": "float", "data": 0.007381327725691389}, "simu": {"type": "float", "data": 0.002}}, {"type": "dict", "image_number": {"type": "int", "data": 27}, "Hcamera2end": {"type": "ndarray", "data": [[0.9999844072512727, -0.004880423922111633, -0.0027141696080661944, -0.014954292331179125], [0.0027174774761833873, 0.0006712794653395138, 0.9999960823423492, 0.03330697087381298], [-0.00487858283595817, -0.9999878653494852, 0.0006845314403299829, 0.03269208257432952], [0.0, 0.0, 0.0, 1.0]]}, "Hobj2base": {"type": "ndarray", "data": [[0.9999886334606405, -0.00465879258856892, 0.0010141997523063285, -0.7346638198057494], [-0.004657215961992682, -0.999987951671826, -0.0015514028071823575, 0.09041969950674346], [0.0010214151967948644, 0.001546661825826197, -0.9999982822726212, 0.003090687200642029], [0.0, 0.0, 0.0, 1.0]]}, "mean_rme": {"type": "float", "data": 0.0016165322473574509}, "max_rme": {"type": "float", "data": 0.007451413828631459}, "simu": {"type": "float", "data": 0.002}}, {"type": "dict", "image_number": {"type": "int", "data": 28}, "Hcamera2end": {"type": "ndarray", "data": [[0.9999847088072145, -0.004853638246258856, -0.002650348566669076, -0.01503126106321371], [0.0026540005469972015, 0.000746135008894977, 0.9999961997746017, 0.0335163759207599], [-0.004851642283488151, -0.9999879426664718, 0.0007590051581611856, 0.03255001885296112], [0.0, 0.0, 0.0, 1.0]]}, "Hobj2base": {"type": "ndarray", "data": [[0.9999886416414081, -0.004667200690388072, 0.0009663466702240186, -0.7346327647185964], [-0.004665618963905598, -0.9999877831591051, -0.001632645774098825, 0.09036485376986751], [0.0009739547500045316, 0.001628118624572365, -0.9999982003193257, 0.0028254828665935927], [0.0, 0.0, 0.0, 1.0]]}, "mean_rme": {"type": "float", "data": 0.0016158994596913183}, "max_rme": {"type": "float", "data": 0.0073530664972590865}, "simu": {"type": "float", "data": 0.002}}, {"type": "dict", "image_number": {"type": "int", "data": 29}, "Hcamera2end": {"type": "ndarray", "data": [[0.999984611444365, -0.004928979578424914, -0.0025459840490032054, -0.014997278821831286], [0.002549190482465831, 0.0006443536596696386, 0.9999965432121478, 0.033592987337519885], [-0.004927322025848749, -0.9999876449080141, 0.0006569086518269929, 0.03269481738089576], [0.0, 0.0, 0.0, 1.0]]}, "Hobj2base": {"type": "ndarray", "data": [[0.9999884462771332, -0.004676348945852098, 0.0011131364614082406, -0.7346301933505743], [-0.0046745822808178985, -0.9999878188232187, -0.0015844512243857161, 0.09043887301942222], [0.0011205323489091323, 0.0015792294700967423, -0.9999981252190111, 0.0026265816661300125], [0.0, 0.0, 0.0, 1.0]]}, "mean_rme": {"type": "float", "data": 0.0016179809766538433}, "max_rme": {"type": "float", "data": 0.0072261626258233735}, "simu": {"type": "float", "data": 0.002}}, {"type": "dict", "image_number": {"type": "int", "data": 30}, "Hcamera2end": {"type": "ndarray", "data": [[0.9999842965662409, -0.00503868431109544, -0.0024532185661765254, -0.015141120357117129], [0.0024563548485896786, 0.0006163466419915054, 0.9999967932136956, 0.03379097758419237], [-0.005037156120086265, -0.9999871158056138, 0.0006287137598709469, 0.03248495236438016], [0.0, 0.0, 0.0, 1.0]]}, "Hobj2base": {"type": "ndarray", "data": [[0.9999878575315222, -0.004793496324408129, 0.0011433208228874285, -0.734369225817556], [-0.00479178428276636, -0.9999874010667795, -0.0014954969393218551, 0.09044628509404233], [0.0011504750773465343, 0.0014900002335481394, -0.9999982281516306, 0.002463080000721211], [0.0, 0.0, 0.0, 1.0]]}, "mean_rme": {"type": "float", "data": 0.001612496050940095}, "max_rme": {"type": "float", "data": 0.0072447125810431445}, "simu": {"type": "float", "data": 0.002}}]}