{"type": "list", "data": [{"type": "dict", "image_number": {"type": "int", "data": 5}, "Hcamera2end": {"type": "ndarray", "data": [[0.9999997339549828, -0.0004758535797591821, -0.0005528592356045702, -0.012931369962789055], [0.0005540160459184369, 0.002434332604125067, 0.9999968835406405, 0.025221939030014927], [-0.0004745062535181158, -0.99999692378934, 0.0024345955870017644, 0.03412209255496181], [0.0, 0.0, 0.0, 1.0]]}, "Hobj2base": {"type": "ndarray", "data": [[0.9999993068603931, -0.0009762791068830855, 0.0006581472774969547, -0.7372222818337268], [-0.0009753053555870467, -0.9999984317991977, -0.001478234964111601, 0.09168050996180874], [0.0006595894153003921, 0.0014775920449238912, -0.9999986908309193, -0.0038790112422825594], [0.0, 0.0, 0.0, 1.0]]}, "mean_rme": {"type": "float", "data": 0.0008190777772091875}, "max_rme": {"type": "float", "data": 0.0026484625871200373}, "simu": {"type": "float", "data": 0.002}}, {"type": "dict", "image_number": {"type": "int", "data": 6}, "Hcamera2end": {"type": "ndarray", "data": [[0.9999995691573003, -0.0006626493629569268, -0.0006500623320746929, -0.015218812456355198], [0.0006513435338541874, 0.001935074873581133, 0.9999979156162452, 0.02532474879512267], [-0.0006613900624562999, -0.99999790818834, 0.0019355056522460945, 0.03227478195443832], [0.0, 0.0, 0.0, 1.0]]}, "Hobj2base": {"type": "ndarray", "data": [[0.9999988713581569, -0.0008526271201932508, 0.0012370567513900834, -0.7351564762434326], [-0.0008505864580614116, -0.9999982783192785, -0.0016492001562088412, 0.08947339750517808], [0.0012384607743531342, 0.0016481460711319513, -0.9999978749124607, -0.002473625973410535], [0.0, 0.0, 0.0, 1.0]]}, "mean_rme": {"type": "float", "data": 0.0009344983324593516}, "max_rme": {"type": "float", "data": 0.0038216357415612467}, "simu": {"type": "float", "data": 0.002}}, {"type": "dict", "image_number": {"type": "int", "data": 7}, "Hcamera2end": {"type": "ndarray", "data": [[0.9999989196112661, -0.0005249080923080892, -0.001373043260539791, -0.01512856756025163], [0.0013744887710674513, 0.0027634653762839134, 0.9999952370085233, 0.025134451133323688], [-0.0005211112346646775, -0.999996043857479, 0.002764183870945791, 0.03174444063241285], [0.0, 0.0, 0.0, 1.0]]}, "Hobj2base": {"type": "ndarray", "data": [[0.9999994123996082, -0.0010224342145198203, 0.00036031752016993596, -0.7351586378610283], [-0.0010217284250266761, -0.999997569816528, -0.001953569057940014, 0.08912238984488921], [0.0003623140403775188, 0.001953199763369677, -0.9999980268676638, -0.002063008170482772], [0.0, 0.0, 0.0, 1.0]]}, "mean_rme": {"type": "float", "data": 0.0008445051167163018}, "max_rme": {"type": "float", "data": 0.0037614646131718388}, "simu": {"type": "float", "data": 0.002}}, {"type": "dict", "image_number": {"type": "int", "data": 8}, "Hcamera2end": {"type": "ndarray", "data": [[0.9999994403242708, 0.00019348235362534583, -0.0010401517793246742, -0.015542658965088729], [0.00103964711856673, 0.0025903693914276493, 0.999996104552555, 0.02399901001532611], [0.00019617597725660722, -0.9999966262698062, 0.002590166788289272, 0.031613871725033334], [0.0, 0.0, 0.0, 1.0]]}, "Hobj2base": {"type": "ndarray", "data": [[0.9999999112763951, -0.00040723523785495474, 0.00010773422358931036, -0.7347452734299043], [-0.000407046175307758, -0.9999983874145764, -0.0017491374041960805, 0.08959324703996105], [0.00010844636024551052, 0.0017490933962026427, -0.9999984644546605, -0.0010951291910078972], [0.0, 0.0, 0.0, 1.0]]}, "mean_rme": {"type": "float", "data": 0.0008923490371169058}, "max_rme": {"type": "float", "data": 0.003845792688569327}, "simu": {"type": "float", "data": 0.002}}, {"type": "dict", "image_number": {"type": "int", "data": 9}, "Hcamera2end": {"type": "ndarray", "data": [[0.9999997883111884, 0.00030197417118444216, -0.0005763585501756103, -0.016596050927138915], [0.0005759759142576992, 0.0012656731475725325, 0.9999990331611472, 0.024040372063708744], [0.000302703360764412, -0.9999991534411832, 0.0012654989497943303, 0.032214204000365815], [0.0, 0.0, 0.0, 1.0]]}, "Hobj2base": {"type": "ndarray", "data": [[0.9999994159634713, 0.00014783926041205003, 0.001070614902471797, -0.7343379770456384], [0.0001487441223253184, -0.9999996317988238, -0.0008451493377946114, 0.08905734411315781], [0.0010704895620170934, 0.0008453080918705426, -0.9999990697527312, -0.0005718939844995336], [0.0, 0.0, 0.0, 1.0]]}, "mean_rme": {"type": "float", "data": 0.001104101144412834}, "max_rme": {"type": "float", "data": 0.003404138854585015}, "simu": {"type": "float", "data": 0.002}}, {"type": "dict", "image_number": {"type": "int", "data": 10}, "Hcamera2end": {"type": "ndarray", "data": [[0.9999995214109326, 0.0007682197910845941, -0.000605818667912565, -0.016037819428784926], [0.0006052432156051353, 0.0007490838491668317, 0.999999536276911, 0.02411552128545153], [0.0007686732438229966, -0.9999994243557042, 0.0007486185308468452, 0.03252776035508136], [0.0, 0.0, 0.0, 1.0]]}, "Hobj2base": {"type": "ndarray", "data": [[0.9999990058377546, 0.0007949534482287349, 0.0011646340702571477, -0.7348171617434975], [0.0007955066415728529, -0.9999995709585698, -0.000474607057726882, 0.08933943060723581], [0.001164256280063787, 0.00047553306002835543, -0.999999209187499, -0.0007597237606985052], [0.0, 0.0, 0.0, 1.0]]}, "mean_rme": {"type": "float", "data": 0.0011142527690361005}, "max_rme": {"type": "float", "data": 0.0034783095465773517}, "simu": {"type": "float", "data": 0.002}}, {"type": "dict", "image_number": {"type": "int", "data": 11}, "Hcamera2end": {"type": "ndarray", "data": [[0.999999384502891, 0.0009364492019210641, -0.0005950266642955186, -0.01632623446676023], [0.0005938094767165682, 0.0012995320221060869, 0.9999989793028934, 0.02399281280623557], [0.0009372215022943322, -0.9999987171388849, 0.0012989751498373447, 0.03260563575584085], [0.0, 0.0, 0.0, 1.0]]}, "Hobj2base": {"type": "ndarray", "data": [[0.9999995249015042, 0.0007484049333440082, 0.0006245693089153816, -0.7352788953630857], [0.0007485926503303928, -0.999999674692001, -0.00030037465910603137, 0.08922763610621737], [0.0006243443038612631, 0.0003008420643927586, -0.9999997598440924, -0.0005649971372129243], [0.0, 0.0, 0.0, 1.0]]}, "mean_rme": {"type": "float", "data": 0.0011339950088491057}, "max_rme": {"type": "float", "data": 0.0037702050031950263}, "simu": {"type": "float", "data": 0.002}}, {"type": "dict", "image_number": {"type": "int", "data": 12}, "Hcamera2end": {"type": "ndarray", "data": [[0.9999992912625626, 0.0009655650883507654, -0.0006965331526411136, -0.016225186165612835], [0.000695069865331432, 0.001514980568124935, 0.9999986108549156, 0.02394655086938523], [0.0009666189812320754, -0.9999983862576672, 0.0015143083592055184, 0.032289494921489026], [0.0, 0.0, 0.0, 1.0]]}, "Hobj2base": {"type": "ndarray", "data": [[0.9999997255053581, 0.0006836034563864206, 0.00028578929811047586, -0.7352061908263606], [0.0006836591529923492, -0.9999997473247675, -0.00019483470929346715, 0.08927035450643184], [0.00028565603621790147, 0.00019503003828186388, -0.9999999401819548, -0.00022105004711606147], [0.0, 0.0, 0.0, 1.0]]}, "mean_rme": {"type": "float", "data": 0.0011619287166891262}, "max_rme": {"type": "float", "data": 0.003513479375472084}, "simu": {"type": "float", "data": 0.002}}, {"type": "dict", "image_number": {"type": "int", "data": 13}, "Hcamera2end": {"type": "ndarray", "data": [[0.9999987109683193, 0.0013114389957049454, -0.0009263851577350195, -0.01620053019929482], [0.0009240677811118884, 0.001766553206809074, 0.9999980126922774, 0.023790343529503922], [0.0013130728981432388, -0.9999975797058356, 0.0017653390711431793, 0.03185074876487205], [0.0, 0.0, 0.0, 1.0]]}, "Hobj2base": {"type": "ndarray", "data": [[0.999999624710427, 0.000852005181512941, -0.00015705469048604074, -0.7350908201916819], [0.0008519742208288675, -0.9999996176467212, -0.00019709474479609934, 0.08903611546427453], [-0.00015722255617948012, 0.00019696086428094237, -0.9999999682437422, 0.00013486647373656124], [0.0, 0.0, 0.0, 1.0]]}, "mean_rme": {"type": "float", "data": 0.0012212908282326694}, "max_rme": {"type": "float", "data": 0.003743394307806014}, "simu": {"type": "float", "data": 0.002}}, {"type": "dict", "image_number": {"type": "int", "data": 14}, "Hcamera2end": {"type": "ndarray", "data": [[0.9999983869765271, 0.001543021061921805, -0.0009193097119326915, -0.015999089603755706], [0.0009171653617172399, 0.0013898417343103375, 0.9999986135728652, 0.023643746249181995], [0.0015442966176399365, -0.999997843710653, 0.0013884242869925956, 0.032417028683338706], [0.0, 0.0, 0.0, 1.0]]}, "Hobj2base": {"type": "ndarray", "data": [[0.9999992804654961, 0.0011991240877537097, -3.420397762145825e-05, -0.7355418562672992], [0.0011991262908938951, -0.999999278969993, 6.446419531930486e-05, 0.0889965855321019], [-3.412665238995899e-05, -6.450516382391111e-05, -0.9999999973372276, 0.0003159337823243624], [0.0, 0.0, 0.0, 1.0]]}, "mean_rme": {"type": "float", "data": 0.0012606489071028094}, "max_rme": {"type": "float", "data": 0.0036588903159162633}, "simu": {"type": "float", "data": 0.002}}, {"type": "dict", "image_number": {"type": "int", "data": 15}, "Hcamera2end": {"type": "ndarray", "data": [[0.9999982859002968, 0.0016855475997381093, -0.0007662413179483651, -0.015875553986234043], [0.0007645379758695665, 0.001010969408468676, 0.9999991967109467, 0.023470682224347672], [0.0016863208922881243, -0.9999980684332066, 0.0010096790104161535, 0.03305743232978515], [0.0, 0.0, 0.0, 1.0]]}, "Hobj2base": {"type": "ndarray", "data": [[0.9999989161079286, 0.0014665599174535765, 0.00013032642350246874, -0.7360636970892386], [0.0014665126383821751, -0.9999988590997699, 0.0003621323520343191, 0.08899459119983842], [0.00013085736360532888, -0.0003619408341747524, -0.9999999259375889, 0.0003707168940521921], [0.0, 0.0, 0.0, 1.0]]}, "mean_rme": {"type": "float", "data": 0.0012973257774572093}, "max_rme": {"type": "float", "data": 0.0036058324391871066}, "simu": {"type": "float", "data": 0.002}}, {"type": "dict", "image_number": {"type": "int", "data": 16}, "Hcamera2end": {"type": "ndarray", "data": [[0.9999979597182168, 0.0018554754817059103, -0.0007986051217105331, -0.016328521474306187], [0.0007963719678208676, 0.001203975305433258, 0.9999989581170337, 0.023379578963063526], [0.0018564350493629434, -0.9999975538241084, 0.0012024952003237832, 0.0325962419157593], [0.0, 0.0, 0.0, 1.0]]}, "Hobj2base": {"type": "ndarray", "data": [[0.9999987970926953, 0.001544556015401426, -0.00014198548382712118, -0.7359200475221479], [0.0015446127026410262, -0.999998727081852, 0.0004000078426953897, 0.0885122731751667], [-0.00014136746857157915, -0.00040022667410494385, -0.9999999099169199, 0.0007417936389159559], [0.0, 0.0, 0.0, 1.0]]}, "mean_rme": {"type": "float", "data": 0.001383967396845142}, "max_rme": {"type": "float", "data": 0.0036446381957306873}, "simu": {"type": "float", "data": 0.002}}, {"type": "dict", "image_number": {"type": "int", "data": 17}, "Hcamera2end": {"type": "ndarray", "data": [[0.9999976235816805, 0.001965767027578086, -0.0009426510408851532, -0.01609551597950723], [0.0009398581048683875, 0.0014212269873278283, 0.9999985483892428, 0.02331050489471638], [0.001967103895148461, -0.9999970579325939, 0.001419376067824829, 0.03208442511299188], [0.0, 0.0, 0.0, 1.0]]}, "Hobj2base": {"type": "ndarray", "data": [[0.9999987077376102, 0.0015451348654278187, -0.0004439384610201924, -0.7355162815173025], [0.0015452795154702558, -0.9999987530225629, 0.00032567550876057077, 0.08863057533000698], [-0.00044343469485554646, -0.00032636109691230343, -0.9999998484270409, 0.0010284162042836678], [0.0, 0.0, 0.0, 1.0]]}, "mean_rme": {"type": "float", "data": 0.001434529385468473}, "max_rme": {"type": "float", "data": 0.0045843142405720405}, "simu": {"type": "float", "data": 0.002}}, {"type": "dict", "image_number": {"type": "int", "data": 18}, "Hcamera2end": {"type": "ndarray", "data": [[0.999995243149868, 0.002993091012705922, -0.0007450394795118461, -0.01624715184825786], [0.0007412327270585521, 0.001272754570901924, 0.999998915334335, 0.022782941662769386], [0.00299403601860592, -0.9999947107370079, 0.0012705299395854297, 0.032124074198992374], [0.0, 0.0, 0.0, 1.0]]}, "Hobj2base": {"type": "ndarray", "data": [[0.9999961848839403, 0.0025479549978027873, -0.0010668378009098605, -0.7355560069681619], [0.0025481406001670462, -0.999996738580198, 0.00017265123419862163, 0.08856646789511445], [-0.001066394413928878, -0.00017536902822841668, -0.9999994160241583, 0.0017064127338723917], [0.0, 0.0, 0.0, 1.0]]}, "mean_rme": {"type": "float", "data": 0.0014420717062392557}, "max_rme": {"type": "float", "data": 0.004528418368755394}, "simu": {"type": "float", "data": 0.002}}, {"type": "dict", "image_number": {"type": "int", "data": 19}, "Hcamera2end": {"type": "ndarray", "data": [[0.9999958413612258, 0.0028098715859109368, -0.000649524383591809, -0.01612490664254789], [0.0006460080450186442, 0.001252149879315434, 0.99999900739665, 0.022945819806489836], [0.002810682098701515, -0.9999952683599809, 0.0012503294724264258, 0.03207167402580637], [0.0, 0.0, 0.0, 1.0]]}, "Hobj2base": {"type": "ndarray", "data": [[0.9999966203485624, 0.002397244375979708, -0.001006235983728267, -0.7355975929839328], [0.0023974438585655554, -0.9999971067056517, 0.000197086963770199, 0.08858142344474362], [-0.0010057606067759048, -0.00019949869196441558, -0.9999994743227991, 0.0014277170540552115], [0.0, 0.0, 0.0, 1.0]]}, "mean_rme": {"type": "float", "data": 0.0014380289426346798}, "max_rme": {"type": "float", "data": 0.0045398724932961265}, "simu": {"type": "float", "data": 0.002}}, {"type": "dict", "image_number": {"type": "int", "data": 20}, "Hcamera2end": {"type": "ndarray", "data": [[0.9999942244620331, 0.003369367169012291, -0.0004454295199601253, -0.01610463258916217], [0.00044168598894768485, 0.001111711219467848, 0.9999992845055702, 0.022432045457228735], [0.003369859947243671, -0.9999937057117138, 0.0011102165964672617, 0.03202340206794764], [0.0, 0.0, 0.0, 1.0]]}, "Hobj2base": {"type": "ndarray", "data": [[0.9999946902040839, 0.0029815056777066163, -0.0013153659308369945, -0.735628806562503], [0.0029818528890668905, -0.9999955199227581, 0.0002620834990723984, 0.0888053818475469], [-0.0013145786344555053, -0.0002660043351635518, -0.9999991005619493, 0.0018070322224725461], [0.0, 0.0, 0.0, 1.0]]}, "mean_rme": {"type": "float", "data": 0.0014268815993645607}, "max_rme": {"type": "float", "data": 0.0046712496927301395}, "simu": {"type": "float", "data": 0.002}}, {"type": "dict", "image_number": {"type": "int", "data": 21}, "Hcamera2end": {"type": "ndarray", "data": [[0.9999950570999364, 0.003101062084402446, -0.0005188348904323046, -0.016171511497294778], [0.0005151768114681832, 0.001180303741666222, 0.9999991707376215, 0.022460991209088413], [0.0031016718955708096, -0.9999944951333615, 0.0011787003122659678, 0.03207834738071476], [0.0, 0.0, 0.0, 1.0]]}, "Hobj2base": {"type": "ndarray", "data": [[0.9999956243320566, 0.0027337999814426714, -0.0011303337567981054, -0.7355462560646054], [0.002734036989762899, -0.9999962408426923, 0.00020818794889301254, 0.0887708729666953], [-0.0011297603634848833, -0.00021127741223354206, -0.9999993395014697, 0.0018311704705962588], [0.0, 0.0, 0.0, 1.0]]}, "mean_rme": {"type": "float", "data": 0.001419690851051035}, "max_rme": {"type": "float", "data": 0.004593337923596175}, "simu": {"type": "float", "data": 0.002}}, {"type": "dict", "image_number": {"type": "int", "data": 22}, "Hcamera2end": {"type": "ndarray", "data": [[0.9999946294814824, 0.0032359087555481427, -0.0005195216246605737, -0.01615859321201686], [0.0005160458531743707, 0.0010748676477898567, 0.9999992891778559, 0.022894114942231744], [0.003236464872379218, -0.9999941867601357, 0.0010731919978986815, 0.03205006265092722], [0.0, 0.0, 0.0, 1.0]]}, "Hobj2base": {"type": "ndarray", "data": [[0.9999949573989274, 0.0029282604541174388, -0.0012290107526665664, -0.7356314892960426], [0.002928489114697319, -0.9999956949843052, 0.00018429422545867034, 0.08848673835342248], [-0.0012284658002636544, -0.00018789244074744136, -0.9999992277838059, 0.0015209882546130512], [0.0, 0.0, 0.0, 1.0]]}, "mean_rme": {"type": "float", "data": 0.0014555427714648943}, "max_rme": {"type": "float", "data": 0.004656259237283966}, "simu": {"type": "float", "data": 0.002}}, {"type": "dict", "image_number": {"type": "int", "data": 23}, "Hcamera2end": {"type": "ndarray", "data": [[0.9999947405471793, 0.003192988384270748, -0.0005689491695316613, -0.01612765435351622], [0.000565304029656596, 0.001142394039383765, 0.9999991876832767, 0.022963032522116192], [0.0031936357546928705, -0.9999942498639866, 0.0011405830218159663, 0.03206962642530862], [0.0, 0.0, 0.0, 1.0]]}, "Hobj2base": {"type": "ndarray", "data": [[0.9999950633518574, 0.002861842988790155, -0.0012973536997120773, -0.735695672139066], [0.0028620984825630997, -0.9999958851516153, 0.00019512076763879806, 0.08857302612225064], [-0.0012967899562974668, -0.0001988329584515165, -0.9999991394002619, 0.0015503659366278288], [0.0, 0.0, 0.0, 1.0]]}, "mean_rme": {"type": "float", "data": 0.0014551103095057942}, "max_rme": {"type": "float", "data": 0.004700860403588525}, "simu": {"type": "float", "data": 0.002}}, {"type": "dict", "image_number": {"type": "int", "data": 24}, "Hcamera2end": {"type": "ndarray", "data": [[0.9999945482621924, 0.0032876135784402935, -0.00030829020861317916, -0.015843870228044822], [0.0003045112537836954, 0.0011498908685840803, 0.999999292511693, 0.02278273907810574], [0.0032879657525878873, -0.9999939346555804, 0.001148883484347829, 0.03199453459787852], [0.0, 0.0, 0.0, 1.0]]}, "Hobj2base": {"type": "ndarray", "data": [[0.9999947628963594, 0.002910979457553725, -0.0014143473589204986, -0.7357478217211394], [0.002911457076271818, -0.9999957053342463, 0.0003357540115095768, 0.08885425805517505], [-0.0014133639117410368, -0.00033987006475745616, -0.999998943444838, 0.0013550749454309928], [0.0, 0.0, 0.0, 1.0]]}, "mean_rme": {"type": "float", "data": 0.0015399727353836265}, "max_rme": {"type": "float", "data": 0.006746792738075658}, "simu": {"type": "float", "data": 0.002}}, {"type": "dict", "image_number": {"type": "int", "data": 25}, "Hcamera2end": {"type": "ndarray", "data": [[0.9999946686115997, 0.0032361580491154962, -0.0004359236836891775, -0.015863553283622937], [0.00043223686451197103, 0.0011398700630614877, 0.99999925693349, 0.02265852205891459], [0.0032366525407916454, -0.9999941139713374, 0.0011384651991631634, 0.03203643197332919], [0.0, 0.0, 0.0, 1.0]]}, "Hobj2base": {"type": "ndarray", "data": [[0.9999949315117814, 0.0028804201045355715, -0.0013565141978092575, -0.7357060125273737], [0.002880871081417519, -0.9999957956285304, 0.00033061620559908544, 0.08879062625096207], [-0.0013555561809541728, -0.00033452247239874346, -0.9999990252806032, 0.0013845670620411554], [0.0, 0.0, 0.0, 1.0]]}, "mean_rme": {"type": "float", "data": 0.0015428415939377925}, "max_rme": {"type": "float", "data": 0.006682290624175691}, "simu": {"type": "float", "data": 0.002}}, {"type": "dict", "image_number": {"type": "int", "data": 26}, "Hcamera2end": {"type": "ndarray", "data": [[0.9999954671139077, 0.00297479336563199, -0.0004651409132502128, -0.015581859192491967], [0.0004616059771781209, 0.0011888725599294991, 0.9999991867506484, 0.022738608160448582], [0.0029753439396514774, -0.9999948685800684, 0.001187493988507149, 0.032176311150062246], [0.0, 0.0, 0.0, 1.0]]}, "Hobj2base": {"type": "ndarray", "data": [[0.9999956693365641, 0.002621259326484889, -0.001338023789184518, -0.7356586739206417], [0.002621749963444987, -0.9999964965709867, 0.00036506558651498917, 0.08916228515876526], [-0.0013370621699397229, -0.000368571969359185, -0.9999990382092665, 0.0013013368137145885], [0.0, 0.0, 0.0, 1.0]]}, "mean_rme": {"type": "float", "data": 0.0016134256356015381}, "max_rme": {"type": "float", "data": 0.006688606142687958}, "simu": {"type": "float", "data": 0.002}}, {"type": "dict", "image_number": {"type": "int", "data": 27}, "Hcamera2end": {"type": "ndarray", "data": [[0.9999952542005012, 0.0030531771150627772, -0.00041192958017740124, -0.0154471387506111], [0.00040827816428379597, 0.0011964665606967184, 0.9999992008880353, 0.022677702449383493], [0.003053667535200459, -0.9999946232741818, 0.0011952143369585722, 0.03223657154566473], [0.0, 0.0, 0.0, 1.0]]}, "Hobj2base": {"type": "ndarray", "data": [[0.9999954365664674, 0.0027097180833390443, -0.0013357672510800243, -0.7357157410743431], [0.002710399848857409, -0.999996197396612, 0.0005088467106984445, 0.08933831728058804], [-0.0013343833405533227, -0.0005124648519657379, -0.9999989783999159, 0.0015047078166506094], [0.0, 0.0, 0.0, 1.0]]}, "mean_rme": {"type": "float", "data": 0.0016368962270162785}, "max_rme": {"type": "float", "data": 0.0068271947099894925}, "simu": {"type": "float", "data": 0.002}}, {"type": "dict", "image_number": {"type": "int", "data": 28}, "Hcamera2end": {"type": "ndarray", "data": [[0.9999959543409613, 0.002821796557098761, -0.00035883965823304176, -0.015382100596201792], [0.0003553392006172588, 0.0012409102464814303, 0.9999991669375594, 0.022067606357202698], [0.00282223949417478, -0.9999952487916883, 0.0012399025312488376, 0.03214531052081243], [0.0, 0.0, 0.0, 1.0]]}, "Hobj2base": {"type": "ndarray", "data": [[0.999996067631566, 0.002507334833665655, -0.0012561820872756101, -0.73571949395739], [0.002507837491688578, -0.9999967758766792, 0.00039873219314032237, 0.08972454720151672], [-0.0012551782820724826, -0.00040188092571328984, -0.9999991315092238, 0.001927932461119374], [0.0, 0.0, 0.0, 1.0]]}, "mean_rme": {"type": "float", "data": 0.0016519974681202393}, "max_rme": {"type": "float", "data": 0.006658681328597038}, "simu": {"type": "float", "data": 0.002}}, {"type": "dict", "image_number": {"type": "int", "data": 29}, "Hcamera2end": {"type": "ndarray", "data": [[0.9999951436895502, 0.0030984244186238194, -0.00033520656000169476, -0.015400067696695082], [0.000331296109124538, 0.0012625043195775287, 0.9999991481625027, 0.022052473752115418], [0.0030988449789996703, -0.9999944029088187, 0.0012614716925103409, 0.032177452766522924], [0.0, 0.0, 0.0, 1.0]]}, "Hobj2base": {"type": "ndarray", "data": [[0.9999952410370877, 0.0027664158871409405, -0.0013655937595978363, -0.7357016977351118], [0.0027668939967908164, -0.9999961114687068, 0.0003483462013254286, 0.08962379894511639], [-0.0013646247789781964, -0.00035212299673426204, -0.9999990069038107, 0.0019583429666488335], [0.0, 0.0, 0.0, 1.0]]}, "mean_rme": {"type": "float", "data": 0.0016473075182892728}, "max_rme": {"type": "float", "data": 0.006639999769637472}, "simu": {"type": "float", "data": 0.002}}, {"type": "dict", "image_number": {"type": "int", "data": 30}, "Hcamera2end": {"type": "ndarray", "data": [[0.9999948144431675, 0.0031944278003436556, -0.0004083109151126704, -0.015348786936375947], [0.00040488537544839114, 0.0010729216470407588, 0.9999993424532697, 0.022103093891545654], [0.003194863785477648, -0.9999943222189652, 0.0010716227062452788, 0.03220958695192454], [0.0, 0.0, 0.0, 1.0]]}, "Hobj2base": {"type": "ndarray", "data": [[0.9999949828774529, 0.0029310378378275244, -0.001201348041140418, -0.7356317811728075], [0.002931466678331846, -0.9999956401014027, 0.00035536080294174465, 0.08966637862289263], [-0.0012003012274252752, -0.0003588807318047302, -0.9999992152404844, 0.0019562365723279815], [0.0, 0.0, 0.0, 1.0]]}, "mean_rme": {"type": "float", "data": 0.0016517394344916076}, "max_rme": {"type": "float", "data": 0.0067310868725275474}, "simu": {"type": "float", "data": 0.002}}]}