{"type": "list", "data": [{"type": "dict", "image_number": {"type": "int", "data": 5}, "Hcamera2end": {"type": "ndarray", "data": [[0.9999863591269103, -0.005219630841751456, 0.00019239018139835008, -0.01989672241828841], [-0.00019601304012768425, -0.0006935806422063706, 0.9999997402623567, 0.02312293576761064], [-0.005219496047911274, -0.9999861371037945, -0.0006945942968705765, 0.03268675705563882], [0.0, 0.0, 0.0, 1.0]]}, "Hobj2base": {"type": "ndarray", "data": [[0.9999880370509878, -0.004887238742874192, 0.0002016243594722456, -0.7338138292652203], [-0.004887698061399223, -0.9999853073928269, 0.0023442282598294334, 0.08671889343297841], [0.0001901645939111564, -0.0023451856949372116, -0.9999972319669108, 0.014767324773225888], [0.0, 0.0, 0.0, 1.0]]}, "mean_rme": {"type": "float", "data": 0.0026593425851278445}, "max_rme": {"type": "float", "data": 0.006877059518205303}, "simu": {"type": "float", "data": 0.002}}, {"type": "dict", "image_number": {"type": "int", "data": 6}, "Hcamera2end": {"type": "ndarray", "data": [[0.9999942156967564, -0.0033870737577997817, 0.00031032948344528145, -0.020290575975905945], [-0.000310972731816806, -0.00018938772145937754, 0.9999999337141232, 0.02552774338301254], [-0.003387014760690857, -0.9999942459152702, -0.00019043991356260115, 0.032350397530326855], [0.0, 0.0, 0.0, 1.0]]}, "Hobj2base": {"type": "ndarray", "data": [[0.9999951736110576, -0.003106057217695364, 7.185506994123219e-05, -0.7342198109932575], [-0.003106195492543805, -0.9999931522308296, 0.0020117258787494224, 0.0867521435149466], [6.560604220858531e-05, -0.0020119393652722538, -0.9999979738958664, 0.012345149051875984], [0.0, 0.0, 0.0, 1.0]]}, "mean_rme": {"type": "float", "data": 0.002315960522997366}, "max_rme": {"type": "float", "data": 0.005695060192563273}, "simu": {"type": "float", "data": 0.002}}, {"type": "dict", "image_number": {"type": "int", "data": 7}, "Hcamera2end": {"type": "ndarray", "data": [[0.9999935255310688, -0.0035970784554416307, -9.961189227118087e-05, -0.018394946396930074], [0.00010273181681532523, 0.0008671752446316461, 0.9999996187265618, 0.025676343606788256], [-0.003596990703004112, -0.9999931544934098, 0.000867539164537412, 0.034824118750831884], [0.0, 0.0, 0.0, 1.0]]}, "Hobj2base": {"type": "ndarray", "data": [[0.999993678668702, -0.003434581370611948, -0.0009199312176885561, -0.7374735934960137], [-0.0034332101998637626, -0.9999929994831165, 0.0014879692482228752, 0.08808904400675822], [-0.0009250353291545246, -0.0014848015250365548, -0.999998469835865, 0.011902667619719174], [0.0, 0.0, 0.0, 1.0]]}, "mean_rme": {"type": "float", "data": 0.0022599540737128533}, "max_rme": {"type": "float", "data": 0.005516900630435084}, "simu": {"type": "float", "data": 0.002}}, {"type": "dict", "image_number": {"type": "int", "data": 8}, "Hcamera2end": {"type": "ndarray", "data": [[0.9999940158031188, -0.003457099078098146, -0.0001297070398157481, -0.017370065285581694], [0.0001341076644607159, 0.0012727226604011266, 0.9999991810957466, 0.025611748779691277], [-0.00345693116597622, -0.9999932142984739, 0.001273178667661301, 0.032969549803976074], [0.0, 0.0, 0.0, 1.0]]}, "Hobj2base": {"type": "ndarray", "data": [[0.9999935348704821, -0.0033183107156550254, -0.0013852910279702172, -0.7359399289172753], [-0.003316348470266014, -0.9999934978176244, 0.0014163881165249377, 0.08922071866731178], [-0.001389982036419901, -0.0014117848516108347, -0.9999980374048096, 0.01191466466796759], [0.0, 0.0, 0.0, 1.0]]}, "mean_rme": {"type": "float", "data": 0.0022153324452410697}, "max_rme": {"type": "float", "data": 0.005399425429898741}, "simu": {"type": "float", "data": 0.002}}, {"type": "dict", "image_number": {"type": "int", "data": 9}, "Hcamera2end": {"type": "ndarray", "data": [[0.9999970544791174, -0.0024145359777550824, 0.0002470811633584738, -0.016583141299851577], [-0.0002456860783660729, 0.0005780654913949412, 0.9999998027392999, 0.025258965121371893], [-0.0024146783305561362, -0.9999969179234004, 0.0005774705708155858, 0.033498214198168196], [0.0, 0.0, 0.0, 1.0]]}, "Hobj2base": {"type": "ndarray", "data": [[0.9999970699907386, -0.0023216905970273047, -0.0006853923763330008, -0.7355101358505447], [-0.0023207589032653983, -0.9999963862562373, 0.0013570381641082058, 0.08999493396812418], [-0.0006885405222459932, -0.001355443557514212, -0.9999988443416881, 0.011895853799749001], [0.0, 0.0, 0.0, 1.0]]}, "mean_rme": {"type": "float", "data": 0.002150382410269757}, "max_rme": {"type": "float", "data": 0.00603738315850072}, "simu": {"type": "float", "data": 0.002}}, {"type": "dict", "image_number": {"type": "int", "data": 10}, "Hcamera2end": {"type": "ndarray", "data": [[0.9999984529103157, -0.0017478839086733523, 0.0001976836281017922, -0.016086292652354985], [-0.00019841608964897182, -0.0004188927029085132, 0.9999998925799736, 0.025249989296069406], [-0.0017478009126863205, -0.9999983847140679, -0.00041923886313433023, 0.03412725454633244], [0.0, 0.0, 0.0, 1.0]]}, "Hobj2base": {"type": "ndarray", "data": [[0.9999985732809413, -0.0016592395246324834, 0.0003167969093275229, -0.7351216901046407], [-0.001659479581706355, -0.9999983350141606, 0.0007590101606343822, 0.09027372512185712], [0.00031553700220703275, -0.0007595347957426969, -0.9999996617715896, 0.011986869337312417], [0.0, 0.0, 0.0, 1.0]]}, "mean_rme": {"type": "float", "data": 0.002185832576347317}, "max_rme": {"type": "float", "data": 0.006468634986945804}, "simu": {"type": "float", "data": 0.002}}, {"type": "dict", "image_number": {"type": "int", "data": 11}, "Hcamera2end": {"type": "ndarray", "data": [[0.9999990191368354, -0.0013845930409148984, 0.0002112521668740377, -0.016704603676894057], [-0.0002118149941336999, -0.00040635888110363005, 0.9999998950034285, 0.025278468403077455], [-0.0013845070513432145, -0.9999989588867434, -0.00040665176008802817, 0.034270820250540374], [0.0, 0.0, 0.0, 1.0]]}, "Hobj2base": {"type": "ndarray", "data": [[0.9999990974871562, -0.00132020203753917, 0.0002491815663998329, -0.7356311804989695], [-0.001320388803733195, -0.9999988463995853, 0.0007508481244920413, 0.0897762176328122], [0.0002481900077200377, -0.0007511764633923362, -0.9999996870677716, 0.012007752931437425], [0.0, 0.0, 0.0, 1.0]]}, "mean_rme": {"type": "float", "data": 0.0021093596715700508}, "max_rme": {"type": "float", "data": 0.0061021417520153165}, "simu": {"type": "float", "data": 0.002}}, {"type": "dict", "image_number": {"type": "int", "data": 12}, "Hcamera2end": {"type": "ndarray", "data": [[0.9999998416385651, -0.0005604447055031507, 5.123062242276994e-05, -0.017079313741194292], [-5.138494258368349e-05, -0.0002753421196080019, 0.9999999607731519, 0.025700332599885946], [-0.0005604305775705044, -0.9999998050442059, -0.0002753708744236416, 0.03407196849510568], [0.0, 0.0, 0.0, 1.0]]}, "Hobj2base": {"type": "ndarray", "data": [[0.999999854517193, -0.000514442807582182, 0.00016221649294436503, -0.7358783603802825], [-0.000514555995550968, -0.9999996236713744, 0.0006984906850938238, 0.08930101912828363], [0.00016185709838854553, -0.0006985740529444599, -0.9999997428982532, 0.011443501660337483], [0.0, 0.0, 0.0, 1.0]]}, "mean_rme": {"type": "float", "data": 0.002066914282577969}, "max_rme": {"type": "float", "data": 0.0056473162877468674}, "simu": {"type": "float", "data": 0.002}}, {"type": "dict", "image_number": {"type": "int", "data": 13}, "Hcamera2end": {"type": "ndarray", "data": [[0.9999999613158087, -0.000273013366557985, 5.321731731062816e-05, -0.017488563957378068], [-5.328226105803497e-05, -0.00023787577961598139, 0.9999999702880566, 0.025702184113723884], [-0.000273000699335383, -0.9999999344394055, -0.00023789031718335352, 0.0339797984071453], [0.0, 0.0, 0.0, 1.0]]}, "Hobj2base": {"type": "ndarray", "data": [[0.999999969556266, -0.0002275411017502874, 9.545948925459804e-05, -0.7356611670315307], [-0.00022760426737939755, -0.9999997548352961, 0.0006622126886160657, 0.08892680665050973], [9.530878524653991e-05, -0.000662234395442955, -0.9999997761808954, 0.011570066389840629], [0.0, 0.0, 0.0, 1.0]]}, "mean_rme": {"type": "float", "data": 0.002030136376439507}, "max_rme": {"type": "float", "data": 0.005811586873232827}, "simu": {"type": "float", "data": 0.002}}, {"type": "dict", "image_number": {"type": "int", "data": 14}, "Hcamera2end": {"type": "ndarray", "data": [[0.9999999858985055, -8.850120725315662e-05, 0.0001427253484690698, -0.017534458537526013], [-0.0001427352197646503, -0.00011154225885157132, 0.9999999835924908, 0.026671100035889104], [-8.848528589330864e-05, -0.9999999898629305, -0.00011155488951786197, 0.03400095911197786], [0.0, 0.0, 0.0, 1.0]]}, "Hobj2base": {"type": "ndarray", "data": [[0.9999999989648882, 1.211525627034982e-05, 4.385708681814013e-05, -0.7357592944145567], [1.208197743124723e-05, -0.9999997120969679, 0.0007587226148365975, 0.08907900145053411], [4.386626631046873e-05, -0.0007587220841709017, -0.9999997112082328, 0.010643104238865097], [0.0, 0.0, 0.0, 1.0]]}, "mean_rme": {"type": "float", "data": 0.0019045834548863565}, "max_rme": {"type": "float", "data": 0.005490215473725968}, "simu": {"type": "float", "data": 0.002}}, {"type": "dict", "image_number": {"type": "int", "data": 15}, "Hcamera2end": {"type": "ndarray", "data": [[0.9999999165032721, -0.0003448651689244695, -0.00021922924988777945, -0.01735500290197893], [0.0002191109107120526, -0.00034314657380685176, 0.9999999171204154, 0.02675200336313506], [-0.0003449403681081648, -0.9999998816592149, -0.000343070981434046, 0.033752041974483754], [0.0, 0.0, 0.0, 1.0]]}, "Hobj2base": {"type": "ndarray", "data": [[0.9999999095773221, -0.00021569887914721201, 0.0003664960316511916, -0.7354926330540167], [-0.00021588829680282485, -0.9999998431171604, 0.0005168731923617442, 0.08924506867365099], [0.0003663844851859999, -0.0005169522678287441, -0.9999997992613603, 0.010728630594535797], [0.0, 0.0, 0.0, 1.0]]}, "mean_rme": {"type": "float", "data": 0.0019368942095159636}, "max_rme": {"type": "float", "data": 0.005526521678198171}, "simu": {"type": "float", "data": 0.002}}, {"type": "dict", "image_number": {"type": "int", "data": 16}, "Hcamera2end": {"type": "ndarray", "data": [[0.9999999002921622, -0.0004154651977801157, -0.00016372029540636152, -0.017185150720593567], [0.0001635922545493723, -0.0003082019927467261, 0.9999999391245511, 0.026703559788800315], [-0.0004155156314097826, -0.9999998662000915, -0.0003081339951283013, 0.033499107746476124], [0.0, 0.0, 0.0, 1.0]]}, "Hobj2base": {"type": "ndarray", "data": [[0.999999889154312, -0.0003010763384380799, 0.00036200055530820346, -0.7352483968688549], [-0.00030128677000337617, -0.9999997856072131, 0.0005813878306703921, 0.08949929169526843], [0.00036182543557862495, -0.0005814968322041063, -0.9999997654718666, 0.010537151989757503], [0.0, 0.0, 0.0, 1.0]]}, "mean_rme": {"type": "float", "data": 0.0019071516203983925}, "max_rme": {"type": "float", "data": 0.005594529603454246}, "simu": {"type": "float", "data": 0.002}}, {"type": "dict", "image_number": {"type": "int", "data": 17}, "Hcamera2end": {"type": "ndarray", "data": [[0.9999999623477603, -0.0002532764072403666, -0.0001056197869789105, -0.016828444942368383], [0.00010553440839444308, -0.0003370861510549883, 0.9999999376177058, 0.02674606548408387], [-0.00025331199440787114, -0.9999999111119902, -0.00033705940898709486, 0.03335029140764922], [0.0, 0.0, 0.0, 1.0]]}, "Hobj2base": {"type": "ndarray", "data": [[0.9999999040369112, -0.0001525582667112201, 0.0004106727938947029, -0.7348941367380593], [-0.0001528072821439183, -0.9999998044665106, 0.0006063966320435589, 0.0896869325366126], [0.00041058020277529435, -0.0006064593276453505, -0.9999997318154545, 0.010438436443959042], [0.0, 0.0, 0.0, 1.0]]}, "mean_rme": {"type": "float", "data": 0.0018872974044072837}, "max_rme": {"type": "float", "data": 0.005596280947155641}, "simu": {"type": "float", "data": 0.002}}, {"type": "dict", "image_number": {"type": "int", "data": 18}, "Hcamera2end": {"type": "ndarray", "data": [[0.9999999802669057, -0.00018896654697772675, -6.130116076669951e-05, -0.01697810356399171], [6.125102228698686e-05, -0.00026532429409820146, 0.9999999629256651, 0.026700127084593153], [-0.0001889828046591255, -0.9999999469473302, -0.0002653127144685019, 0.033349803097849386], [0.0, 0.0, 0.0, 1.0]]}, "Hobj2base": {"type": "ndarray", "data": [[0.9999999307043047, -0.00010186932754800716, 0.0003580698616626649, -0.7348137773374969], [-0.00010208483200547021, -0.9999998136574115, 0.0006018835682431379, 0.08955596007891194], [0.0003580084814646408, -0.0006019200800368717, -0.9999997547610424, 0.010400993994833609], [0.0, 0.0, 0.0, 1.0]]}, "mean_rme": {"type": "float", "data": 0.0018692546979000575}, "max_rme": {"type": "float", "data": 0.00573247133408003}, "simu": {"type": "float", "data": 0.002}}, {"type": "dict", "image_number": {"type": "int", "data": 19}, "Hcamera2end": {"type": "ndarray", "data": [[0.9999999728420078, 0.0001387714241565726, -0.00018723908659692523, -0.017230384506012213], [0.0001872765959797849, -0.000270332470738488, 0.9999999459239145, 0.028088128489753957], [0.0001387207998474586, -0.9999999538314225, -0.00027035845203671194, 0.033379725931487414], [0.0, 0.0, 0.0, 1.0]]}, "Hobj2base": {"type": "ndarray", "data": [[0.9999999162814341, 0.0001937626847990464, 0.00036040691809300496, -0.7349411864554807], [0.0001935529812313267, -0.9999998120252374, 0.0005817961273121, 0.08946476203133084], [0.0003605195807252337, -0.0005817263207715093, -0.9999997658100326, 0.008913501902771126], [0.0, 0.0, 0.0, 1.0]]}, "mean_rme": {"type": "float", "data": 0.0018826980022607518}, "max_rme": {"type": "float", "data": 0.006208800646153451}, "simu": {"type": "float", "data": 0.002}}, {"type": "dict", "image_number": {"type": "int", "data": 20}, "Hcamera2end": {"type": "ndarray", "data": [[0.9999999661449785, 8.890338582303681e-05, -0.00024455312234033665, -0.017172408719630744], [0.000244563943714609, -0.0001217301222375955, 0.9999999626851267, 0.02821194087645107], [8.887361302414212e-05, -0.9999999886389827, -0.00012175186067908683, 0.0333284290195488], [0.0, 0.0, 0.0, 1.0]]}, "Hobj2base": {"type": "ndarray", "data": [[0.999999966859399, 0.000123655528515196, 0.0002258107864003053, -0.7349822970619846], [0.00012354415223144363, -0.9999998707572686, 0.0004931757170545378, 0.08947525461043795], [0.00022587174111984577, -0.0004931478031082276, -0.9999998528935892, 0.008858406772191987], [0.0, 0.0, 0.0, 1.0]]}, "mean_rme": {"type": "float", "data": 0.0018106590063079614}, "max_rme": {"type": "float", "data": 0.006184227640913462}, "simu": {"type": "float", "data": 0.002}}, {"type": "dict", "image_number": {"type": "int", "data": 21}, "Hcamera2end": {"type": "ndarray", "data": [[0.9999999708238614, 3.015988629988611e-05, -0.0002396719792471376, -0.017350116114018682], [0.00023967873501232195, -0.000224194469396366, 0.9999999461454705, 0.028388486310865366], [3.0106151543423168e-05, -0.9999999744136103, -0.0002242016915385836, 0.03310219777584965], [0.0, 0.0, 0.0, 1.0]]}, "Hobj2base": {"type": "ndarray", "data": [[0.9999999468001479, 7.810105076558495e-05, 0.00031670163755727294, -0.7348490342631652], [7.796582425401228e-05, -0.9999999058073465, 0.00042697380361125933, 0.08914780285117666], [0.00031673495482901663, -0.0004269490889921014, -0.9999998586967123, 0.008781241762937174], [0.0, 0.0, 0.0, 1.0]]}, "mean_rme": {"type": "float", "data": 0.0018197809879298202}, "max_rme": {"type": "float", "data": 0.006271719788873614}, "simu": {"type": "float", "data": 0.002}}, {"type": "dict", "image_number": {"type": "int", "data": 22}, "Hcamera2end": {"type": "ndarray", "data": [[0.9999999749922355, -5.093676314459595e-06, -0.00022358350325309985, -0.017338720808407967], [0.00022358250589780802, -0.00019496894351900274, 0.9999999559989862, 0.028514567683342755], [-5.137267929750179e-06, -0.9999999809805827, -0.0001949677997863386, 0.03323676560892275], [0.0, 0.0, 0.0, 1.0]]}, "Hobj2base": {"type": "ndarray", "data": [[0.9999999533525563, 6.106430102204554e-06, 0.0003053810679054332, -0.7349640491559395], [5.972402075680843e-06, -0.9999999036713529, 0.0004388867909072705, 0.0890687714434739], [0.0003053837185199996, -0.00043888494657579985, -0.9999998570603839, 0.00868631272710247], [0.0, 0.0, 0.0, 1.0]]}, "mean_rme": {"type": "float", "data": 0.0017719780154521333}, "max_rme": {"type": "float", "data": 0.00631409321184849}, "simu": {"type": "float", "data": 0.002}}, {"type": "dict", "image_number": {"type": "int", "data": 23}, "Hcamera2end": {"type": "ndarray", "data": [[0.9999999674384883, -5.3590071488999474e-05, -0.0002495017567804613, -0.017283355853464917], [0.0002494952964198977, -0.00012052431919284956, 0.999999961612992, 0.028648434922815044], [-5.3620140461210335e-05, -0.9999999913009963, -0.00012051094479748059, 0.03314122514235238], [0.0, 0.0, 0.0, 1.0]]}, "Hobj2base": {"type": "ndarray", "data": [[0.9999999524208034, -3.188702347685754e-05, 0.0003068250456682174, -0.7349392660196712], [-3.2044801079508026e-05, -0.9999998672675157, 0.0005142354336974372, 0.08902107983828408], [0.00030680860750521995, -0.0005142452413780831, -0.9999998207101386, 0.008527061766897307], [0.0, 0.0, 0.0, 1.0]]}, "mean_rme": {"type": "float", "data": 0.0017298478571216775}, "max_rme": {"type": "float", "data": 0.006347931497553985}, "simu": {"type": "float", "data": 0.002}}, {"type": "dict", "image_number": {"type": "int", "data": 24}, "Hcamera2end": {"type": "ndarray", "data": [[0.9999999518747628, -0.00021332624171354828, -0.0002252607084671724, -0.01742207554745026], [0.00022522391708998255, -0.00017247363545003225, 0.9999999597635152, 0.028621764256427092], [-0.00021336508466336361, -0.999999962372379, -0.000172425580977853, 0.033142781295390195], [0.0, 0.0, 0.0, 1.0]]}, "Hobj2base": {"type": "ndarray", "data": [[0.9999999182568328, -0.00018440495505971316, 0.0003598348793480644, -0.7349883756449097], [-0.0001845845483872236, -0.9999998583989285, 0.0004991299099448857, 0.08892621224946255], [0.0003597427863664477, -0.0004991962891031243, -0.9999998106940782, 0.00854350282195977], [0.0, 0.0, 0.0, 1.0]]}, "mean_rme": {"type": "float", "data": 0.0016894929832380323}, "max_rme": {"type": "float", "data": 0.006365658724315645}, "simu": {"type": "float", "data": 0.002}}, {"type": "dict", "image_number": {"type": "int", "data": 25}, "Hcamera2end": {"type": "ndarray", "data": [[0.9999999486415807, -3.841148977066887e-05, -0.00031818452734330596, -0.017023084055029513], [0.0003181648832130427, -0.0005103402901154297, 0.9999998191619311, 0.028541516892694362], [-3.8573865208403916e-05, -0.9999998690386641, -0.0005103280427181112, 0.033326596855402665], [0.0, 0.0, 0.0, 1.0]]}, "Hobj2base": {"type": "ndarray", "data": [[0.9999998104314632, 2.2961995492231995e-05, 0.0006153127533151011, -0.7348911631791536], [2.277600089843103e-05, -0.9999999540534781, 0.00030228181585413013, 0.08922903747786122], [0.000615319666037313, -0.00030226774418718626, -0.9999997650079324, 0.008450031041004814], [0.0, 0.0, 0.0, 1.0]]}, "mean_rme": {"type": "float", "data": 0.0016940761057747645}, "max_rme": {"type": "float", "data": 0.006349023086846123}, "simu": {"type": "float", "data": 0.002}}, {"type": "dict", "image_number": {"type": "int", "data": 26}, "Hcamera2end": {"type": "ndarray", "data": [[0.9999999627398933, -7.896944353863777e-05, -0.0002613121486615268, -0.01714325764628477], [0.00026127728635031827, -0.0004411541683393416, 0.9999998685585809, 0.028586883600916477], [-7.908471210240183e-05, -0.9999998995734083, -0.0004411335189800081, 0.033551982044033854], [0.0, 0.0, 0.0, 1.0]]}, "Hobj2base": {"type": "ndarray", "data": [[0.9999998601692113, -1.3202951741761266e-05, 0.0005286655274187274, -0.7351109414797752], [-1.3384894187975049e-05, -0.9999999406900826, 0.0003441521117289434, 0.0890762460672634], [0.0005286609522398957, -0.0003441591397380275, -0.9999998010360223, 0.008324878361699558], [0.0, 0.0, 0.0, 1.0]]}, "mean_rme": {"type": "float", "data": 0.0016956315484592491}, "max_rme": {"type": "float", "data": 0.006414016878566242}, "simu": {"type": "float", "data": 0.002}}, {"type": "dict", "image_number": {"type": "int", "data": 27}, "Hcamera2end": {"type": "ndarray", "data": [[0.9999999094889542, 7.486754262766437e-06, -0.0004254010248043814, -0.017099934756692817], [0.00042540542468335143, -0.0005978411266160943, 0.9999997308080696, 0.028590885950996972], [7.2324300194598476e-06, -0.9999998212649518, -0.0005978442574108289, 0.03361604429434149], [0.0, 0.0, 0.0, 1.0]]}, "Hobj2base": {"type": "ndarray", "data": [[0.9999998198130556, 8.279999341208589e-05, 0.0005945738116010202, -0.7351201338965666], [8.272294333878145e-05, -0.9999999881788006, 0.0001296121668999483, 0.08900589781023178], [0.0005945845364590099, -0.0001295629586498002, -0.9999998148413176, 0.008290133432058804], [0.0, 0.0, 0.0, 1.0]]}, "mean_rme": {"type": "float", "data": 0.001643520635940524}, "max_rme": {"type": "float", "data": 0.006417951302574873}, "simu": {"type": "float", "data": 0.002}}, {"type": "dict", "image_number": {"type": "int", "data": 28}, "Hcamera2end": {"type": "ndarray", "data": [[0.9999997842083449, -9.01073309350352e-05, -0.0006507410641377442, -0.017122482939403154], [0.0006506604845567281, -0.0008914223534726151, 0.9999993910033753, 0.028697900451752245], [-9.06873611908698e-05, -0.9999995986233476, -0.0008913635318315016, 0.033725772827951625], [0.0, 0.0, 0.0, 1.0]]}, "Hobj2base": {"type": "ndarray", "data": [[0.9999995358585317, 1.2364767726197884e-05, 0.0009633949520811467, -0.7350026944681416], [1.2354940475405826e-05, -0.99999999987159, 1.0206596602230328e-05, 0.08888894647314775], [0.0009633950781596337, -1.0194689177638324e-05, -0.9999995358828879, 0.008131379263186175], [0.0, 0.0, 0.0, 1.0]]}, "mean_rme": {"type": "float", "data": 0.0016244828440735756}, "max_rme": {"type": "float", "data": 0.0063487241879599254}, "simu": {"type": "float", "data": 0.002}}, {"type": "dict", "image_number": {"type": "int", "data": 29}, "Hcamera2end": {"type": "ndarray", "data": [[0.9999998165448546, -7.237788608457788e-05, -0.0006013914688661528, -0.017147604038604804], [0.0006013274000306311, -0.0008819891385234424, 0.9999994302500967, 0.028565970193290536], [-7.290826559082472e-05, -0.9999996084282241, -0.0008819454539119587, 0.03374127647894618], [0.0, 0.0, 0.0, 1.0]]}, "Hobj2base": {"type": "ndarray", "data": [[0.9999995287273789, 2.3026977448276875e-05, 0.0009705744579540401, -0.7350113215574064], [2.3009225657506874e-05, -0.9999999995678219, 1.8301145564628507e-05, 0.08893586301600548], [0.0009705748789546452, -1.8278804773079188e-05, -0.9999995288250338, 0.008189778196668513], [0.0, 0.0, 0.0, 1.0]]}, "mean_rme": {"type": "float", "data": 0.0016114285684813076}, "max_rme": {"type": "float", "data": 0.006364739716005499}, "simu": {"type": "float", "data": 0.002}}, {"type": "dict", "image_number": {"type": "int", "data": 30}, "Hcamera2end": {"type": "ndarray", "data": [[0.999999837283994, 1.629409443208279e-05, -0.0005702337134642879, -0.017194301881846154], [0.0005702457197336406, -0.0007465969865854127, 0.9999995587062819, 0.028471382827558796], [1.5868352469479376e-05, -0.9999997211636821, -0.0007466061567398263, 0.033412159735072465], [0.0, 0.0, 0.0, 1.0]]}, "Hobj2base": {"type": "ndarray", "data": [[0.9999996540617213, 9.481797666302716e-05, 0.0008263691602938825, -0.734768401605227], [9.481242552964672e-05, -0.9999999954824752, 6.756670690876268e-06, 0.08897613454243297], [0.0008263697972145836, -6.678318289014878e-06, -0.9999996585341204, 0.008277195237551657], [0.0, 0.0, 0.0, 1.0]]}, "mean_rme": {"type": "float", "data": 0.001622480848452389}, "max_rme": {"type": "float", "data": 0.006342790487723168}, "simu": {"type": "float", "data": 0.002}}]}