{"type": "list", "data": [{"type": "dict", "image_number": {"type": "int", "data": 5}, "Hcamera2end": {"type": "ndarray", "data": [[0.9999961917209067, 0.0027538772717309442, 0.00018084152135391983, -0.01744010951403595], [-0.00018219649193190225, 0.0004917799374717369, 0.9999998624784562, 0.028021977498855634], [0.002753787958781427, -0.9999960871485775, 0.000492279811414531, 0.03704790949891144], [0.0, 0.0, 0.0, 1.0]]}, "Hobj2base": {"type": "ndarray", "data": [[0.9999971886648764, 0.0023268526032979926, -0.0004565296332897524, -0.7390392788439949], [0.002327359491949684, -0.9999966723794012, 0.0011129366196844443, 0.08945467608057202], [-0.00045393847466152236, -0.0011139959994220284, -0.9999992764761254, 0.007111088248246511], [0.0, 0.0, 0.0, 1.0]]}, "mean_rme": {"type": "float", "data": 0.0014393505438763097}, "max_rme": {"type": "float", "data": 0.00347389222853256}, "simu": {"type": "float", "data": 0.002}}, {"type": "dict", "image_number": {"type": "int", "data": 6}, "Hcamera2end": {"type": "ndarray", "data": [[0.9999960432777094, 0.0027812672971259432, -0.000421878119219283, -0.014430255253692782], [0.00041820736930334884, 0.0013202614762765075, 0.9999990410056557, 0.02777952651433495], [0.0027818216193348237, -0.9999952607196979, 0.0013190931058888467, 0.03605067947466706], [0.0, 0.0, 0.0, 1.0]]}, "Hobj2base": {"type": "ndarray", "data": [[0.9999971239632509, 0.002005724854464982, -0.001314965031737517, -0.7381867183926195], [0.002006472159441496, -0.9999978261545002, 0.0005672351787269635, 0.09172331908732922], [-0.0013138244555104006, -0.0005698719880645646, -0.999998974555083, 0.0058898608275371744], [0.0, 0.0, 0.0, 1.0]]}, "mean_rme": {"type": "float", "data": 0.001487036936476416}, "max_rme": {"type": "float", "data": 0.0032151656778920956}, "simu": {"type": "float", "data": 0.002}}, {"type": "dict", "image_number": {"type": "int", "data": 7}, "Hcamera2end": {"type": "ndarray", "data": [[0.9999957780911559, 0.002844852028080866, -0.0005921290417370986, -0.016087502962890556], [0.0005868462207507198, 0.0018574516787064344, 0.9999981027405875, 0.02772722960656726], [0.0028459464817411637, -0.9999942283284438, 0.0018557743460534404, 0.03409073815340679], [0.0, 0.0, 0.0, 1.0]]}, "Hobj2base": {"type": "ndarray", "data": [[0.9999966307692756, 0.001894259741271517, -0.0017748887654527466, -0.7359865788804792], [0.0018946969570120703, -0.9999981751246532, 0.00024468511250266817, 0.0908449499398614], [-0.0017744220293440932, -0.0002480471644450075, -0.9999983949482447, 0.006446687107962289], [0.0, 0.0, 0.0, 1.0]]}, "mean_rme": {"type": "float", "data": 0.0016088468648944596}, "max_rme": {"type": "float", "data": 0.0033166310142406785}, "simu": {"type": "float", "data": 0.002}}, {"type": "dict", "image_number": {"type": "int", "data": 8}, "Hcamera2end": {"type": "ndarray", "data": [[0.9999954279410951, 0.002976512239091386, -0.0005333589754958864, -0.01582268405198302], [0.0005275597510796266, 0.0019487739298380546, 0.999997961978363, 0.028081918021065674], [0.0029775455689617317, -0.9999936713075044, 0.001947194731872881, 0.03331491325532329], [0.0, 0.0, 0.0, 1.0]]}, "Hobj2base": {"type": "ndarray", "data": [[0.9999961921861229, 0.00198336917033853, -0.0019188173412262694, -0.735609006316474], [0.001983771430632525, -0.9999980107415407, 0.0002077591686019692, 0.09156773711944498], [-0.0019184014610727814, -0.00021156487251585082, -0.9999981374863349, 0.00623088548454067], [0.0, 0.0, 0.0, 1.0]]}, "mean_rme": {"type": "float", "data": 0.0016889230365984573}, "max_rme": {"type": "float", "data": 0.004864076901120534}, "simu": {"type": "float", "data": 0.002}}, {"type": "dict", "image_number": {"type": "int", "data": 9}, "Hcamera2end": {"type": "ndarray", "data": [[0.9999956750701369, 0.0029105952180438063, -0.00042222801663276393, -0.015839333955993476], [0.00041654534165490396, 0.001952739708514728, 0.9999980066468178, 0.028252539283139432], [0.0029114139176136928, -0.9999938576026891, 0.0019515188681729079, 0.033391196335760764], [0.0, 0.0, 0.0, 1.0]]}, "Hobj2base": {"type": "ndarray", "data": [[0.9999963254023105, 0.0019502609000691805, -0.001882993440768075, -0.7356314626635585], [0.00195049802029297, -0.9999980900766201, 0.00012409909248820738, 0.0916608542109465], [-0.0018827478187870646, -0.00012777141145241163, -0.9999982194659733, 0.006352833217164764], [0.0, 0.0, 0.0, 1.0]]}, "mean_rme": {"type": "float", "data": 0.0016353012017685743}, "max_rme": {"type": "float", "data": 0.004762936900296971}, "simu": {"type": "float", "data": 0.002}}, {"type": "dict", "image_number": {"type": "int", "data": 10}, "Hcamera2end": {"type": "ndarray", "data": [[0.9999944537424901, 0.003323369642139659, 0.000218399817946111, -0.014894140128649824], [-0.00022390324793579897, 0.0016556969537155908, 0.9999986042664926, 0.02970932387243469], [0.0033230033996880255, -0.9999931069171524, 0.0016564318840508463, 0.033368540805949636], [0.0, 0.0, 0.0, 1.0]]}, "Hobj2base": {"type": "ndarray", "data": [[0.9999950893507724, 0.002520718797231025, -0.0018620556076498532, -0.7354395165212149], [0.0025215640010316856, -0.9999967188352634, 0.00045170089148720554, 0.0912013901954671], [-0.0018609108870107586, -0.00045639396573074074, -0.9999981643559244, 0.004377620544686744], [0.0, 0.0, 0.0, 1.0]]}, "mean_rme": {"type": "float", "data": 0.001726543608599725}, "max_rme": {"type": "float", "data": 0.005821402695058958}, "simu": {"type": "float", "data": 0.002}}, {"type": "dict", "image_number": {"type": "int", "data": 11}, "Hcamera2end": {"type": "ndarray", "data": [[0.9999955089725935, 0.0029958132083264862, -8.448588337755646e-05, -0.014750573966822812], [7.962097679487879e-05, 0.001623983922948602, 0.9999986781674853, 0.029518742721118464], [0.002995946452079501, -0.9999941938728637, 0.0016237381000183682, 0.03284229145889852], [0.0, 0.0, 0.0, 1.0]]}, "Hobj2base": {"type": "ndarray", "data": [[0.9999957913677754, 0.002177478933461424, -0.0019172460016629326, -0.7349995313695369], [0.002177804736400894, -0.9999976144916811, 0.00016786148157729887, 0.0910558422178442], [-0.0019168759132167726, -0.00017203616253332543, -0.999998147993431, 0.004656523424607867], [0.0, 0.0, 0.0, 1.0]]}, "mean_rme": {"type": "float", "data": 0.0017594405021451151}, "max_rme": {"type": "float", "data": 0.005647555133157817}, "simu": {"type": "float", "data": 0.002}}, {"type": "dict", "image_number": {"type": "int", "data": 12}, "Hcamera2end": {"type": "ndarray", "data": [[0.9999953241604612, 0.003035712875837983, -0.0003689235010503691, -0.014646527654216167], [0.00036352694866637167, 0.0017780484694068788, 0.9999983531945431, 0.029475312027998097], [0.0030363638404758246, -0.9999938114763391, 0.0017769365920987656, 0.03309335043225173], [0.0, 0.0, 0.0, 1.0]]}, "Hobj2base": {"type": "ndarray", "data": [[0.999995641209262, 0.002197743395980229, -0.0019716709772186927, -0.7353070632525255], [0.0021974230290057054, -0.9999975721104637, -0.00016463659871554702, 0.09086514519316768], [-0.0019720280192169217, 0.00016030328588810286, -0.9999980427022586, 0.004610369367024488], [0.0, 0.0, 0.0, 1.0]]}, "mean_rme": {"type": "float", "data": 0.0017105117689767014}, "max_rme": {"type": "float", "data": 0.005654998609049111}, "simu": {"type": "float", "data": 0.002}}, {"type": "dict", "image_number": {"type": "int", "data": 13}, "Hcamera2end": {"type": "ndarray", "data": [[0.9999952377601614, 0.002957812707780807, -0.0008807956538589166, -0.014567610852122773], [0.0008753979919618167, 0.0018256819822898285, 0.999997950279727, 0.029674578018295858], [0.002959414697847465, -0.9999939590963965, 0.0018230840246493685, 0.03337785060785298], [0.0, 0.0, 0.0, 1.0]]}, "Hobj2base": {"type": "ndarray", "data": [[0.9999955607393685, 0.0020713031100786047, -0.0021420095663201443, -0.7356598982184711], [0.002070002084760388, -0.9999976718440997, -0.0006094241132004599, 0.09091272581511278], [-0.0021432668814489624, 0.0006049874435401268, -0.9999975201955593, 0.00473611301308118], [0.0, 0.0, 0.0, 1.0]]}, "mean_rme": {"type": "float", "data": 0.001765531373687101}, "max_rme": {"type": "float", "data": 0.00571534977069163}, "simu": {"type": "float", "data": 0.002}}, {"type": "dict", "image_number": {"type": "int", "data": 14}, "Hcamera2end": {"type": "ndarray", "data": [[0.9999959033144735, 0.0027592876115701773, -0.0007613712280126765, -0.014760453167968665], [0.000756378864068259, 0.0018098866413288617, 0.9999980760988292, 0.02969931510125954], [0.0027606602985881827, -0.9999945553062888, 0.001807792159963184, 0.03341159268082531], [0.0, 0.0, 0.0, 1.0]]}, "Hobj2base": {"type": "ndarray", "data": [[0.9999959835231798, 0.0018994784832205571, -0.0021035491437327238, -0.7355405755713428], [0.0018984446165695335, -0.9999980762429541, -0.0004933745321790107, 0.09090936258105302], [-0.00210448225132328, 0.0004893790790040297, -0.9999976658285614, 0.00484466050317769], [0.0, 0.0, 0.0, 1.0]]}, "mean_rme": {"type": "float", "data": 0.0017197341906951525}, "max_rme": {"type": "float", "data": 0.005819932510877507}, "simu": {"type": "float", "data": 0.002}}, {"type": "dict", "image_number": {"type": "int", "data": 15}, "Hcamera2end": {"type": "ndarray", "data": [[0.999997211210085, 0.002267763777339874, -0.0006594084491221092, -0.01457755342083079], [0.0006555582210371182, 0.0016981327116263323, 0.999998343292984, 0.029737083957126383], [0.0022688797833774906, -0.999995986788319, 0.001696641324703374, 0.03377637208080041], [0.0, 0.0, 0.0, 1.0]]}, "Hobj2base": {"type": "ndarray", "data": [[0.9999972333441084, 0.0015763078428502276, -0.0017460119453717267, -0.7355561202028795], [0.0015754797191611946, -0.9999986458483046, -0.0004755683038385392, 0.0912789455095391], [-0.0017467592230538424, 0.00047281618169534316, -0.9999983626371971, 0.004532938092919355], [0.0, 0.0, 0.0, 1.0]]}, "mean_rme": {"type": "float", "data": 0.0017244035303422911}, "max_rme": {"type": "float", "data": 0.005893506444061364}, "simu": {"type": "float", "data": 0.002}}, {"type": "dict", "image_number": {"type": "int", "data": 16}, "Hcamera2end": {"type": "ndarray", "data": [[0.9999973688164423, 0.0022231063375050476, -0.0005658254186663061, -0.014536981844536128], [0.0005621377235835858, 0.0016590776514445738, 0.9999984657300861, 0.02996217913879308], [0.0022240416749666073, -0.9999961526223781, 0.001657823594170993, 0.03378112014082696], [0.0, 0.0, 0.0, 1.0]]}, "Hobj2base": {"type": "ndarray", "data": [[0.9999973200669724, 0.0015845470355260358, -0.0016879187081757924, -0.7355265715219526], [0.0015836927406092073, -0.9999986172609336, -0.0005073396533100396, 0.09113879055754075], [-0.0016887202777683113, 0.0005046651490688699, -0.9999984467672489, 0.004288187662376906], [0.0, 0.0, 0.0, 1.0]]}, "mean_rme": {"type": "float", "data": 0.0016673315078330332}, "max_rme": {"type": "float", "data": 0.005657458040683266}, "simu": {"type": "float", "data": 0.002}}, {"type": "dict", "image_number": {"type": "int", "data": 17}, "Hcamera2end": {"type": "ndarray", "data": [[0.9999971124510386, 0.0023233632065292205, -0.0006140626965663405, -0.014447039732410755], [0.0006101826867409235, 0.0016703375543704047, 0.9999984188235217, 0.03012064789627557], [0.0023243852248647804, -0.9999959059695521, 0.0016689150551852938, 0.03344678410631228], [0.0, 0.0, 0.0, 1.0]]}, "Hobj2base": {"type": "ndarray", "data": [[0.9999971307134919, 0.0016775326568687738, -0.001710102034520192, -0.7353406271537001], [0.0016766012645218276, -0.9999984454833517, -0.0005459295556902452, 0.09127776346884976], [-0.0017110151907961295, 0.0005430608300283988, -0.9999983887546777, 0.0040067052529969656], [0.0, 0.0, 0.0, 1.0]]}, "mean_rme": {"type": "float", "data": 0.0016801075213093925}, "max_rme": {"type": "float", "data": 0.005741901585845061}, "simu": {"type": "float", "data": 0.002}}, {"type": "dict", "image_number": {"type": "int", "data": 18}, "Hcamera2end": {"type": "ndarray", "data": [[0.9999972636426745, 0.002281663702922703, -0.0005164473932882789, -0.014445111171487425], [0.0005126468850659063, 0.001665945104844635, 0.9999984809088854, 0.030163263702130082], [0.002282520609874404, -0.9999960093108643, 0.0016647708584335286, 0.03346905490966196], [0.0, 0.0, 0.0, 1.0]]}, "Hobj2base": {"type": "ndarray", "data": [[0.9999972373153169, 0.001645805830986356, -0.0016782982155945484, -0.7353244991198866], [0.001644896771310974, -0.9999984997902289, -0.0005428921654343062, 0.09133354555334644], [-0.001679189192886635, 0.0005401300382783077, -0.999998444290388, 0.004027163346780253], [0.0, 0.0, 0.0, 1.0]]}, "mean_rme": {"type": "float", "data": 0.001629310854359996}, "max_rme": {"type": "float", "data": 0.005741055630582054}, "simu": {"type": "float", "data": 0.002}}, {"type": "dict", "image_number": {"type": "int", "data": 19}, "Hcamera2end": {"type": "ndarray", "data": [[0.9999976396942981, 0.0020691670688768185, -0.0006626865577419791, -0.014010838885833515], [0.0006593986288825867, 0.0015892888981283715, 0.9999985196760274, 0.030086614976963685], [0.0020702172062283617, -0.9999965963484271, 0.0015879207409926765, 0.033279168501206345], [0.0, 0.0, 0.0, 1.0]]}, "Hobj2base": {"type": "ndarray", "data": [[0.9999976890150528, 0.0014861447409884924, -0.0015534923116789128, -0.7349521674510392], [0.0014850637518981189, -0.9999986545500914, -0.0006967665748366745, 0.09161250339584938], [-0.001554525717513714, 0.0006944579294986817, -0.9999985505879385, 0.003901116535797789], [0.0, 0.0, 0.0, 1.0]]}, "mean_rme": {"type": "float", "data": 0.001635565543442682}, "max_rme": {"type": "float", "data": 0.005633722696952309}, "simu": {"type": "float", "data": 0.002}}, {"type": "dict", "image_number": {"type": "int", "data": 20}, "Hcamera2end": {"type": "ndarray", "data": [[0.9999973453776724, 0.0021511843647913586, -0.0008256170037830059, -0.01388309272864415], [0.0008219878246405174, 0.0016873992539461202, 0.9999982385083359, 0.030126910038332372], [0.0021525737210142605, -0.9999962625378094, 0.0016856265271819604, 0.03336270110736588], [0.0, 0.0, 0.0, 1.0]]}, "Hobj2base": {"type": "ndarray", "data": [[0.9999976615252795, 0.001500337493480515, -0.0015575401690996703, -0.7350839775784551], [0.0014989799646490181, -0.999998495998945, -0.0008723869059910933, 0.09162578529143028], [-0.0015588467013414925, 0.0008700501444287507, -0.9999984065035845, 0.004001425044214241], [0.0, 0.0, 0.0, 1.0]]}, "mean_rme": {"type": "float", "data": 0.0016174177306603381}, "max_rme": {"type": "float", "data": 0.00561124862298204}, "simu": {"type": "float", "data": 0.002}}, {"type": "dict", "image_number": {"type": "int", "data": 21}, "Hcamera2end": {"type": "ndarray", "data": [[0.9999971918217486, 0.0022264323899922928, -0.0008120021118800221, -0.013893016624915178], [0.000808225935834231, 0.0016964413814694046, 0.9999982344271795, 0.030264080706650834], [0.0022278059730482117, -0.999996082535053, 0.0016946371571575636, 0.03300588015491897], [0.0, 0.0, 0.0, 1.0]]}, "Hobj2base": {"type": "ndarray", "data": [[0.9999974534050514, 0.0015725339715282369, -0.0016187403499293184, -0.734843162265309], [0.0015711426994970451, -0.9999983956174088, -0.0008603913216757366, 0.09170702145823517], [-0.001620090747432624, 0.0008578458585243703, -0.999998319701815, 0.0037020183318702904], [0.0, 0.0, 0.0, 1.0]]}, "mean_rme": {"type": "float", "data": 0.0016633931467214523}, "max_rme": {"type": "float", "data": 0.005704022115476631}, "simu": {"type": "float", "data": 0.002}}, {"type": "dict", "image_number": {"type": "int", "data": 22}, "Hcamera2end": {"type": "ndarray", "data": [[0.9999973230183912, 0.0021274950820744988, -0.0009097915844963087, -0.01407083153245699], [0.0009061121654973559, 0.0017297854489343178, 0.9999980933997044, 0.03030623594055137], [0.0021290647700361715, -0.9999962407964222, 0.0017278530691545724, 0.03302610850203719], [0.0, 0.0, 0.0, 1.0]]}, "Hobj2base": {"type": "ndarray", "data": [[0.9999975675567978, 0.0014492009486654198, -0.001662737831997804, -0.7350125913458008], [0.0014476912394263775, -0.9999985391257273, -0.0009088104788949248, 0.0915837518703677], [-0.0016640524519550546, 0.0009064011372722074, -0.9999982046815961, 0.003746114386914518], [0.0, 0.0, 0.0, 1.0]]}, "mean_rme": {"type": "float", "data": 0.0016433000132111276}, "max_rme": {"type": "float", "data": 0.0057960264333280775}, "simu": {"type": "float", "data": 0.002}}, {"type": "dict", "image_number": {"type": "int", "data": 23}, "Hcamera2end": {"type": "ndarray", "data": [[0.9999968726952984, 0.002298480411542291, -0.0009856913416834644, -0.0139409324788775], [0.0009816376960742068, 0.001764081532771744, 0.9999979621998136, 0.03022154810206244], [0.002300214567591357, -0.9999958024932625, 0.0017618197409355885, 0.033181834493329454], [0.0, 0.0, 0.0, 1.0]]}, "Hobj2base": {"type": "ndarray", "data": [[0.9999970221069688, 0.001567792644344059, -0.001870241540237741, -0.7351131037226936], [0.0015660209829072888, -0.9999983240765864, -0.0009483787741748324, 0.09166551515560335], [-0.0018717252671223582, 0.0009454471125091727, -0.9999978013847239, 0.0036023063050630226], [0.0, 0.0, 0.0, 1.0]]}, "mean_rme": {"type": "float", "data": 0.001656168764420869}, "max_rme": {"type": "float", "data": 0.005808403279735724}, "simu": {"type": "float", "data": 0.002}}, {"type": "dict", "image_number": {"type": "int", "data": 24}, "Hcamera2end": {"type": "ndarray", "data": [[0.9999968732318357, 0.002238914501736296, -0.0011139068209233944, -0.013845789955624254], [0.0011098582095223253, 0.0018087218419617912, 0.999997748367492, 0.030307625987071395], [0.002240924208120535, -0.9999958578849979, 0.0018062313088677007, 0.03317706893197027], [0.0, 0.0, 0.0, 1.0]]}, "Hobj2base": {"type": "ndarray", "data": [[0.9999971645882679, 0.0015059214037509321, -0.0018447265787686295, -0.7351521531285131], [0.0015039561132399236, -0.9999983005796969, -0.0010662803230826346, 0.09173161874736359], [-0.0018463291781637566, 0.0010635029119235016, -0.9999977300124845, 0.003626794371802834], [0.0, 0.0, 0.0, 1.0]]}, "mean_rme": {"type": "float", "data": 0.0016596389395376612}, "max_rme": {"type": "float", "data": 0.005835644779249444}, "simu": {"type": "float", "data": 0.002}}, {"type": "dict", "image_number": {"type": "int", "data": 25}, "Hcamera2end": {"type": "ndarray", "data": [[0.9999977358066781, 0.0018224695509353568, -0.001098629261064141, -0.01396742327925112], [0.0010953734564481058, 0.0017865167853655661, 0.9999978042549725, 0.030008469232522237], [0.0018244282688726875, -0.9999967434759532, 0.0017845164555748694, 0.03322122395249494], [0.0, 0.0, 0.0, 1.0]]}, "Hobj2base": {"type": "ndarray", "data": [[0.9999980176260572, 0.0012203771462021853, -0.0015733478880614056, -0.7350603070189264], [0.0012184687300569458, -0.9999985215523903, -0.0012133536115638938, 0.0918197508072561], [-0.0015748263109667965, 0.001211434131040207, -0.9999980261727699, 0.003948870346024816], [0.0, 0.0, 0.0, 1.0]]}, "mean_rme": {"type": "float", "data": 0.0016476079534491993}, "max_rme": {"type": "float", "data": 0.0059884350396904595}, "simu": {"type": "float", "data": 0.002}}, {"type": "dict", "image_number": {"type": "int", "data": 26}, "Hcamera2end": {"type": "ndarray", "data": [[0.9999976883910999, 0.0017791963957987291, -0.0012073411455875939, -0.013898909951240528], [0.001203856425649688, 0.0019583631779979127, 0.9999973577681939, 0.02991953811756672], [0.0017815561071922235, -0.9999964996307976, 0.0019562167540145836, 0.03318877978337788], [0.0, 0.0, 0.0, 1.0]]}, "Hobj2base": {"type": "ndarray", "data": [[0.9999978698067707, 0.0011099989406868427, -0.0017401966188914197, -0.7350885110410327], [0.0011078008657552487, -0.9999985880777602, -0.0012635741877878091, 0.09183847519298903], [-0.0017415967278790355, 0.0012616437048096375, -0.999997687545326, 0.003927445321962971], [0.0, 0.0, 0.0, 1.0]]}, "mean_rme": {"type": "float", "data": 0.0016411027999972182}, "max_rme": {"type": "float", "data": 0.005990620331367075}, "simu": {"type": "float", "data": 0.002}}, {"type": "dict", "image_number": {"type": "int", "data": 27}, "Hcamera2end": {"type": "ndarray", "data": [[0.9999978396624648, 0.001714545646636683, -0.0011751611076100338, -0.013675294883136041], [0.0011718865893625306, 0.0019096023052476152, 0.9999974900472788, 0.030026452766500508], [0.0017167854335683012, -0.9999967068707083, 0.0019075889268119761, 0.032936685545533965], [0.0, 0.0, 0.0, 1.0]]}, "Hobj2base": {"type": "ndarray", "data": [[0.9999980208690131, 0.0010615939584218462, -0.0016826396893710111, -0.7349161575093973], [0.0010595482659514679, -0.9999986991196379, -0.0012161893371335757, 0.09207625622292516], [-0.001683928599710681, 0.0012144040921704784, -0.9999978448012634, 0.003659329694152428], [0.0, 0.0, 0.0, 1.0]]}, "mean_rme": {"type": "float", "data": 0.001654355913175758}, "max_rme": {"type": "float", "data": 0.00598035877942546}, "simu": {"type": "float", "data": 0.002}}, {"type": "dict", "image_number": {"type": "int", "data": 28}, "Hcamera2end": {"type": "ndarray", "data": [[0.9999978810543794, 0.0016660406953399184, -0.001209212616890244, -0.013728011115223999], [0.0012059632439004114, 0.001949982424590102, 0.9999973716071446, 0.02996499767143756], [0.0016683942596809865, -0.9999967109330634, 0.0019479691088418738, 0.03292914227012928], [0.0, 0.0, 0.0, 1.0]]}, "Hobj2base": {"type": "ndarray", "data": [[0.9999980257323299, 0.0009941986205547148, -0.0017204942735971206, -0.7349622906929171], [0.0009920939676494314, -0.9999987591467159, -0.0012237052700583475, 0.09201678079024574], [-0.0017217087448076081, 0.0012219959621463839, -0.9999977712199497, 0.0036507217616266146], [0.0, 0.0, 0.0, 1.0]]}, "mean_rme": {"type": "float", "data": 0.0016549821571338955}, "max_rme": {"type": "float", "data": 0.005986176376184732}, "simu": {"type": "float", "data": 0.002}}, {"type": "dict", "image_number": {"type": "int", "data": 29}, "Hcamera2end": {"type": "ndarray", "data": [[0.999998111255263, 0.0015992853022658495, -0.0011044330802784232, -0.013612023311552687], [0.0011014524259563409, 0.0018634243935353734, 0.9999976572232971, 0.029927223536676307], [0.0016013395830403205, -0.9999969849634804, 0.0018616593373264045, 0.03302975262875359], [0.0, 0.0, 0.0, 1.0]]}, "Hobj2base": {"type": "ndarray", "data": [[0.999998158670006, 0.0009464503911438664, -0.0016693975723685553, -0.7350916110177441], [0.0009446068307391497, -0.9999989436003296, -0.001104769731460066, 0.09216018928562786], [-0.001670441418561975, 0.0011031907728643441, -0.9999979962957852, 0.003725481328491433], [0.0, 0.0, 0.0, 1.0]]}, "mean_rme": {"type": "float", "data": 0.0016599467469404993}, "max_rme": {"type": "float", "data": 0.005953013060095186}, "simu": {"type": "float", "data": 0.002}}, {"type": "dict", "image_number": {"type": "int", "data": 30}, "Hcamera2end": {"type": "ndarray", "data": [[0.9999980863539211, 0.001593159942783514, -0.0011353985610563265, -0.01364110357273298], [0.0011323952052793111, 0.0018847938634818373, 0.9999975826136737, 0.029883967844360967], [0.0015952960837409377, -0.9999969546921074, 0.0018829861699729555, 0.033072866010176], [0.0, 0.0, 0.0, 1.0]]}, "Hobj2base": {"type": "ndarray", "data": [[0.9999981741911308, 0.000941395509347225, -0.0016629458499478529, -0.7351007126949505], [0.0009394889105115117, -0.9999989009575148, -0.001146928223368375, 0.09209426703896212], [-0.001664023735378736, 0.0011453638101118454, -0.9999979595812936, 0.0037606541657951593], [0.0, 0.0, 0.0, 1.0]]}, "mean_rme": {"type": "float", "data": 0.0016383385560836965}, "max_rme": {"type": "float", "data": 0.005931325941042925}, "simu": {"type": "float", "data": 0.002}}]}