{"type": "list", "data": [{"type": "dict", "image_number": {"type": "int", "data": 5}, "Hcamera2end": {"type": "ndarray", "data": [[0.9999853226508886, 0.0005462430319950881, -0.005390371169798625, -0.015149772894771013], [0.005390861974255964, -0.0009010560136064605, 0.9999850632410636, 0.029160201214563645], [0.0005413778465364781, -0.9999994448581506, -0.0009039875092826666, 0.027971038174304394], [0.0, 0.0, 0.0, 1.0]]}, "Hobj2base": {"type": "ndarray", "data": [[0.9999940853000359, 0.0016532458562727205, 0.0030159812803375384, -0.7304290887900265], [0.0016606187560793718, -0.99999563521458, -0.0024437465366292056, 0.08993285558379391], [0.0030119280023909564, 0.0024487404776837654, -0.9999924659515096, 0.0068945394510067206], [0.0, 0.0, 0.0, 1.0]]}, "mean_rme": {"type": "float", "data": 0.0015151092251948647}, "max_rme": {"type": "float", "data": 0.00445572621053314}, "simu": {"type": "float", "data": 0.002}}, {"type": "dict", "image_number": {"type": "int", "data": 6}, "Hcamera2end": {"type": "ndarray", "data": [[0.9999715174929124, 0.0011476907410395564, -0.00745969227817047, -0.012297368594689682], [0.007456149187776049, 0.003061059494124274, 0.9999675173494703, 0.028891091355136823], [0.0011704880228736378, -0.999994656346091, 0.0030524149540889223, 0.02763294032139575], [0.0, 0.0, 0.0, 1.0]]}, "Hobj2base": {"type": "ndarray", "data": [[0.9999991022620668, 0.00032066824064755345, -0.0013010176554623593, -0.7317077255120753], [0.0003155998595121094, -0.9999923683881353, -0.0038940418868176397, 0.09202844877438084], [-0.0013022564221614374, 0.0038936277899992377, -0.9999915718599051, 0.006903603058255918], [0.0, 0.0, 0.0, 1.0]]}, "mean_rme": {"type": "float", "data": 0.001534145270932278}, "max_rme": {"type": "float", "data": 0.004289369294153023}, "simu": {"type": "float", "data": 0.002}}, {"type": "dict", "image_number": {"type": "int", "data": 7}, "Hcamera2end": {"type": "ndarray", "data": [[0.9999732479796735, 0.001064392076417701, -0.007236739216665965, -0.012567160341242539], [0.007233249662767239, 0.003246551472465109, 0.9999685695074885, 0.02869638633506291], [0.0010878530684102264, -0.9999941634694895, 0.003238765607026295, 0.02977924428375986], [0.0, 0.0, 0.0, 1.0]]}, "Hobj2base": {"type": "ndarray", "data": [[0.9999985586571394, 0.00033751083269877437, -0.001663962163503388, -0.7340874010910408], [0.0003314402172028141, -0.999993293957995, -0.003647216256619665, 0.09244843975917452], [-0.0016651819798990282, 0.003646659495749664, -0.9999919644894637, 0.0065893195159127714], [0.0, 0.0, 0.0, 1.0]]}, "mean_rme": {"type": "float", "data": 0.0018767050527580575}, "max_rme": {"type": "float", "data": 0.004797464707774202}, "simu": {"type": "float", "data": 0.002}}, {"type": "dict", "image_number": {"type": "int", "data": 8}, "Hcamera2end": {"type": "ndarray", "data": [[0.9999753594235556, 0.0009541811914969044, -0.006954860457579186, -0.012743260270250651], [0.006951303121905695, 0.003682148800416618, 0.9999690601039213, 0.028642860751149194], [0.0009797605003209415, -0.9999927656330649, 0.003675425267452348, 0.029779040750333864], [0.0, 0.0, 0.0, 1.0]]}, "Hobj2base": {"type": "ndarray", "data": [[0.9999977480820504, -1.8414161810432238e-05, -0.002122143196541813, -0.7341838152438245], [-2.6448003010056717e-05, -0.9999928336552089, -0.00378575471071707, 0.09240470288367733], [-0.002122058277032152, 0.0037858023119577344, -0.9999905822404151, 0.006857706879666553], [0.0, 0.0, 0.0, 1.0]]}, "mean_rme": {"type": "float", "data": 0.0017135664780251758}, "max_rme": {"type": "float", "data": 0.004813838259582814}, "simu": {"type": "float", "data": 0.002}}, {"type": "dict", "image_number": {"type": "int", "data": 9}, "Hcamera2end": {"type": "ndarray", "data": [[0.9999756609055125, 0.0009112855457385216, -0.006917163814578091, -0.011706995301672504], [0.006915206773681758, 0.0021334872079838973, 0.9999738137309448, 0.028389109696916468], [0.0009260193630839654, -0.9999973088918725, 0.00212713355285854, 0.029993901084944524], [0.0, 0.0, 0.0, 1.0]]}, "Hobj2base": {"type": "ndarray", "data": [[0.999999522761185, 0.0006877995870314565, -0.0006938365300648428, -0.7336462751136921], [0.0006852024315182173, -0.9999927845092833, -0.003736499297116112, 0.09322609540709664], [-0.0006964014863673013, 0.0037360220954361385, -0.9999927785558611, 0.0061458454387046295], [0.0, 0.0, 0.0, 1.0]]}, "mean_rme": {"type": "float", "data": 0.0017308803711625447}, "max_rme": {"type": "float", "data": 0.00486529897556176}, "simu": {"type": "float", "data": 0.002}}, {"type": "dict", "image_number": {"type": "int", "data": 10}, "Hcamera2end": {"type": "ndarray", "data": [[0.9999746941673159, 0.0010618355184317876, -0.0070344530928046906, -0.010263371569485081], [0.0070315554872180976, 0.0027083676165152726, 0.9999716105831625, 0.028515981647925855], [0.0010808572584970894, -0.9999957686161406, 0.002700832723651292, 0.029813803655420267], [0.0, 0.0, 0.0, 1.0]]}, "Hobj2base": {"type": "ndarray", "data": [[0.9999989871165915, 0.0006569271999086268, -0.001262621259502689, -0.7337550718401856], [0.0006521113774340058, -0.9999925263208738, -0.003810781172977607, 0.09457896647364265], [-0.0012651152288819661, 0.0038099539434118725, -0.9999919418347365, 0.005821539142625659], [0.0, 0.0, 0.0, 1.0]]}, "mean_rme": {"type": "float", "data": 0.0018135675464508764}, "max_rme": {"type": "float", "data": 0.004975736936925879}, "simu": {"type": "float", "data": 0.002}}, {"type": "dict", "image_number": {"type": "int", "data": 11}, "Hcamera2end": {"type": "ndarray", "data": [[0.9999755808001091, 0.0010417082074601512, -0.006910329043900864, -0.010228872091728607], [0.006907529620400091, 0.002667401512128853, 0.9999725851260707, 0.028378303609325715], [0.0010601122713019815, -0.9999958998981865, 0.0026601407460192794, 0.02987205368502355], [0.0, 0.0, 0.0, 1.0]]}, "Hobj2base": {"type": "ndarray", "data": [[0.9999991584445513, 0.000764958501794552, -0.0010478304631619717, -0.7336564909542251], [0.0007610238114433766, -0.999992677836784, -0.003750348727263069, 0.09461084520433416], [-0.0010506916519199122, 0.0037495481472038412, -0.999992418439132, 0.005696264106374244], [0.0, 0.0, 0.0, 1.0]]}, "mean_rme": {"type": "float", "data": 0.0017930675456339213}, "max_rme": {"type": "float", "data": 0.004808127516250593}, "simu": {"type": "float", "data": 0.002}}, {"type": "dict", "image_number": {"type": "int", "data": 12}, "Hcamera2end": {"type": "ndarray", "data": [[0.9999832045656726, 0.0009093106710955372, -0.005723961973292342, -0.01102956734396699], [0.005721311185068745, 0.002891496081117384, 0.9999794527132727, 0.0283539416177532], [0.0009258428008426934, -0.9999954061917066, 0.0028862450678716067, 0.030896367194460893], [0.0, 0.0, 0.0, 1.0]]}, "Hobj2base": {"type": "ndarray", "data": [[0.9999985526273327, 0.00028325602307848526, -0.0016776499232495324, -0.7346069019042075], [0.0002785911752134809, -0.9999960965241494, -0.0027801660779007537, 0.0940368111547724], [-0.0016784308733702954, 0.0027796946755006473, -0.9999947280697603, 0.006108259648054069], [0.0, 0.0, 0.0, 1.0]]}, "mean_rme": {"type": "float", "data": 0.0017651580275111786}, "max_rme": {"type": "float", "data": 0.004666812189730918}, "simu": {"type": "float", "data": 0.002}}, {"type": "dict", "image_number": {"type": "int", "data": 13}, "Hcamera2end": {"type": "ndarray", "data": [[0.9999837772150412, 0.0008906890387270277, -0.005626009222805506, -0.011164224701168332], [0.005623420104308938, 0.0028831679977493474, 0.999980032044954, 0.028454430764607005], [0.0009068919832345779, -0.9999954469973017, 0.0028781125060878265, 0.030728981815571908], [0.0, 0.0, 0.0, 1.0]]}, "Hobj2base": {"type": "ndarray", "data": [[0.9999985271434999, 0.0002097033920718634, -0.0017034480673416082, -0.734415128629085], [0.00020510890070812147, -0.9999963423278857, -0.0026968984388467203, 0.0940649803855972], [-0.0017040073854378132, 0.0026965450743418186, -0.999994912488805, 0.006047715617633697], [0.0, 0.0, 0.0, 1.0]]}, "mean_rme": {"type": "float", "data": 0.0016707353278599083}, "max_rme": {"type": "float", "data": 0.004583015983300132}, "simu": {"type": "float", "data": 0.002}}, {"type": "dict", "image_number": {"type": "int", "data": 14}, "Hcamera2end": {"type": "ndarray", "data": [[0.9999860484761665, 0.000501995181451755, -0.0052584079206372016, -0.010593970673963598], [0.005256949682125211, 0.002863304662890198, 0.9999820828227111, 0.03145865727865424], [0.00051704261103363, -0.9999957747346964, 0.0028606257520173983, 0.030859239542315686], [0.0, 0.0, 0.0, 1.0]]}, "Hobj2base": {"type": "ndarray", "data": [[0.9999989139223041, -0.00012262443237847384, -0.0014687128585065502, -0.7344477360123681], [-0.0001262751303025498, -0.9999969023976487, -0.002485809666646392, 0.09291962856309369], [-0.001468403488018773, 0.002485992428771542, -0.9999958318077333, 0.003054957528923164], [0.0, 0.0, 0.0, 1.0]]}, "mean_rme": {"type": "float", "data": 0.0016414451779878658}, "max_rme": {"type": "float", "data": 0.004530790713378724}, "simu": {"type": "float", "data": 0.002}}, {"type": "dict", "image_number": {"type": "int", "data": 15}, "Hcamera2end": {"type": "ndarray", "data": [[0.9999865882351906, 0.0004942106526130809, -0.0051554927576420925, -0.010588732213187901], [0.005153981690513499, 0.003011545045269126, 0.9999821833758709, 0.031437875392154535], [0.0005097278461178396, -0.9999953431652924, 0.003008957502480425, 0.030995574620755636], [0.0, 0.0, 0.0, 1.0]]}, "Hobj2base": {"type": "ndarray", "data": [[0.9999987378308232, -0.00015658394984548136, -0.0015810813474851325, -0.7346332762871773], [-0.00016028721578826964, -0.9999972437753781, -0.0023423811935001293, 0.09301072033796105], [-0.001580710210370471, 0.0023426316641459097, -0.9999960067080853, 0.003031919617266558], [0.0, 0.0, 0.0, 1.0]]}, "mean_rme": {"type": "float", "data": 0.0015675412395471492}, "max_rme": {"type": "float", "data": 0.0045933909483990565}, "simu": {"type": "float", "data": 0.002}}, {"type": "dict", "image_number": {"type": "int", "data": 16}, "Hcamera2end": {"type": "ndarray", "data": [[0.999986479035433, 0.0003340080309345004, -0.005189430118292333, -0.010586810724414308], [0.005188419177204074, 0.002959559584398197, 0.9999821604976302, 0.03161864702219348], [0.00034936050004159835, -0.999995564713015, 0.002957786594624867, 0.03087475819067108], [0.0, 0.0, 0.0, 1.0]]}, "Hobj2base": {"type": "ndarray", "data": [[0.9999986694270524, -0.0002688133664003103, -0.0016090007765264499, -0.7346554907872643], [-0.0002726531227554244, -0.9999971147064468, -0.0023866795042872973, 0.09318246473287763], [-0.0016083545627348162, 0.0023871150277223504, -0.9999958574301422, 0.0029973308528047915], [0.0, 0.0, 0.0, 1.0]]}, "mean_rme": {"type": "float", "data": 0.0016200286681017746}, "max_rme": {"type": "float", "data": 0.004661315920407388}, "simu": {"type": "float", "data": 0.002}}, {"type": "dict", "image_number": {"type": "int", "data": 17}, "Hcamera2end": {"type": "ndarray", "data": [[0.9999862896702981, 0.00034106576538182323, -0.0052253368861964675, -0.01052491117778403], [0.00522431390194209, 0.002934347903948864, 0.9999820479121777, 0.03155441772015123], [0.00035639259887868804, -0.9999956366287417, 0.002932525838452049, 0.03101017340612903], [0.0, 0.0, 0.0, 1.0]]}, "Hobj2base": {"type": "ndarray", "data": [[0.9999986504566214, -0.00026493209114687174, -0.0016213870368042122, -0.7346778605102282], [-0.00026886946704367064, -0.9999970146462827, -0.0024286637751555146, 0.09323626772101355], [-0.0016207387654177496, 0.002429096439036855, -0.999995736339083, 0.0028747260570344923], [0.0, 0.0, 0.0, 1.0]]}, "mean_rme": {"type": "float", "data": 0.001605591363940698}, "max_rme": {"type": "float", "data": 0.00471002565420614}, "simu": {"type": "float", "data": 0.002}}, {"type": "dict", "image_number": {"type": "int", "data": 18}, "Hcamera2end": {"type": "ndarray", "data": [[0.9999873660694384, 0.00042751168248976023, -0.005008486325063167, -0.01063926835121411], [0.005007354743360488, 0.002608158327430221, 0.9999840618272938, 0.031627555906745736], [0.0004405677940512642, -0.9999965073658509, 0.0026059846734879377, 0.03155450798078695], [0.0, 0.0, 0.0, 1.0]]}, "Hobj2base": {"type": "ndarray", "data": [[0.9999990873460914, -7.070380854575169e-05, -0.0013491878874729785, -0.735093735152811], [-7.378576162093098e-05, -0.9999973880571238, -0.0022843893257871667, 0.0932673664715436], [-0.0013490228484457527, 0.0022844867917861666, -0.9999964806225334, 0.0028307994782761545], [0.0, 0.0, 0.0, 1.0]]}, "mean_rme": {"type": "float", "data": 0.0015858654727054567}, "max_rme": {"type": "float", "data": 0.004690495859053068}, "simu": {"type": "float", "data": 0.002}}, {"type": "dict", "image_number": {"type": "int", "data": 19}, "Hcamera2end": {"type": "ndarray", "data": [[0.9999878981570038, 0.0006500607930844033, -0.0048765726184571935, -0.010614669521671876], [0.004874832417880519, 0.002652212817028321, 0.9999846007694673, 0.03211963805616969], [0.0006629844910502319, -0.9999962715871187, 0.002649011782937527, 0.03161201302008388], [0.0, 0.0, 0.0, 1.0]]}, "Hobj2base": {"type": "ndarray", "data": [[0.9999987206689637, 0.000100166023941308, -0.0015964420452019333, -0.7352388184786477], [9.634991736293428e-05, -0.999997138635405, -0.0023902798361942245, 0.09287454284137535], [-0.0015966769020264865, 0.0023901229611759146, -0.9999958689590174, 0.002488594452147929], [0.0, 0.0, 0.0, 1.0]]}, "mean_rme": {"type": "float", "data": 0.0015985386655386095}, "max_rme": {"type": "float", "data": 0.004269467791978898}, "simu": {"type": "float", "data": 0.002}}, {"type": "dict", "image_number": {"type": "int", "data": 20}, "Hcamera2end": {"type": "ndarray", "data": [[0.9999898412262859, 0.0005060533389365015, -0.004478990315436344, -0.011153885470834197], [0.004477692950767389, 0.002536380236687563, 0.9999867584328974, 0.03227844639127562], [0.0005174070605136454, -0.9999966553370634, 0.00253408851870629, 0.0315421312158484], [0.0, 0.0, 0.0, 1.0]]}, "Hobj2base": {"type": "ndarray", "data": [[0.9999987248347739, -6.413048483367676e-05, -0.0015956867195466092, -0.734926252948455], [-6.72921274384539e-05, -0.9999980347744326, -0.0019813932072850976, 0.09268489376027947], [-0.0015955565159552413, 0.001981498057835464, -0.9999967639271894, 0.002568237894910716], [0.0, 0.0, 0.0, 1.0]]}, "mean_rme": {"type": "float", "data": 0.0015886185397736077}, "max_rme": {"type": "float", "data": 0.004281491729572928}, "simu": {"type": "float", "data": 0.002}}, {"type": "dict", "image_number": {"type": "int", "data": 21}, "Hcamera2end": {"type": "ndarray", "data": [[0.9999910748151175, 0.00042511468811951003, -0.004203518479562142, -0.011384762233093489], [0.00420244136370372, 0.002503632111725107, 0.9999880355848433, 0.032372232143648205], [0.0004356336657185536, -0.9999967755466771, 0.002501823246795931, 0.03128679620925389], [0.0, 0.0, 0.0, 1.0]]}, "Hobj2base": {"type": "ndarray", "data": [[0.9999986053434446, -0.00019907606407546685, -0.0016582158744478574, -0.7346431394612262], [-0.00020192739286956416, -0.9999985012264649, -0.0017195261416857895, 0.09267154412880381], [-0.0016578710726614274, 0.0017198585827457263, -0.9999971467709103, 0.002412845326604563], [0.0, 0.0, 0.0, 1.0]]}, "mean_rme": {"type": "float", "data": 0.0015672521854461603}, "max_rme": {"type": "float", "data": 0.0041623001184686315}, "simu": {"type": "float", "data": 0.002}}, {"type": "dict", "image_number": {"type": "int", "data": 22}, "Hcamera2end": {"type": "ndarray", "data": [[0.9999905775499862, 0.0004364562021576901, -0.004319064392723938, -0.011354906679431355], [0.00431800398312914, 0.0024020071316098734, 0.9999877925271593, 0.032262278281415], [0.00044682529760366077, -0.9999970199294211, 0.002400099879198314, 0.0317167161079059], [0.0, 0.0, 0.0, 1.0]]}, "Hobj2base": {"type": "ndarray", "data": [[0.9999987775707593, -0.00014888637171267237, -0.0015564992243756472, -0.7349618887256956], [-0.00015181762613971313, -0.9999982150893487, -0.001883286893883166, 0.0926246259296425], [-0.001556216050411079, 0.0018835208957155313, -0.9999970152658653, 0.00216117828896694], [0.0, 0.0, 0.0, 1.0]]}, "mean_rme": {"type": "float", "data": 0.0016297001127645709}, "max_rme": {"type": "float", "data": 0.007507664002055436}, "simu": {"type": "float", "data": 0.002}}, {"type": "dict", "image_number": {"type": "int", "data": 23}, "Hcamera2end": {"type": "ndarray", "data": [[0.9999905944794196, 0.0005569101444425871, -0.004301256070946958, -0.011392417484580572], [0.004299874742691123, 0.002458227275202507, 0.999987734022703, 0.03232281863797473], [0.0005674767783866307, -0.999996823479832, 0.0024558095104312283, 0.03161896726821667], [0.0, 0.0, 0.0, 1.0]]}, "Hobj2base": {"type": "ndarray", "data": [[0.9999987587587142, -8.181869559778695e-05, -0.0015734632921961906, -0.7349666142720713], [-8.49109632390999e-05, -0.9999980651997147, -0.001965295640827562, 0.09261890561478152], [-0.0015732994499331673, 0.0019654268057052358, -0.9999968309081346, 0.0020725453236082954], [0.0, 0.0, 0.0, 1.0]]}, "mean_rme": {"type": "float", "data": 0.0015943480181370869}, "max_rme": {"type": "float", "data": 0.00747168243651275}, "simu": {"type": "float", "data": 0.002}}, {"type": "dict", "image_number": {"type": "int", "data": 24}, "Hcamera2end": {"type": "ndarray", "data": [[0.9999922486577657, 0.00023096948762441755, -0.003930556891969638, -0.011709311878886823], [0.003930005671936976, 0.0023404136280673615, 0.9999895387050145, 0.032329892914385504], [0.00024016620030033447, -0.9999972345547486, 0.0023394877753240007, 0.03203776873564918], [0.0, 0.0, 0.0, 1.0]]}, "Hobj2base": {"type": "ndarray", "data": [[0.9999988316836342, -0.0004092103886647656, -0.0014728130310601932, -0.7351474950131327], [-0.000411561607939588, -0.9999986409572204, -0.0015964650811052406, 0.09249528633612052], [-0.0014721577393479485, 0.0015970693692282166, -0.9999976410577278, 0.0023299458394143943], [0.0, 0.0, 0.0, 1.0]]}, "mean_rme": {"type": "float", "data": 0.0016350081469410046}, "max_rme": {"type": "float", "data": 0.007516592965414015}, "simu": {"type": "float", "data": 0.002}}, {"type": "dict", "image_number": {"type": "int", "data": 25}, "Hcamera2end": {"type": "ndarray", "data": [[0.9999922646533478, 0.00020138788890795064, -0.003928113591417571, -0.011586241778457997], [0.003927624242207323, 0.0023752742396770943, 0.9999894658645649, 0.03225716416548422], [0.00021071611448487244, -0.9999971587535657, 0.0023744648901529164, 0.03205562718029654], [0.0, 0.0, 0.0, 1.0]]}, "Hobj2base": {"type": "ndarray", "data": [[0.9999988625879553, -0.000433249230322931, -0.001444686090456669, -0.7350297934223549], [-0.0004355005805321095, -0.9999986908383993, -0.001558416097241555, 0.09257887354573092], [-0.0014440090165544611, 0.001559043486311396, -0.9999977421081352, 0.0022924699986802423], [0.0, 0.0, 0.0, 1.0]]}, "mean_rme": {"type": "float", "data": 0.0016621591919017693}, "max_rme": {"type": "float", "data": 0.0074322258227684235}, "simu": {"type": "float", "data": 0.002}}, {"type": "dict", "image_number": {"type": "int", "data": 26}, "Hcamera2end": {"type": "ndarray", "data": [[0.9999923177820362, 0.0003127096389676557, -0.003907248340303924, -0.01167515467103699], [0.003906517128281313, 0.0023057246848758872, 0.9999897113258738, 0.03229173900579327], [0.0003217154605482638, -0.9999972929195156, 0.002304485366235509, 0.032118285502503036], [0.0, 0.0, 0.0, 1.0]]}, "Hobj2base": {"type": "ndarray", "data": [[0.9999989427999919, -0.0003231589624194952, -0.0014177331143629312, -0.7351095368946393], [-0.00032544281173080416, -0.9999986494120061, -0.0016109814214270066, 0.09252831825866165], [-0.0014172105965049827, 0.0016114411093484569, -0.9999976973831872, 0.0022601148912495773], [0.0, 0.0, 0.0, 1.0]]}, "mean_rme": {"type": "float", "data": 0.0016300846155112415}, "max_rme": {"type": "float", "data": 0.007382466735686044}, "simu": {"type": "float", "data": 0.002}}, {"type": "dict", "image_number": {"type": "int", "data": 27}, "Hcamera2end": {"type": "ndarray", "data": [[0.9999921954337859, 0.0003909499732907644, -0.003931441165178841, -0.01157047994777329], [0.003930508777796087, 0.00235776287233469, 0.9999894959723254, 0.03231791717758888], [0.0004002152727554519, -0.9999971440520998, 0.002356207838716484, 0.03219319985333813], [0.0, 0.0, 0.0, 1.0]]}, "Hobj2base": {"type": "ndarray", "data": [[0.9999988930592608, -0.00029191620592761917, -0.0014589945790875638, -0.7350752930253265], [-0.0002942427174391127, -0.9999986852730476, -0.001594638955959115, 0.0926646216129724], [-0.001458527159954219, 0.0015950664893179698, -0.9999976642279815, 0.0022487569438682077], [0.0, 0.0, 0.0, 1.0]]}, "mean_rme": {"type": "float", "data": 0.001659906830894884}, "max_rme": {"type": "float", "data": 0.0073677848759794995}, "simu": {"type": "float", "data": 0.002}}, {"type": "dict", "image_number": {"type": "int", "data": 28}, "Hcamera2end": {"type": "ndarray", "data": [[0.9999924290745145, 0.00028486115497546667, -0.003880805042082147, -0.01159613764586924], [0.003880116308796885, 0.0023797791087299958, 0.9999896406207536, 0.032018304419983365], [0.00029409366275493106, -0.999997127748633, 0.0023786557971865463, 0.03221046212840269], [0.0, 0.0, 0.0, 1.0]]}, "Hobj2base": {"type": "ndarray", "data": [[0.9999989601711717, -0.0003639092171749798, -0.001395430634906664, -0.7350195005620688], [-0.00036619024344817255, -0.999998596775804, -0.0016347327392538826, 0.09281819805934746], [-0.001394833782493201, 0.0016352420324955653, -0.9999976902084398, 0.0024788428376232457], [0.0, 0.0, 0.0, 1.0]]}, "mean_rme": {"type": "float", "data": 0.0016456540083559477}, "max_rme": {"type": "float", "data": 0.007323557619254795}, "simu": {"type": "float", "data": 0.002}}, {"type": "dict", "image_number": {"type": "int", "data": 29}, "Hcamera2end": {"type": "ndarray", "data": [[0.9999930110163688, 0.00026751706669368605, -0.003729122287558567, -0.01156537764529475], [0.003728505428034809, 0.0022704547794279994, 0.9999904715957885, 0.032112164091882285], [0.00027598132120379947, -0.9999973867314421, 0.002269441472421474, 0.0321615506358691], [0.0, 0.0, 0.0, 1.0]]}, "Hobj2base": {"type": "ndarray", "data": [[0.9999989465997935, -0.0003885295885875594, -0.0013985149488839675, -0.735009335994379], [-0.0003905671298046052, -0.9999988623706912, -0.001456953890856715, 0.09298161240676502], [-0.0013979472881965674, 0.0014574985700707597, -0.9999979607185694, 0.0024509401033484916], [0.0, 0.0, 0.0, 1.0]]}, "mean_rme": {"type": "float", "data": 0.0016632709062979457}, "max_rme": {"type": "float", "data": 0.00742354873718204}, "simu": {"type": "float", "data": 0.002}}, {"type": "dict", "image_number": {"type": "int", "data": 30}, "Hcamera2end": {"type": "ndarray", "data": [[0.999993060379448, 0.00022595629997572506, -0.003718620267808664, -0.011685319193713009], [0.003718088939463158, 0.0023080657499985335, 0.9999904242777187, 0.032132731346448375], [0.00023453695635832785, -0.9999973108845064, 0.00230720960727826, 0.032250953602017345], [0.0, 0.0, 0.0, 1.0]]}, "Hobj2base": {"type": "ndarray", "data": [[0.9999989009976342, -0.0004327664464057278, -0.0014179974353492634, -0.7351587219432709], [-0.00043476705329019265, -0.9999989102204325, -0.0014108634082139024, 0.09293833830926049], [-0.0014173853157010952, 0.001411478356238219, -0.9999979993718571, 0.0023296212954466637], [0.0, 0.0, 0.0, 1.0]]}, "mean_rme": {"type": "float", "data": 0.0016954030458852032}, "max_rme": {"type": "float", "data": 0.007248631024249996}, "simu": {"type": "float", "data": 0.002}}]}