{"type": "list", "data": [{"type": "dict", "image_number": {"type": "int", "data": 5}, "Hcamera2end": {"type": "ndarray", "data": [[0.9999918133335067, 0.0015412248241317788, -0.0037413756836909423, -0.018659919223778], [0.0037393554619927897, 0.0013115925040488863, 0.9999921484420927, 0.0358523510541387], [0.001546119883417384, -0.9999979521734758, 0.0013058185790142396, 0.026635605087226087], [0.0, 0.0, 0.0, 1.0]]}, "Hobj2base": {"type": "ndarray", "data": [[0.99999845105379, 0.0012144778982005318, 0.0012739440550798675, -0.7302800204592396], [0.0012172025960147969, -0.9999969689788697, -0.002140198802464703, 0.08523796149516884], [0.001271340969585169, 0.0021417461354229, -0.999996898303005, -0.0008039331461224374], [0.0, 0.0, 0.0, 1.0]]}, "mean_rme": {"type": "float", "data": 0.0008528100547644136}, "max_rme": {"type": "float", "data": 0.0028104103178036577}, "simu": {"type": "float", "data": 0.002}}, {"type": "dict", "image_number": {"type": "int", "data": 6}, "Hcamera2end": {"type": "ndarray", "data": [[0.9999924508867455, 0.0017337578560285014, -0.0034773917260804373, -0.01568991802007571], [0.0034762977562798813, 0.000633596658259683, 0.9999937569351042, 0.035785288037161085], [0.0017359502958427969, -0.9999982963180344, 0.0006275648166219616, 0.028048630466347476], [0.0, 0.0, 0.0, 1.0]]}, "Hobj2base": {"type": "ndarray", "data": [[0.9999970090848868, 0.0013827096410500245, 0.002017408072116157, -0.7311563628691875], [0.0013866002564450774, -0.9999971793038787, -0.0019283993401646112, 0.0883947993595815], [0.002014735965261593, 0.001931190911036031, -0.9999961056627447, -0.0005683073478505903], [0.0, 0.0, 0.0, 1.0]]}, "mean_rme": {"type": "float", "data": 0.0010412370550609582}, "max_rme": {"type": "float", "data": 0.002695066162536175}, "simu": {"type": "float", "data": 0.002}}, {"type": "dict", "image_number": {"type": "int", "data": 7}, "Hcamera2end": {"type": "ndarray", "data": [[0.9999908965631675, 0.0014867311172261253, -0.003999552647168373, -0.015723548840843277], [0.003999215994975576, 0.0002293418137333525, 0.999991976804693, 0.03554068691301956], [0.0014876364535502263, -0.9999988685158185, 0.00022339396707049541, 0.028268120359458415], [0.0, 0.0, 0.0, 1.0]]}, "Hobj2base": {"type": "ndarray", "data": [[0.9999963418930274, 0.0012448279607667654, 0.002401375420760741, -0.7310858432361884], [0.001250918616177454, -0.9999960007098347, -0.0025364871282258596, 0.08824335931115397], [0.0023982083268642975, 0.0025394817747028705, -0.9999938997959621, -0.0010006444647677273], [0.0, 0.0, 0.0, 1.0]]}, "mean_rme": {"type": "float", "data": 0.0011192104865515157}, "max_rme": {"type": "float", "data": 0.0031416684517228677}, "simu": {"type": "float", "data": 0.002}}, {"type": "dict", "image_number": {"type": "int", "data": 8}, "Hcamera2end": {"type": "ndarray", "data": [[0.999992195186107, 0.0015202185748240153, -0.003646711169753866, -0.015429261695324856], [0.003646322396558297, 0.0002584282856014086, 0.9999933187515814, 0.035445433539964336], [0.0015211508311817497, -0.9999988110744463, 0.00025288306157966733, 0.029740639938510085], [0.0, 0.0, 0.0, 1.0]]}, "Hobj2base": {"type": "ndarray", "data": [[0.9999962783744509, 0.0012903031581390021, 0.002403820918399027, -0.7325913693685183], [0.0012955249030411544, -0.9999968020550203, -0.0021719795023491645, 0.08878416559414579], [0.0024010107191006942, 0.0021750856289169938, -0.9999947520612464, -0.0008716022281563263], [0.0, 0.0, 0.0, 1.0]]}, "mean_rme": {"type": "float", "data": 0.0012080537074572947}, "max_rme": {"type": "float", "data": 0.003325871704419392}, "simu": {"type": "float", "data": 0.002}}, {"type": "dict", "image_number": {"type": "int", "data": 9}, "Hcamera2end": {"type": "ndarray", "data": [[0.999993799953786, 0.0011841342462175718, -0.003316305184149646, -0.014701144355903934], [0.0033158267312832757, 0.00040578773561350534, 0.9999944202991343, 0.03540981085767619], [0.0011854733550739727, -0.9999992165808934, 0.00040185883572374514, 0.029434814564173413], [0.0, 0.0, 0.0, 1.0]]}, "Hobj2base": {"type": "ndarray", "data": [[0.9999970230659884, 0.0009765086278154654, 0.0022361328361472964, -0.7322832679002385], [0.0009806421181407636, -0.9999978113394379, -0.0018481497152315982, 0.0896794373396022], [0.002234323207869128, 0.0018503370594527358, -0.9999957920174309, -0.0006065446055891889], [0.0, 0.0, 0.0, 1.0]]}, "mean_rme": {"type": "float", "data": 0.0012599505381265148}, "max_rme": {"type": "float", "data": 0.003629312281438979}, "simu": {"type": "float", "data": 0.002}}, {"type": "dict", "image_number": {"type": "int", "data": 10}, "Hcamera2end": {"type": "ndarray", "data": [[0.9999954832172068, -0.0005792579780362383, -0.0029492381016227795, -0.0149584882356795], [0.002949382518423471, 0.0002486176490119618, 0.9999956196564184, 0.03702934440634648], [-0.0005785222080440706, -0.9999998013247098, 0.00025032497941412934, 0.029135626844890964], [0.0, 0.0, 0.0, 1.0]]}, "Hobj2base": {"type": "ndarray", "data": [[0.9999977396770844, -0.0008311850217848879, 0.001956980373388402, -0.7316437619450966], [-0.0008280751965766923, -0.9999983940990091, -0.0015893680728658638, 0.0904821258512743], [0.0019582982896079507, 0.001587743953473397, -0.9999968220634237, -0.002017811810825687], [0.0, 0.0, 0.0, 1.0]]}, "mean_rme": {"type": "float", "data": 0.0012543417644346646}, "max_rme": {"type": "float", "data": 0.004022683146111455}, "simu": {"type": "float", "data": 0.002}}, {"type": "dict", "image_number": {"type": "int", "data": 11}, "Hcamera2end": {"type": "ndarray", "data": [[0.9999959736584236, -0.0017190653760858691, -0.002257760211800633, -0.014656756580690624], [0.002258355482688357, 0.0003444135292740569, 0.999997390601513, 0.03673909489788288], [-0.0017182832871964764, -0.9999984630955959, 0.00034829440326467065, 0.0294353613469052], [0.0, 0.0, 0.0, 1.0]]}, "Hobj2base": {"type": "ndarray", "data": [[0.9999967868762007, -0.001918781077897547, 0.0016566582174666307, -0.7317121352053896], [-0.0019167915437465158, -0.9999974409273724, -0.0012016858507292972, 0.0909569983792743], [0.00165895975002989, 0.0011985065211017729, -0.99999790571514, -0.0013136589419381138], [0.0, 0.0, 0.0, 1.0]]}, "mean_rme": {"type": "float", "data": 0.001385424722044221}, "max_rme": {"type": "float", "data": 0.0040203407932184465}, "simu": {"type": "float", "data": 0.002}}, {"type": "dict", "image_number": {"type": "int", "data": 12}, "Hcamera2end": {"type": "ndarray", "data": [[0.999997959612596, -0.0015566694060599507, -0.0012874591275322058, -0.01460449199821386], [0.0012883502558054766, 0.000571591081560463, 0.9999990067181336, 0.03695776863786301], [-0.0015559319596932868, -0.9999986250310525, 0.0005735954507207763, 0.030397884215689952], [0.0, 0.0, 0.0, 1.0]]}, "Hobj2base": {"type": "ndarray", "data": [[0.9999979684428151, -0.0017718964145601185, 0.0009609856079445455, -0.7330078531067262], [-0.0017714666000594609, -0.9999983306304927, -0.000447931147930744, 0.09089556878937988], [0.0009617776912994626, 0.00044622788402539043, -0.9999994379320163, -0.0012970120375918835], [0.0, 0.0, 0.0, 1.0]]}, "mean_rme": {"type": "float", "data": 0.0014326769185381107}, "max_rme": {"type": "float", "data": 0.004237018644957652}, "simu": {"type": "float", "data": 0.002}}, {"type": "dict", "image_number": {"type": "int", "data": 13}, "Hcamera2end": {"type": "ndarray", "data": [[0.9999981264629082, -0.0015556303194938785, -0.0011519917458222308, -0.014680146710996041], [0.0011526164019956282, 0.0004007085791095655, 0.999999255453755, 0.036832429673618085], [-0.0015551675482795514, -0.9999987097226394, 0.00040250087338888907, 0.030283538147133585], [0.0, 0.0, 0.0, 1.0]]}, "Hobj2base": {"type": "ndarray", "data": [[0.9999980793346578, -0.0017555891133057518, 0.0008713402668745975, -0.732983188504455], [-0.0017553732314849414, -0.9999984284646659, -0.0002484612995000073, 0.0911207726229504], [0.0008717750934850597, 0.0002469312949090139, -0.999999589516477, -0.0012620180237183194], [0.0, 0.0, 0.0, 1.0]]}, "mean_rme": {"type": "float", "data": 0.0014641966166564818}, "max_rme": {"type": "float", "data": 0.0040678975098446535}, "simu": {"type": "float", "data": 0.002}}, {"type": "dict", "image_number": {"type": "int", "data": 14}, "Hcamera2end": {"type": "ndarray", "data": [[0.9999990106780389, -0.0011863609417645305, -0.0007557715656560583, -0.015196986720583061], [0.0007562098067561704, 0.0003689943732448908, 0.9999996459948776, 0.036770208230964024], [-0.0011860816463314945, -0.9999992281951363, 0.00036989114596919226, 0.030300140114330375], [0.0, 0.0, 0.0, 1.0]]}, "Hobj2base": {"type": "ndarray", "data": [[0.9999987744509543, -0.001428437898343109, 0.000640828963113749, -0.7328475545172798], [-0.0014284921852698103, -0.9999989761543127, 8.426388717823382e-05, 0.09082842468720664], [0.0006407079412738718, -8.517920307460984e-05, -0.9999997911188967, -0.0010744967977738154], [0.0, 0.0, 0.0, 1.0]]}, "mean_rme": {"type": "float", "data": 0.0014132258491580585}, "max_rme": {"type": "float", "data": 0.004097196049089424}, "simu": {"type": "float", "data": 0.002}}, {"type": "dict", "image_number": {"type": "int", "data": 15}, "Hcamera2end": {"type": "ndarray", "data": [[0.9999990830424336, -0.0010093521562686855, -0.0009028413574130486, -0.015315057147514329], [0.000903146667160597, 0.00030206603317017855, 0.9999995465410019, 0.03715428736404766], [-0.0010090789808614522, -0.9999994449820142, 0.0003029773492243537, 0.03020028603678877], [0.0, 0.0, 0.0, 1.0]]}, "Hobj2base": {"type": "ndarray", "data": [[0.9999989595617966, -0.0012615070482594225, 0.0006996251077864681, -0.7328729273054447], [-0.0012615928419758488, -0.9999991967249628, 0.0001222003658894693, 0.09080455299008763], [0.0006994703891722144, -0.00012308288077559013, -0.9999997477958573, -0.001568897322005791], [0.0, 0.0, 0.0, 1.0]]}, "mean_rme": {"type": "float", "data": 0.0014409055038629628}, "max_rme": {"type": "float", "data": 0.0039378465864511325}, "simu": {"type": "float", "data": 0.002}}, {"type": "dict", "image_number": {"type": "int", "data": 16}, "Hcamera2end": {"type": "ndarray", "data": [[0.9999990674901511, -0.001009597756817625, -0.0009196364485948737, -0.015304945315344973], [0.0009199117681788574, 0.00027227176184174695, 0.9999995398151073, 0.03706348694514065], [-0.001009346901179877, -0.999999453290079, 0.00027320024880328475, 0.030762554945637195], [0.0, 0.0, 0.0, 1.0]]}, "Hobj2base": {"type": "ndarray", "data": [[0.9999989608973882, -0.0012431742207756032, 0.0007298780725417727, -0.73340229475145], [-0.0012432503863056927, -0.9999992217653602, 0.00010390933699863565, 0.09093656351749466], [0.0007297483271163194, -0.00010481665022181578, -0.9999997282403872, -0.0014651372673725252], [0.0, 0.0, 0.0, 1.0]]}, "mean_rme": {"type": "float", "data": 0.0014701178401518075}, "max_rme": {"type": "float", "data": 0.0040748107196607875}, "simu": {"type": "float", "data": 0.002}}, {"type": "dict", "image_number": {"type": "int", "data": 17}, "Hcamera2end": {"type": "ndarray", "data": [[0.99999891466372, -0.0011002434515203134, -0.0009798651587633487, -0.015060093546441855], [0.000980093889636504, 0.00020737122443659217, 0.9999994982064455, 0.03695929112915423], [-0.0011000397035874853, -0.999999373230565, 0.0002084493412530808, 0.031095807689439724], [0.0, 0.0, 0.0, 1.0]]}, "Hobj2base": {"type": "ndarray", "data": [[0.9999988190212075, -0.001314379437761008, 0.0007964690100896105, -0.7336269305474153], [-0.0013144105631792357, -0.9999991354187376, 3.855707462805354e-05, 0.0912367596766544], [0.0007964176428513572, -3.9603916373072794e-05, -0.9999996820751831, -0.0014451546405364808], [0.0, 0.0, 0.0, 1.0]]}, "mean_rme": {"type": "float", "data": 0.0014843624671806656}, "max_rme": {"type": "float", "data": 0.004167649618231933}, "simu": {"type": "float", "data": 0.002}}, {"type": "dict", "image_number": {"type": "int", "data": 18}, "Hcamera2end": {"type": "ndarray", "data": [[0.9999994406123308, -0.0008122662359754088, -0.0006774943449169075, -0.01555357802717917], [0.0006777141921680673, 0.00027041441885311546, 0.9999997337897223, 0.03706767081768627], [-0.0008120828155022318, -0.9999996335497346, 0.00027096475194254843, 0.03157187238812723], [0.0, 0.0, 0.0, 1.0]]}, "Hobj2base": {"type": "ndarray", "data": [[0.9999992980022134, -0.001027911859271598, 0.0005893999405252593, -0.7339362517261228], [-0.0010280629945376297, -0.9999994387298432, 0.0002561766534975007, 0.09062550083207115], [0.0005891362826924638, -0.0002567824139298936, -0.9999997934905946, -0.0014692620274743026], [0.0, 0.0, 0.0, 1.0]]}, "mean_rme": {"type": "float", "data": 0.0014882035898766803}, "max_rme": {"type": "float", "data": 0.0039144929706653175}, "simu": {"type": "float", "data": 0.002}}, {"type": "dict", "image_number": {"type": "int", "data": 19}, "Hcamera2end": {"type": "ndarray", "data": [[0.9999994166149146, -0.0008350278207441025, -0.0006851995102724905, -0.015548533409408273], [0.0006853792087298832, 0.00021493341206046956, 0.9999997420294514, 0.03711088457735163], [-0.000834880333062832, -0.9999996282660147, 0.00021550559737859576, 0.03161942009586239], [0.0, 0.0, 0.0, 1.0]]}, "Hobj2base": {"type": "ndarray", "data": [[0.9999992636430646, -0.0010335372347059515, 0.0006360142397570292, -0.7339434098736932], [-0.0010336874979357527, -0.9999994379029853, 0.00023597430003244904, 0.09062876515665388], [0.0006357699940298064, -0.00023663156623928257, -0.9999997699009819, -0.0014032962618591614], [0.0, 0.0, 0.0, 1.0]]}, "mean_rme": {"type": "float", "data": 0.0014542702495247194}, "max_rme": {"type": "float", "data": 0.003922136483762301}, "simu": {"type": "float", "data": 0.002}}, {"type": "dict", "image_number": {"type": "int", "data": 20}, "Hcamera2end": {"type": "ndarray", "data": [[0.999999405317162, -0.0009428259643088586, -0.0005481281997592795, -0.015531157301820652], [0.00054836458076061, 0.0002504751815818329, 0.9999998182792185, 0.037285554800452], [-0.0009426885004674227, -0.999999524170579, 0.0002509920449931258, 0.0318655462615561], [0.0, 0.0, 0.0, 1.0]]}, "Hobj2base": {"type": "ndarray", "data": [[0.999999238932628, -0.0010898154947194393, 0.0005783047227490364, -0.7341475936818407], [-0.0010899944014130965, -0.9999993581724012, 0.00030913911146111936, 0.09049417600427842], [0.0005779674469834108, -0.0003097692250955354, -0.9999997849983053, -0.001443934756200241], [0.0, 0.0, 0.0, 1.0]]}, "mean_rme": {"type": "float", "data": 0.0014746862250840404}, "max_rme": {"type": "float", "data": 0.003946865763448021}, "simu": {"type": "float", "data": 0.002}}, {"type": "dict", "image_number": {"type": "int", "data": 21}, "Hcamera2end": {"type": "ndarray", "data": [[0.9999994289374361, -0.0009703115446956685, -0.0004479065838987687, -0.01585056790479594], [0.00044833159900368975, 0.00043784599970353444, 0.9999998036448096, 0.03711513840275081], [-0.0009701152400639594, -0.9999994333930328, 0.0004382807709925052, 0.03167363295635445], [0.0, 0.0, 0.0, 1.0]]}, "Hobj2base": {"type": "ndarray", "data": [[0.9999993121593688, -0.0011167653838611371, 0.0003584910972727873, -0.7339267667384243], [-0.001116875381222681, -0.9999993292372129, 0.00030678087900989134, 0.09033013941911412], [0.00035814825454419093, -0.00030718105787446934, -0.9999998886848067, -0.0013461542550299564], [0.0, 0.0, 0.0, 1.0]]}, "mean_rme": {"type": "float", "data": 0.0014735177826782897}, "max_rme": {"type": "float", "data": 0.004006207152834035}, "simu": {"type": "float", "data": 0.002}}, {"type": "dict", "image_number": {"type": "int", "data": 22}, "Hcamera2end": {"type": "ndarray", "data": [[0.9999994841803156, -0.0009261080994273849, -0.00041708858894113005, -0.01573666001869519], [0.00041751715698452304, 0.00046261733940689, 0.9999998058322915, 0.03718465929544438], [-0.0009259149671937845, -0.9999994641543491, 0.00046300376680052935, 0.031633202109617356], [0.0, 0.0, 0.0, 1.0]]}, "Hobj2base": {"type": "ndarray", "data": [[0.9999993434520633, -0.0011011852631468023, 0.00031699599146293577, -0.7340257599706828], [-0.0011012845292167387, -0.9999993445569926, 0.00031314209234255947, 0.09042589820727108], [0.0003166509562327714, -0.0003134909895309867, -0.9999999007277804, -0.0013399554382679485], [0.0, 0.0, 0.0, 1.0]]}, "mean_rme": {"type": "float", "data": 0.0014654680712346223}, "max_rme": {"type": "float", "data": 0.003987631197754166}, "simu": {"type": "float", "data": 0.002}}, {"type": "dict", "image_number": {"type": "int", "data": 23}, "Hcamera2end": {"type": "ndarray", "data": [[0.999999443958506, -0.0009345518099197381, -0.0004885648302858428, -0.015752178582462903], [0.000488984931009878, 0.000449345404408219, 0.9999997794911982, 0.03720300389993285], [-0.0009343320694815936, -0.9999994623506666, 0.00044980213630585464, 0.03178931234854265], [0.0, 0.0, 0.0, 1.0]]}, "Hobj2base": {"type": "ndarray", "data": [[0.9999993584424516, -0.001094193801486868, 0.0002930095733922031, -0.7341062993330187], [-0.0010942626044836458, -0.9999993737389219, 0.00023475756965027383, 0.09048689258818671], [0.00029275251961414833, -0.00023507804845870173, -0.9999999295171342, -0.001115278389582062], [0.0, 0.0, 0.0, 1.0]]}, "mean_rme": {"type": "float", "data": 0.0015315727800444831}, "max_rme": {"type": "float", "data": 0.00557933865335225}, "simu": {"type": "float", "data": 0.002}}, {"type": "dict", "image_number": {"type": "int", "data": 24}, "Hcamera2end": {"type": "ndarray", "data": [[0.9999994903893198, -0.0009244649675423965, -0.00040569153871596324, -0.015876972955256925], [0.00040614606611312536, 0.000491530674633256, 0.9999997967214641, 0.03711053651431018], [-0.000924265369782793, -0.99999945188091, 0.0004919058919538033, 0.03172761248487535], [0.0, 0.0, 0.0, 1.0]]}, "Hobj2base": {"type": "ndarray", "data": [[0.9999993989468429, -0.001076908398105387, 0.00020585007927405698, -0.7340113352849285], [-0.0010769596501602919, -0.9999993890710237, 0.00024902909745310137, 0.0904646319248353], [0.00020558177198785893, -0.0002492506400027366, -0.9999999478051254, -0.0010785338069936566], [0.0, 0.0, 0.0, 1.0]]}, "mean_rme": {"type": "float", "data": 0.0015161617739320175}, "max_rme": {"type": "float", "data": 0.005645961820973322}, "simu": {"type": "float", "data": 0.002}}, {"type": "dict", "image_number": {"type": "int", "data": 25}, "Hcamera2end": {"type": "ndarray", "data": [[0.9999991902431477, -0.001219900679704016, -0.00036242982865620826, -0.01555495285505237], [0.0003630859770162353, 0.0005376918309077938, 0.999999789528012, 0.03717719502735837], [-0.0012197055473909492, -0.9999991113645185, 0.0005381343243382464, 0.031687223159475815], [0.0, 0.0, 0.0, 1.0]]}, "Hobj2base": {"type": "ndarray", "data": [[0.9999990899610753, -0.0013415748341777172, 0.0001423164971100768, -0.7341392636625684], [-0.0013416129716595521, -0.9999990640657883, 0.0002682203986849814, 0.09082272420197483], [0.00014195652617430933, -0.0002684110882525823, -0.9999999539019153, -0.001097384210722483], [0.0, 0.0, 0.0, 1.0]]}, "mean_rme": {"type": "float", "data": 0.001541919636746638}, "max_rme": {"type": "float", "data": 0.005614367147158794}, "simu": {"type": "float", "data": 0.002}}, {"type": "dict", "image_number": {"type": "int", "data": 26}, "Hcamera2end": {"type": "ndarray", "data": [[0.99999913432924, -0.0012381730964940792, -0.0004452731226556815, -0.015370150912949186], [0.0004458492661988504, 0.0004650803659139724, 0.9999997924593208, 0.0371754209379544], [-0.0012379657517359777, -0.9999991253134354, 0.00046563200187399456, 0.031670177698776336], [0.0, 0.0, 0.0, 1.0]]}, "Hobj2base": {"type": "ndarray", "data": [[0.9999990608703664, -0.0013591820098441969, 0.00017573459900102392, -0.7340188069018244], [-0.0013592118068291917, -0.9999990618978234, 0.00016954863003791783, 0.0909332979410903], [0.00017550398669627276, -0.00016978733135160562, -0.9999999701853064, -0.0011046581052422378], [0.0, 0.0, 0.0, 1.0]]}, "mean_rme": {"type": "float", "data": 0.0015189937681188653}, "max_rme": {"type": "float", "data": 0.005590160176518255}, "simu": {"type": "float", "data": 0.002}}, {"type": "dict", "image_number": {"type": "int", "data": 27}, "Hcamera2end": {"type": "ndarray", "data": [[0.9999990762396281, -0.001273760369263746, -0.0004743990009709688, -0.015274691599531817], [0.00047487824539783294, 0.00037596771259773565, 0.9999998165694488, 0.03718487580655886], [-0.0012735817769099255, -0.9999991180910115, 0.000376572246382878, 0.03158343049515454], [0.0, 0.0, 0.0, 1.0]]}, "Hobj2base": {"type": "ndarray", "data": [[0.9999990082101418, -0.001386623025937581, 0.00024668870402569647, -0.7338587652348588], [-0.001386648567789707, -0.9999990332568438, 0.00010339791017660256, 0.09095009015544536], [0.00024654509161799534, -0.00010373987816573103, -0.9999999642267774, -0.0011464371843330633], [0.0, 0.0, 0.0, 1.0]]}, "mean_rme": {"type": "float", "data": 0.0015089508607059746}, "max_rme": {"type": "float", "data": 0.005595205967003247}, "simu": {"type": "float", "data": 0.002}}, {"type": "dict", "image_number": {"type": "int", "data": 28}, "Hcamera2end": {"type": "ndarray", "data": [[0.9999994373689574, -0.0010122372373942948, -0.0003172342097854854, -0.01536069441954287], [0.0003175525486103934, 0.00031434511251937636, 0.9999999001737595, 0.037147962642170726], [-0.0010121374153230869, -0.999999438281305, 0.0003146663741735445, 0.03149421988525079], [0.0, 0.0, 0.0, 1.0]]}, "Hobj2base": {"type": "ndarray", "data": [[0.9999993815573274, -0.0011046951239296486, 0.0001285832253931875, -0.7339724065523224], [-0.0011047064538396956, -0.9999993859329646, 8.807579107425295e-05, 0.09097427913149007], [0.00012848584953753148, -8.82177833233727e-05, -0.9999999878545047, -0.0009730710397949986], [0.0, 0.0, 0.0, 1.0]]}, "mean_rme": {"type": "float", "data": 0.0015786449601015583}, "max_rme": {"type": "float", "data": 0.005449076260122698}, "simu": {"type": "float", "data": 0.002}}, {"type": "dict", "image_number": {"type": "int", "data": 29}, "Hcamera2end": {"type": "ndarray", "data": [[0.9999994136896662, -0.0010311602284700744, -0.0003306492208255642, -0.015354189602190899], [0.0003309558915550558, 0.000297247114337873, 0.9999999010561703, 0.037125350045523524], [-0.0010310618419163843, -0.9999994241762021, 0.00029758820861158775, 0.031509051953924914], [0.0, 0.0, 0.0, 1.0]]}, "Hobj2base": {"type": "ndarray", "data": [[0.9999993617735777, -0.0011221451544550295, 0.00013131142179260947, -0.7339726595035216], [-0.001122153592805678, -0.9999993683242456, 6.420610139843078e-05, 0.09098432203541068], [0.0001312392902807974, -6.43534120041414e-05, -0.9999999893174432, -0.0009787713884545528], [0.0, 0.0, 0.0, 1.0]]}, "mean_rme": {"type": "float", "data": 0.0015341629005210294}, "max_rme": {"type": "float", "data": 0.005469296263177936}, "simu": {"type": "float", "data": 0.002}}, {"type": "dict", "image_number": {"type": "int", "data": 30}, "Hcamera2end": {"type": "ndarray", "data": [[0.9999993462944596, -0.0011131044495306913, -0.0002615514055276267, -0.015503011883626246], [0.0002619220993195952, 0.0003328942186903161, 0.9999999102891224, 0.037181374322624826], [-0.0011130172807223239, -0.9999993250897339, 0.00033318554772965303, 0.03162972406900785], [0.0, 0.0, 0.0, 1.0]]}, "Hobj2base": {"type": "ndarray", "data": [[0.9999992734025525, -0.0012028301320442328, 7.996274473043743e-05, -0.7340177627968557], [-0.0012028385122025765, -0.9999992710942573, 0.00010483543017263622, 0.09082823241143474], [7.983658723081614e-05, -0.00010493153626838345, -0.9999999913077458, -0.0009649296494833574], [0.0, 0.0, 0.0, 1.0]]}, "mean_rme": {"type": "float", "data": 0.001535079123174407}, "max_rme": {"type": "float", "data": 0.005414454042707018}, "simu": {"type": "float", "data": 0.002}}]}