{"type": "list", "data": [{"type": "dict", "image_number": {"type": "int", "data": 5}, "Hcamera2end": {"type": "ndarray", "data": [[0.9999905286197781, 0.0033113411418181564, 0.0028244805857571614, -0.01697619500784504], [-0.00282103881222931, -0.001043599990012023, 0.9999954763093085, 0.035534234334348096], [0.0033142737902461424, -0.9999939729412889, -0.0010342486837982001, 0.035830933520000045], [0.0, 0.0, 0.0, 1.0]]}, "Hobj2base": {"type": "ndarray", "data": [[0.9999936166286713, 0.0031600690354089437, 0.0016675327887215438, -0.7377757671044327], [0.0031588498284563, -0.9999947419760375, 0.0007332721453092167, 0.08966162308465683], [0.0016698412113951022, -0.0007279999788972299, -0.9999983408218032, -0.004334521304824856], [0.0, 0.0, 0.0, 1.0]]}, "mean_rme": {"type": "float", "data": 0.001502876279199385}, "max_rme": {"type": "float", "data": 0.005276165492294316}, "simu": {"type": "float", "data": 0.002}}, {"type": "dict", "image_number": {"type": "int", "data": 6}, "Hcamera2end": {"type": "ndarray", "data": [[0.9999959986304058, 0.0028287575099538217, 2.922545779579142e-05, -0.01602467369794432], [-2.8410266093693067e-05, -0.0002882198822342641, 0.999999958061077, 0.03537687466067809], [0.002828765814676783, -0.9999959575219537, -0.00028813836320651376, 0.03219452262503276], [0.0, 0.0, 0.0, 1.0]]}, "Hobj2base": {"type": "ndarray", "data": [[0.9999956889880152, 0.002895617722949232, 0.0004872405847870637, -0.7344160913733774], [0.0028966305335410667, -0.9999936186866065, -0.0020909609315309372, 0.0886836028421525], [0.00048118285202085895, 0.002092363273328376, -0.9999976952368415, -0.004915703558781487], [0.0, 0.0, 0.0, 1.0]]}, "mean_rme": {"type": "float", "data": 0.0017472915081763257}, "max_rme": {"type": "float", "data": 0.004355084535707127}, "simu": {"type": "float", "data": 0.002}}, {"type": "dict", "image_number": {"type": "int", "data": 7}, "Hcamera2end": {"type": "ndarray", "data": [[0.9999948854836981, 0.0031684106334867123, 0.0004360968965257989, -0.015061081432230512], [-0.000434124704391527, -0.0006231157964615708, 0.9999997116311811, 0.034791222823752424], [0.003168681458680893, -0.9999947864367903, -0.0006217371241961089, 0.033718095389488896], [0.0, 0.0, 0.0, 1.0]]}, "Hobj2base": {"type": "ndarray", "data": [[0.9999948820524215, 0.0031329852717090433, 0.0006482840818760422, -0.7362027892441275], [0.0031340156138081727, -0.9999938177826138, -0.0015944725413188417, 0.08915060344069418], [0.0006432846150548237, 0.0015964961133267427, -0.9999985186914349, -0.0044897158738634235], [0.0, 0.0, 0.0, 1.0]]}, "mean_rme": {"type": "float", "data": 0.0018086972543397896}, "max_rme": {"type": "float", "data": 0.004902365245090107}, "simu": {"type": "float", "data": 0.002}}, {"type": "dict", "image_number": {"type": "int", "data": 8}, "Hcamera2end": {"type": "ndarray", "data": [[0.999995067529971, 0.0031230583115983796, 0.00033380010641927333, -0.014945816660303162], [-0.00033187277711763823, -0.0006176267021786863, 0.999999754198828, 0.03462172870985827], [0.003123263707805902, -0.9999949325091798, -0.000616587197718621, 0.03368989316236315], [0.0, 0.0, 0.0, 1.0]]}, "Hobj2base": {"type": "ndarray", "data": [[0.999995139241952, 0.0030644262429049872, 0.0005751384796171625, -0.7362352344106515], [0.0030650581472834787, -0.9999946965363649, -0.0011010529950957865, 0.08926439384557101], [0.0005717613336981498, 0.001102810476026346, -0.9999992284487182, -0.004469458238679246], [0.0, 0.0, 0.0, 1.0]]}, "mean_rme": {"type": "float", "data": 0.0016521036986256181}, "max_rme": {"type": "float", "data": 0.004865772958368042}, "simu": {"type": "float", "data": 0.002}}, {"type": "dict", "image_number": {"type": "int", "data": 9}, "Hcamera2end": {"type": "ndarray", "data": [[0.9999947549238982, 0.0032165447073648243, 0.00037942698680948415, -0.015571361886501026], [-0.0003769737584841137, -0.000763262545179666, 0.9999996376604708, 0.034377373308401404], [0.0032168331442911906, -0.9999945356202867, -0.0007620459888617592, 0.033276729279708345], [0.0, 0.0, 0.0, 1.0]]}, "Hobj2base": {"type": "ndarray", "data": [[0.9999946789574949, 0.003185513464219668, 0.000703250073515982, -0.7356154629857303], [0.003186222074245104, -0.9999944151286395, -0.0010088113915374644, 0.08880456750138846], [0.0007000325636841865, 0.0010110467345171214, -0.9999992438691694, -0.004345947342785378], [0.0, 0.0, 0.0, 1.0]]}, "mean_rme": {"type": "float", "data": 0.001570453710382556}, "max_rme": {"type": "float", "data": 0.004717597913169114}, "simu": {"type": "float", "data": 0.002}}, {"type": "dict", "image_number": {"type": "int", "data": 10}, "Hcamera2end": {"type": "ndarray", "data": [[0.9999947294470544, 0.0032247899125955955, 0.00037657420552906747, -0.015485307570315325], [-0.00037573493204003843, -0.00026085867560410314, 0.9999998953880005, 0.034444903802406966], [0.0032248878078923963, -0.9999947663276898, -0.00025964563451608136, 0.03262427168276997], [0.0, 0.0, 0.0, 1.0]]}, "Hobj2base": {"type": "ndarray", "data": [[0.9999947890322294, 0.0032183085489967357, 0.00025376853710862995, -0.7352215072046799], [0.003218510163776055, -0.9999945020849528, -0.0007981179065473795, 0.08868981015792474], [0.0002511985522290225, 0.0007989305041966221, -0.9999996493046068, -0.004267849436329446], [0.0, 0.0, 0.0, 1.0]]}, "mean_rme": {"type": "float", "data": 0.0015273230415413597}, "max_rme": {"type": "float", "data": 0.004915094499531425}, "simu": {"type": "float", "data": 0.002}}, {"type": "dict", "image_number": {"type": "int", "data": 11}, "Hcamera2end": {"type": "ndarray", "data": [[0.9999976954121262, 0.002131465014800245, 0.0002569578312347163, -0.015459716556023084], [-0.0002565964691840343, -0.00016980866836457942, 0.9999999526616328, 0.03398447912783479], [0.00213150854756732, -0.9999977140083403, -0.00016926135062855785, 0.032495469631167506], [0.0, 0.0, 0.0, 1.0]]}, "Hobj2base": {"type": "ndarray", "data": [[0.9999976703619975, 0.0021212584328120874, 0.00039941612275297097, -0.7350735284029798], [0.0021215473561488393, -0.9999974871843764, -0.0007243353842213677, 0.08906171601750384], [0.0003978786165519336, 0.0007251810770013599, -0.9999996579024475, -0.003869840670382818], [0.0, 0.0, 0.0, 1.0]]}, "mean_rme": {"type": "float", "data": 0.0014688854661546642}, "max_rme": {"type": "float", "data": 0.0044190730385069155}, "simu": {"type": "float", "data": 0.002}}, {"type": "dict", "image_number": {"type": "int", "data": 12}, "Hcamera2end": {"type": "ndarray", "data": [[0.9999978831805346, 0.0019795518470670753, 0.0005612565676356179, -0.015679729472970434], [-0.0005601740642664454, -0.0005473547070393714, 0.9999996933038741, 0.03391815837140346], [0.0019798584463703453, -0.9999978908864305, -0.000546244654784811, 0.03201616478400596], [0.0, 0.0, 0.0, 1.0]]}, "Hobj2base": {"type": "ndarray", "data": [[0.9999979441987316, 0.0019397901829739197, 0.0005906033834815806, -0.7344117093782286], [0.0019399627423645578, -0.999998075713675, -0.00029174218995909105, 0.08929934354440432], [0.0005900363283555244, 0.00029288733875459564, -0.9999997830370455, -0.003813250989370437], [0.0, 0.0, 0.0, 1.0]]}, "mean_rme": {"type": "float", "data": 0.0014304504283273332}, "max_rme": {"type": "float", "data": 0.004072577860691512}, "simu": {"type": "float", "data": 0.002}}, {"type": "dict", "image_number": {"type": "int", "data": 13}, "Hcamera2end": {"type": "ndarray", "data": [[0.9999976467838406, 0.002105359999671622, 0.0005233412394740326, -0.01529021473240394], [-0.0005223549742556524, -0.0004689770314469932, 0.9999997536028821, 0.033934045518033466], [0.002105604915937908, -0.9999976737572022, -0.0004678761825742672, 0.031809208907289256], [0.0, 0.0, 0.0, 1.0]]}, "Hobj2base": {"type": "ndarray", "data": [[0.9999977203358474, 0.0020577810412054846, 0.0005699651697919604, -0.7343946773803685], [0.002057982787323135, -0.9999978198338046, -0.0003536021557254448, 0.08968752506846588], [0.0005692362913609836, 0.00035477432814009173, -0.9999997750525849, -0.003622856136198479], [0.0, 0.0, 0.0, 1.0]]}, "mean_rme": {"type": "float", "data": 0.0014763538656686647}, "max_rme": {"type": "float", "data": 0.004074893794633994}, "simu": {"type": "float", "data": 0.002}}, {"type": "dict", "image_number": {"type": "int", "data": 14}, "Hcamera2end": {"type": "ndarray", "data": [[0.9999976383987531, 0.0021107235256723053, 0.000517728804193135, -0.01552033506332533], [-0.0005163212884906766, -0.0006673307707318887, 0.9999996440409212, 0.0342012822678221], [0.0021110682707030357, -0.9999975497549184, -0.0006662393832721492, 0.03206383230966797], [0.0, 0.0, 0.0, 1.0]]}, "Hobj2base": {"type": "ndarray", "data": [[0.9999976524240916, 0.002049345473228291, 0.0007037964458251615, -0.7346496986691601], [0.0020497093530785467, -0.9999977658575818, -0.00051669276502919, 0.08966779927847815], [0.0007027359914646056, 0.000518134130211374, -0.9999996188495024, -0.004003557531161828], [0.0, 0.0, 0.0, 1.0]]}, "mean_rme": {"type": "float", "data": 0.0014749332675239137}, "max_rme": {"type": "float", "data": 0.004283513398197075}, "simu": {"type": "float", "data": 0.002}}, {"type": "dict", "image_number": {"type": "int", "data": 15}, "Hcamera2end": {"type": "ndarray", "data": [[0.9999975728176043, 0.002142944582157615, 0.0005120033379107628, -0.015385734756797161], [-0.0005105066629599884, -0.0006989085427835384, 0.999999625454828, 0.034025547628378595], [0.002143301623034867, -0.9999974596544567, -0.000697812858917457, 0.03228668929279276], [0.0, 0.0, 0.0, 1.0]]}, "Hobj2base": {"type": "ndarray", "data": [[0.9999975736760985, 0.0020799026607616557, 0.000725704373377218, -0.734901550169094], [0.0020802681689140973, -0.9999977095996759, -0.0005032690599469956, 0.08967833548192936], [0.0007246559605668236, 0.0005047774985612251, -0.9999996100366313, -0.0037821364262542014], [0.0, 0.0, 0.0, 1.0]]}, "mean_rme": {"type": "float", "data": 0.0014551595914740908}, "max_rme": {"type": "float", "data": 0.004175811859747525}, "simu": {"type": "float", "data": 0.002}}, {"type": "dict", "image_number": {"type": "int", "data": 16}, "Hcamera2end": {"type": "ndarray", "data": [[0.9999987711981089, 0.0015608511669022423, 0.00014610238582869457, -0.014958648139281347], [-0.00014610061652542948, -1.247570940998699e-06, 0.9999999893265267, 0.033953979155014545], [0.0015608513325156299, -0.9999987818702972, -1.0195280901736936e-06, 0.03198890297910622], [0.0, 0.0, 0.0, 1.0]]}, "Hobj2base": {"type": "ndarray", "data": [[0.9999987926021887, 0.0015511076104483409, -9.412409664735857e-05, -0.7347667484321161], [0.0015510675303924881, -0.99999870703168, -0.000424410749381671, 0.09000183829527289], [-9.478228169120547e-05, 0.00042426424411892385, -0.9999999055080806, -0.0036198691194263], [0.0, 0.0, 0.0, 1.0]]}, "mean_rme": {"type": "float", "data": 0.0014266441957854652}, "max_rme": {"type": "float", "data": 0.004035278357714389}, "simu": {"type": "float", "data": 0.002}}, {"type": "dict", "image_number": {"type": "int", "data": 17}, "Hcamera2end": {"type": "ndarray", "data": [[0.9999988526042886, 0.0015075526650976142, 0.00014857680959499866, -0.014917069409669869], [-0.00014850849274660057, -4.5428233631072956e-05, 0.9999999879407517, 0.03374598633052445], [0.0015075593964996806, -0.9999988626099721, -4.5204297132839244e-05, 0.032127561299664376], [0.0, 0.0, 0.0, 1.0]]}, "Hobj2base": {"type": "ndarray", "data": [[0.9999988533730849, 0.001512895878219188, -6.632176944664818e-05, -0.7348913663058236], [0.0015128695846037276, -0.9999987777066657, -0.0003947287612435385, 0.0899728372688894], [-6.691887189789135e-05, 0.00039462797244912376, -0.9999999198953109, -0.0035238413941998965], [0.0, 0.0, 0.0, 1.0]]}, "mean_rme": {"type": "float", "data": 0.0013982462511960992}, "max_rme": {"type": "float", "data": 0.003947684900305115}, "simu": {"type": "float", "data": 0.002}}, {"type": "dict", "image_number": {"type": "int", "data": 18}, "Hcamera2end": {"type": "ndarray", "data": [[0.9999988675347956, 0.0014969994882636862, 0.0001546662807348553, -0.01510893021894517], [-0.00015441064377097805, -0.00017088030330225656, 0.9999999734786372, 0.03403076294821166], [0.001497025877982182, -0.9999988648955828, -0.00017064895713159167, 0.032295634632038696], [0.0, 0.0, 0.0, 1.0]]}, "Hobj2base": {"type": "ndarray", "data": [[0.9999988448715598, 0.0015194815721670124, 3.7832498892518354e-05, -0.7350915345127168], [0.0015195002248512793, -0.9999987215640642, -0.000497985243877808, 0.0899699917270268], [3.707577112480882e-05, 0.0004980421551314639, -0.9999998752896915, -0.003755870207171429], [0.0, 0.0, 0.0, 1.0]]}, "mean_rme": {"type": "float", "data": 0.0014229461769522716}, "max_rme": {"type": "float", "data": 0.0041322984741552216}, "simu": {"type": "float", "data": 0.002}}, {"type": "dict", "image_number": {"type": "int", "data": 19}, "Hcamera2end": {"type": "ndarray", "data": [[0.9999988143890075, 0.001530420248331452, 0.00017039496116914713, -0.015035266281723384], [-0.00017021827974526165, -0.00011557585582044894, 0.9999999788339793, 0.033985170128250336], [0.0015304399094820099, -0.999998822227349, -0.00011531521329066763, 0.03237252203050379], [0.0, 0.0, 0.0, 1.0]]}, "Hobj2base": {"type": "ndarray", "data": [[0.9999988322920939, 0.0015281999889061014, -4.386651210053545e-06, -0.7351978330569976], [0.0015281973410120142, -0.9999986806225261, -0.0005507867955908826, 0.08989561570434768], [-5.228357797316367e-06, 0.0005507794487640716, -0.99999984830732, -0.0035863382896386188], [0.0, 0.0, 0.0, 1.0]]}, "mean_rme": {"type": "float", "data": 0.0014419856906474553}, "max_rme": {"type": "float", "data": 0.00398344881573956}, "simu": {"type": "float", "data": 0.002}}, {"type": "dict", "image_number": {"type": "int", "data": 20}, "Hcamera2end": {"type": "ndarray", "data": [[0.9999984081960691, 0.0017685296096558653, 0.00023644946101990705, -0.015057418185600722], [-0.00023629931782799974, -8.510565817632099e-05, 0.9999999684598292, 0.0340863245104039], [0.0017685496770631448, -0.9999984325287948, -8.46876203643987e-05, 0.03226033987971331], [0.0, 0.0, 0.0, 1.0]]}, "Hobj2base": {"type": "ndarray", "data": [[0.9999984912725538, 0.0017370584816015521, 8.969265371105832e-06, -0.73517051193508], [0.0017370629938768547, -0.9999983506918952, -0.0005303071237119742, 0.08997272935701586], [8.04807609092615e-06, 0.0005303219038020201, -0.9999998593469439, -0.0035567484034539215], [0.0, 0.0, 0.0, 1.0]]}, "mean_rme": {"type": "float", "data": 0.0014582216066686283}, "max_rme": {"type": "float", "data": 0.004136511520327041}, "simu": {"type": "float", "data": 0.002}}, {"type": "dict", "image_number": {"type": "int", "data": 21}, "Hcamera2end": {"type": "ndarray", "data": [[0.9999982366080902, 0.0018638105758804731, 0.00023019740925515582, -0.015208079596649769], [-0.0002299698801719257, -0.0001222907546369889, 0.999999966079412, 0.033975603415453005], [0.001863838663673816, -0.9999982556260326, -0.00012186191869556495, 0.032235873706098386], [0.0, 0.0, 0.0, 1.0]]}, "Hobj2base": {"type": "ndarray", "data": [[0.9999983290365119, 0.0018271876190231445, 5.752902690744269e-05, -0.7350774152020978], [0.0018272178610836609, -0.9999981901358383, -0.0005300942709049568, 0.08981903674603979], [5.656034109900599e-05, 0.0005301985032022809, -0.9999998578452276, -0.003507505059341908], [0.0, 0.0, 0.0, 1.0]]}, "mean_rme": {"type": "float", "data": 0.001442743226544378}, "max_rme": {"type": "float", "data": 0.0041735621456123195}, "simu": {"type": "float", "data": 0.002}}, {"type": "dict", "image_number": {"type": "int", "data": 22}, "Hcamera2end": {"type": "ndarray", "data": [[0.9999984771578735, 0.001726285681483486, 0.00025616338514589544, -0.015235682858336616], [-0.0002558035347502726, -0.00020867113112243985, 0.999999945510454, 0.03391781914067982], [0.0017263390413222932, -0.9999984881959099, -0.00020822922336982685, 0.032502104065891685], [0.0, 0.0, 0.0, 1.0]]}, "Hobj2base": {"type": "ndarray", "data": [[0.9999985777189322, 0.0016802162245451652, 0.00014640202008828852, -0.7352218096989621], [0.001680287636757769, -0.999998468739584, -0.0004890316394602136, 0.08972376950088332], [0.00014558011701373342, 0.000489276941424122, -0.9999998697072434, -0.003277371487511517], [0.0, 0.0, 0.0, 1.0]]}, "mean_rme": {"type": "float", "data": 0.001485241520442759}, "max_rme": {"type": "float", "data": 0.004046506840940989}, "simu": {"type": "float", "data": 0.002}}, {"type": "dict", "image_number": {"type": "int", "data": 23}, "Hcamera2end": {"type": "ndarray", "data": [[0.9999980739459878, 0.0019465262838661184, 0.0002512762242821736, -0.015517047139322], [-0.00025103222483592136, -0.00012559452740434907, 0.9999999606044173, 0.03401750520113233], [0.0019465577661002187, -0.9999980976289106, -0.00012510564467871355, 0.032404524139485476], [0.0, 0.0, 0.0, 1.0]]}, "Hobj2base": {"type": "ndarray", "data": [[0.9999981897178651, 0.0019008011275132848, 8.669524987353341e-05, -0.7353794254810002], [0.0019008395626185942, -0.9999980941990656, -0.00044542922512899006, 0.08942444303298036], [8.584841227629262e-05, 0.0004455932125372721, -0.9999998970383646, -0.0033476464010500037], [0.0, 0.0, 0.0, 1.0]]}, "mean_rme": {"type": "float", "data": 0.0014875674513829783}, "max_rme": {"type": "float", "data": 0.004108127019011254}, "simu": {"type": "float", "data": 0.002}}, {"type": "dict", "image_number": {"type": "int", "data": 24}, "Hcamera2end": {"type": "ndarray", "data": [[0.9999978140346916, 0.00207952437985894, 0.00021795456398371056, -0.015372442598163834], [-0.00021766610696942717, -0.00013893828837763245, 0.9999999666588085, 0.03385418611217574], [0.0020795545927591833, -0.9999978281348944, -0.00013848534268734447, 0.03246601920435886], [0.0, 0.0, 0.0, 1.0]]}, "Hobj2base": {"type": "ndarray", "data": [[0.9999979324278726, 0.002030178022377495, 0.00011626339620608517, -0.7355388844624783], [0.0020302290790938557, -0.9999978419630289, -0.0004407257331816087, 0.08934452063741789], [0.00011536839360797625, 0.00044096086327717875, -0.9999998961218202, -0.0032456405323726886], [0.0, 0.0, 0.0, 1.0]]}, "mean_rme": {"type": "float", "data": 0.001521984930654686}, "max_rme": {"type": "float", "data": 0.004212309852577895}, "simu": {"type": "float", "data": 0.002}}, {"type": "dict", "image_number": {"type": "int", "data": 25}, "Hcamera2end": {"type": "ndarray", "data": [[0.9999974406659564, 0.0022413551254915373, 0.00030820243076692044, -0.015334887917979795], [-0.0003076270811728167, -0.0002570374250543406, 0.9999999196486671, 0.033749651061873], [0.002241434164954866, -0.9999974551262434, -0.00025634726567469457, 0.03264701790714409], [0.0, 0.0, 0.0, 1.0]]}, "Hobj2base": {"type": "ndarray", "data": [[0.9999975594197517, 0.002202731469597554, 0.00017067106699146043, -0.735713816489368], [0.002202781739247415, -0.9999975303857858, -0.0002949151375889155, 0.08932410531158468], [0.00017002102664533968, 0.0002952903689346424, -0.9999999419482224, -0.003073952869177492], [0.0, 0.0, 0.0, 1.0]]}, "mean_rme": {"type": "float", "data": 0.0015256445276483526}, "max_rme": {"type": "float", "data": 0.004314166930751262}, "simu": {"type": "float", "data": 0.002}}, {"type": "dict", "image_number": {"type": "int", "data": 26}, "Hcamera2end": {"type": "ndarray", "data": [[0.9999990091381875, 0.0013937188368169078, 0.00019816772472511734, -0.015212970126170261], [-0.00019782773187265723, -0.00024408014210552942, 0.9999999506445354, 0.033414460116465025], [0.0013937671368356784, -0.9999989989858433, -0.00024380418401936943, 0.03270654374029796], [0.0, 0.0, 0.0, 1.0]]}, "Hobj2base": {"type": "ndarray", "data": [[0.999999073049345, 0.001361256665118043, 2.96773069833792e-05, -0.7355955808559982], [0.0013612631539428547, -0.9999990493394888, -0.00021973334709277255, 0.08959243961549576], [2.9378165287056647e-05, 0.00021977354203530725, -0.9999999754182562, -0.0026730851390081257], [0.0, 0.0, 0.0, 1.0]]}, "mean_rme": {"type": "float", "data": 0.0015135450245083648}, "max_rme": {"type": "float", "data": 0.00404329700494091}, "simu": {"type": "float", "data": 0.002}}, {"type": "dict", "image_number": {"type": "int", "data": 27}, "Hcamera2end": {"type": "ndarray", "data": [[0.9999987943471834, 0.0015396120053637824, 0.00020223514144356155, -0.015396990444095815], [-0.00020183981325199297, -0.0002569223575743518, 0.9999999466257944, 0.033535458672532506], [0.001539663881917539, -0.9999987817921453, -0.00025661129281551176, 0.032773317326589765], [0.0, 0.0, 0.0, 1.0]]}, "Hobj2base": {"type": "ndarray", "data": [[0.9999988647259225, 0.0015063923666768868, 3.645413320446774e-05, -0.7357794243460405], [0.001506400494102902, -0.9999988402994002, -0.00022395849242340662, 0.08946045965639711], [3.6116721565148504e-05, 0.000224013152693407, -0.9999999742568448, -0.002733093981890048], [0.0, 0.0, 0.0, 1.0]]}, "mean_rme": {"type": "float", "data": 0.0015083040537126587}, "max_rme": {"type": "float", "data": 0.004006950851171143}, "simu": {"type": "float", "data": 0.002}}, {"type": "dict", "image_number": {"type": "int", "data": 28}, "Hcamera2end": {"type": "ndarray", "data": [[0.9999989387750446, 0.001444667128904481, 0.00018811079486289763, -0.0155033952344726], [-0.00018768997760432345, -0.00029142016896344103, 0.9999999399233771, 0.033465763919850955], [0.001444721861393381, -0.9999989140049964, -0.0002911487101600052, 0.03267696719603031], [0.0, 0.0, 0.0, 1.0]]}, "Hobj2base": {"type": "ndarray", "data": [[0.9999989999805797, 0.001412629063903607, 6.720839529281211e-05, -0.7356103393659332], [0.001412644145071437, -0.9999989769326068, -0.0002248783194258677, 0.0894304366115418], [6.689065688423157e-05, 0.0002249730360892911, -0.9999999724563859, -0.002724002393469284], [0.0, 0.0, 0.0, 1.0]]}, "mean_rme": {"type": "float", "data": 0.001519469381193373}, "max_rme": {"type": "float", "data": 0.003953153243815399}, "simu": {"type": "float", "data": 0.002}}, {"type": "dict", "image_number": {"type": "int", "data": 29}, "Hcamera2end": {"type": "ndarray", "data": [[0.9999989806436062, 0.0014199683879201465, 0.000149671393453362, -0.015523885172252299], [-0.00014926501398884544, -0.0002862907520797542, 0.999999947878779, 0.03338489671190182], [0.0014200111634454571, -0.999998950863141, -0.00028607850864625917, 0.03275467968424573], [0.0, 0.0, 0.0, 1.0]]}, "Hobj2base": {"type": "ndarray", "data": [[0.9999990290239956, 0.0013916044594887273, 7.340363988194241e-05, -0.7356614384934219], [0.0013916237428498895, -0.999998997025243, -0.00026330944999892016, 0.08935666427619644], [7.303714365510052e-05, 0.0002634113445798338, -0.9999999626400189, -0.0026872347837978675], [0.0, 0.0, 0.0, 1.0]]}, "mean_rme": {"type": "float", "data": 0.0015014803569454531}, "max_rme": {"type": "float", "data": 0.003993995355767721}, "simu": {"type": "float", "data": 0.002}}, {"type": "dict", "image_number": {"type": "int", "data": 30}, "Hcamera2end": {"type": "ndarray", "data": [[0.9999989727195103, 0.0014268996167888328, 0.00013607868149236447, -0.015365035892581508], [-0.00013559482190565189, -0.00033918980428437884, 0.9999999332821584, 0.03334665370994281], [0.0014269456780905126, -0.999998924453302, -0.0003389959756419092, 0.032747097437916185], [0.0, 0.0, 0.0, 1.0]]}, "Hobj2base": {"type": "ndarray", "data": [[0.9999990149460624, 0.00139830188642951, 0.00012189642844388237, -0.7357079113642201], [0.0013983303865461006, -0.9999989949493326, -0.00023403515874865613, 0.08950883592333621], [0.00012156905412782649, 0.000234205379691306, -0.9999999651844025, -0.0026345237845406175], [0.0, 0.0, 0.0, 1.0]]}, "mean_rme": {"type": "float", "data": 0.0015066647038493059}, "max_rme": {"type": "float", "data": 0.003961460521977378}, "simu": {"type": "float", "data": 0.002}}]}