{"type": "list", "data": [{"type": "dict", "image_number": {"type": "int", "data": 5}, "Hcamera2end": {"type": "ndarray", "data": [[0.999984075589972, 0.005450247989294969, -0.0014640229930781568, -0.0195911906240755], [0.0014566000849843808, 0.0013656599267256597, 0.9999980066425915, 0.032968941613052756], [0.005452236482536215, -0.9999842147603228, 0.001357699347712571, 0.03866199922048889], [0.0, 0.0, 0.0, 1.0]]}, "Hobj2base": {"type": "ndarray", "data": [[0.9999875044801076, 0.004828480312242759, -0.0012948596529732304, -0.7416232007659697], [0.004832148877019061, -0.9999842775393681, 0.0028451733336890927, 0.08348298331876816], [-0.0012811014311666763, -0.002851394736387117, -0.9999951141516545, -0.0012398871790760603], [0.0, 0.0, 0.0, 1.0]]}, "mean_rme": {"type": "float", "data": 0.0016289580743340695}, "max_rme": {"type": "float", "data": 0.0036380434738708667}, "simu": {"type": "float", "data": 0.002}}, {"type": "dict", "image_number": {"type": "int", "data": 6}, "Hcamera2end": {"type": "ndarray", "data": [[0.9999833589471099, 0.005385312046542768, -0.0020688748190875205, -0.017395164219913023], [0.002078568128603655, -0.0017949790134377253, 0.9999962287953271, 0.033298037130604884], [0.005381578150547121, -0.9999838881024549, -0.0018061428810793867, 0.03685641625795058], [0.0, 0.0, 0.0, 1.0]]}, "Hobj2base": {"type": "ndarray", "data": [[0.9999854339865918, 0.005082234712253408, 0.0018173345804632923, -0.7378533891561677], [0.0050786873534029225, -0.9999851996244855, 0.0019512731087044963, 0.08487993650812319], [0.0018272245111552103, -0.001942015012283531, -0.9999964449078198, -0.0020415632369588563], [0.0, 0.0, 0.0, 1.0]]}, "mean_rme": {"type": "float", "data": 0.001580958156816265}, "max_rme": {"type": "float", "data": 0.0033339025704188785}, "simu": {"type": "float", "data": 0.002}}, {"type": "dict", "image_number": {"type": "int", "data": 7}, "Hcamera2end": {"type": "ndarray", "data": [[0.9999891305147276, 0.004456461236188702, -0.0013706953160169705, -0.017594966680384065], [0.0013739098878133306, -0.0007183469732614522, 0.9999987981739007, 0.03293971792187805], [0.004455471245465755, -0.9999898119135395, -0.0007244619413566689, 0.036026880622342855], [0.0, 0.0, 0.0, 1.0]]}, "Hobj2base": {"type": "ndarray", "data": [[0.9999906325748593, 0.004184992283443622, 0.0011048086351157233, -0.7378288822093122], [0.004183767410606298, -0.9999906334299353, 0.0011086670604967099, 0.08551978488515977], [0.0011094380499413212, -0.001104034412778461, -0.9999987751268642, -0.0016476485668643823], [0.0, 0.0, 0.0, 1.0]]}, "mean_rme": {"type": "float", "data": 0.0015345163297175101}, "max_rme": {"type": "float", "data": 0.0034931242192728362}, "simu": {"type": "float", "data": 0.002}}, {"type": "dict", "image_number": {"type": "int", "data": 8}, "Hcamera2end": {"type": "ndarray", "data": [[0.9999924624630545, 0.0038635227785759636, -0.00038497898127094277, -0.01660614905241751], [0.00038316572275434615, 0.000470056980298339, 0.9999998161152152, 0.032631650417879986], [0.0038637030301903233, -0.9999924260904053, 0.00046857306772862817, 0.035258297320392366], [0.0, 0.0, 0.0, 1.0]]}, "Hobj2base": {"type": "ndarray", "data": [[0.999993535634083, 0.0035912717761353895, -0.00017736142720675447, -0.7381488997451454], [0.003591544720573845, -0.9999923283385808, 0.0015633523290421725, 0.0870742503395458], [-0.00017174564345449135, -0.0015639792244581782, -0.9999987622354438, -0.0016948969760390495], [0.0, 0.0, 0.0, 1.0]]}, "mean_rme": {"type": "float", "data": 0.0015579473939814497}, "max_rme": {"type": "float", "data": 0.003901553832029947}, "simu": {"type": "float", "data": 0.002}}, {"type": "dict", "image_number": {"type": "int", "data": 9}, "Hcamera2end": {"type": "ndarray", "data": [[0.9999930601470943, 0.0036867003172788115, -0.0005365616651067005, -0.01649277457395875], [0.0005327717222865084, 0.0010289092369887287, 0.9999993287498118, 0.032649354467654754], [0.003687249915833972, -0.9999926747664468, 0.0010269379268323942, 0.034734481451221], [0.0, 0.0, 0.0, 1.0]]}, "Hobj2base": {"type": "ndarray", "data": [[0.9999938731527844, 0.0034290294396486457, -0.000703856515878957, -0.7379435435704177], [0.00342993004731935, -0.9999932955707358, 0.0012823390539183448, 0.08719212208803506], [-0.000699454618555237, -0.0012847453758356977, -0.9999989300957053, -0.0014039657588865533], [0.0, 0.0, 0.0, 1.0]]}, "mean_rme": {"type": "float", "data": 0.0014642123045580124}, "max_rme": {"type": "float", "data": 0.003903627606878679}, "simu": {"type": "float", "data": 0.002}}, {"type": "dict", "image_number": {"type": "int", "data": 10}, "Hcamera2end": {"type": "ndarray", "data": [[0.9999927621192573, 0.003787445851401706, -0.0003618881335213755, -0.016613416511266816], [0.0003570125174819131, 0.0012879066921038795, 0.9999991069188088, 0.03247304600732262], [0.0037879085470540075, -0.9999919982431238, 0.0012865452048106407, 0.034574318628180736], [0.0, 0.0, 0.0, 1.0]]}, "Hobj2base": {"type": "ndarray", "data": [[0.9999932948856274, 0.003541473828730836, -0.0009317440137510814, -0.7378478272558439], [0.003542692230503131, -0.9999928675429068, 0.0013092727270880642, 0.08717634420341787], [-0.0009271006130292282, -0.0013125648305430178, -0.9999987088281757, -0.0013693428508525674], [0.0, 0.0, 0.0, 1.0]]}, "mean_rme": {"type": "float", "data": 0.0014226083041907287}, "max_rme": {"type": "float", "data": 0.003829334185018185}, "simu": {"type": "float", "data": 0.002}}, {"type": "dict", "image_number": {"type": "int", "data": 11}, "Hcamera2end": {"type": "ndarray", "data": [[0.999992674556926, 0.0037945498237771554, -0.0005022191959435512, -0.016320060226139223], [0.0004990688480881981, 0.0008311309370695463, 0.9999995300757146, 0.0324933495684418], [0.00379496545053698, -0.9999924552780387, 0.0008292311070576819, 0.034460098695938204], [0.0, 0.0, 0.0, 1.0]]}, "Hobj2base": {"type": "ndarray", "data": [[0.9999931368531543, 0.003648451847979023, -0.0006442404067813124, -0.7374495273770811], [0.00364905699284868, -0.9999928997536183, 0.0009406515895628107, 0.08713329092056817], [-0.0006408039104854503, -0.0009429960036942619, -0.9999993500642315, -0.0014961179624950068], [0.0, 0.0, 0.0, 1.0]]}, "mean_rme": {"type": "float", "data": 0.001371443367909073}, "max_rme": {"type": "float", "data": 0.0037898639055375383}, "simu": {"type": "float", "data": 0.002}}, {"type": "dict", "image_number": {"type": "int", "data": 12}, "Hcamera2end": {"type": "ndarray", "data": [[0.9999935391862737, 0.003570579929635111, -0.00041538497406876703, -0.016612566969331288], [0.0004131680140466096, 0.0006216115477487572, 0.9999997214455992, 0.03250372086118558], [0.0035708371431310004, -0.9999934322574574, 0.0006201322822139144, 0.03467401658681872], [0.0, 0.0, 0.0, 1.0]]}, "Hobj2base": {"type": "ndarray", "data": [[0.9999939346221183, 0.0034527470173396175, -0.00045744618140411793, -0.7376825722925181], [0.003453151524719488, -0.9999936449515623, 0.0008864541928930109, 0.08702874611144085], [-0.00045438257224095793, -0.0008880284471921489, -0.9999995024708537, -0.0015788642594323453], [0.0, 0.0, 0.0, 1.0]]}, "mean_rme": {"type": "float", "data": 0.001338247143748335}, "max_rme": {"type": "float", "data": 0.003911451280394496}, "simu": {"type": "float", "data": 0.002}}, {"type": "dict", "image_number": {"type": "int", "data": 13}, "Hcamera2end": {"type": "ndarray", "data": [[0.9999946477533521, 0.0032589190912502945, -0.0002896739648114532, -0.017026195940795075], [0.00028697696487428224, 0.0008280121733900137, 0.9999996160199573, 0.03242594230091459], [0.0032591576934595814, -0.9999943469051198, 0.0008270725069551288, 0.03423295655790015], [0.0, 0.0, 0.0, 1.0]]}, "Hobj2base": {"type": "ndarray", "data": [[0.9999948135859038, 0.00315478748169724, -0.0006481645151935636, -0.7371842330601914], [0.0031553602502012216, -0.9999946306099856, 0.0008845636718192194, 0.0869896083812052], [-0.0006453704245468688, -0.0008866042766525556, -0.9999993987147551, -0.0012296021848341998], [0.0, 0.0, 0.0, 1.0]]}, "mean_rme": {"type": "float", "data": 0.0014476904489848367}, "max_rme": {"type": "float", "data": 0.0037242661275014854}, "simu": {"type": "float", "data": 0.002}}, {"type": "dict", "image_number": {"type": "int", "data": 14}, "Hcamera2end": {"type": "ndarray", "data": [[0.9999952946336732, 0.003058488464869371, -0.00023740013350806335, -0.01681268237845253], [0.000234711484020835, 0.0008794068001377608, 0.9999995857770139, 0.032339991526405015], [0.0030586959692649063, -0.9999949361331737, 0.0008786847998402125, 0.03399985939406221], [0.0, 0.0, 0.0, 1.0]]}, "Hobj2base": {"type": "ndarray", "data": [[0.9999953598941835, 0.002967356001343327, -0.0006891940682002717, -0.7370203646379423], [0.0029679873680414216, -0.999995175174542, 0.0009168852817794147, 0.0872964279868792], [-0.0006864700179157545, -0.0009189265466232331, -0.9999993421662416, -0.0012454155093681982], [0.0, 0.0, 0.0, 1.0]]}, "mean_rme": {"type": "float", "data": 0.0014130762458694293}, "max_rme": {"type": "float", "data": 0.003754985098415764}, "simu": {"type": "float", "data": 0.002}}, {"type": "dict", "image_number": {"type": "int", "data": 15}, "Hcamera2end": {"type": "ndarray", "data": [[0.9999958070075851, 0.0028690574232204374, -0.0003930353049529003, -0.016618197304766914], [0.0003904581848848676, 0.0008987511148723648, 0.9999995198943044, 0.03247326741105358], [0.0028694092866881384, -0.9999954803677542, 0.0008976270994619506, 0.034170221450539086], [0.0, 0.0, 0.0, 1.0]]}, "Hobj2base": {"type": "ndarray", "data": [[0.9999958536262799, 0.002787370945452365, -0.0007233902544699962, -0.7372579243952759], [0.002787916352931668, -0.9999958294566331, 0.0007540502297896348, 0.08737693085399677], [-0.0007212854198376414, -0.0007560638547355668, -0.9999994540572463, -0.0011162676293029917], [0.0, 0.0, 0.0, 1.0]]}, "mean_rme": {"type": "float", "data": 0.0014487417751870304}, "max_rme": {"type": "float", "data": 0.0038025137171860957}, "simu": {"type": "float", "data": 0.002}}, {"type": "dict", "image_number": {"type": "int", "data": 16}, "Hcamera2end": {"type": "ndarray", "data": [[0.9999961315384633, 0.002767767482855406, -0.0002763535219151552, -0.01662224060364653], [0.0002744945106030398, 0.0006720219026216112, 0.9999997365196283, 0.032443289297995205], [0.0027679524692225945, -0.9999959439166357, 0.0006712595659500442, 0.03393873418001361], [0.0, 0.0, 0.0, 1.0]]}, "Hobj2base": {"type": "ndarray", "data": [[0.9999962248391523, 0.002697031993288804, -0.0005256670720821071, -0.7369836018557411], [0.0026974064103247974, -0.9999961079016708, 0.0007128675668313409, 0.0872210708896213], [-0.000523742399499452, -0.000714282813371544, -0.999999607746904, -0.0013786896673768818], [0.0, 0.0, 0.0, 1.0]]}, "mean_rme": {"type": "float", "data": 0.0014920153836213686}, "max_rme": {"type": "float", "data": 0.003963918092170726}, "simu": {"type": "float", "data": 0.002}}, {"type": "dict", "image_number": {"type": "int", "data": 17}, "Hcamera2end": {"type": "ndarray", "data": [[0.9999950324154876, 0.0031360345082432706, -0.00031690994138314416, -0.015917189074515108], [0.00031566264080763913, 0.0003982187493958289, 0.9999998708894542, 0.032541777229642355], [0.0031361603028286717, -0.9999950033422123, 0.000397226842276055, 0.03356467915973666], [0.0, 0.0, 0.0, 1.0]]}, "Hobj2base": {"type": "ndarray", "data": [[0.9999952580908994, 0.003066167069401244, -0.00028708050798410204, -0.7362462450297477], [0.0030663353609854636, -0.9999951261308648, 0.0005876240044798089, 0.08756398594075188], [-0.00028527735541954906, -0.0005885015031332756, -0.9999997861413832, -0.0015197193153835863], [0.0, 0.0, 0.0, 1.0]]}, "mean_rme": {"type": "float", "data": 0.0015446584030862037}, "max_rme": {"type": "float", "data": 0.00432869150042281}, "simu": {"type": "float", "data": 0.002}}, {"type": "dict", "image_number": {"type": "int", "data": 18}, "Hcamera2end": {"type": "ndarray", "data": [[0.9999937181990386, 0.003526138954768444, -0.0003604254895237472, -0.015818122379772454], [0.0003591727695279913, 0.0003558935678805719, 0.9999998721673367, 0.03252702860357233], [0.0035262667771261322, -0.9999937198221995, 0.00035462483913384357, 0.033807943270091005], [0.0, 0.0, 0.0, 1.0]]}, "Hobj2base": {"type": "ndarray", "data": [[0.9999940930345267, 0.0034265029438180074, -0.00027013631829347754, -0.7363634170769058], [0.0034266440502485813, -0.9999939919420504, 0.0005236318893527341, 0.0877000396653309], [-0.00026834046908847883, -0.0005245544572850794, -0.9999998264179921, -0.0014498298410980165], [0.0, 0.0, 0.0, 1.0]]}, "mean_rme": {"type": "float", "data": 0.0015640207486331613}, "max_rme": {"type": "float", "data": 0.0042134869737942005}, "simu": {"type": "float", "data": 0.002}}, {"type": "dict", "image_number": {"type": "int", "data": 19}, "Hcamera2end": {"type": "ndarray", "data": [[0.9999950115683406, 0.003116426777555822, -0.0005145119769988547, -0.015966118510689783], [0.0005137182959538164, 0.00025547175304452274, 0.9999998354138342, 0.03270361973863297], [0.0031165577079118145, -0.9999951112972119, 0.00025386951318751017, 0.03372216518797179], [0.0, 0.0, 0.0, 1.0]]}, "Hobj2base": {"type": "ndarray", "data": [[0.9999953751839394, 0.003035909028895312, -0.0001812928583353576, -0.7363222476923409], [0.0030359713585010216, -0.9999953320788308, 0.00034452642650658005, 0.08749514352692425], [-0.00018024606118566207, -0.0003450752330606364, -0.9999999242172175, -0.001390661064187647], [0.0, 0.0, 0.0, 1.0]]}, "mean_rme": {"type": "float", "data": 0.0016047419480866407}, "max_rme": {"type": "float", "data": 0.004725311539570454}, "simu": {"type": "float", "data": 0.002}}, {"type": "dict", "image_number": {"type": "int", "data": 20}, "Hcamera2end": {"type": "ndarray", "data": [[0.9999927098601316, 0.003780084418612245, -0.0005396187348504836, -0.015300953559682345], [0.0005387807954316986, 0.00022268695924854143, 0.999999830062872, 0.032704047588038604], [0.0037802039422907725, -0.9999928306604536, 0.00022064869893956285, 0.03376609160025526], [0.0, 0.0, 0.0, 1.0]]}, "Hobj2base": {"type": "ndarray", "data": [[0.9999931785559113, 0.0036897257801025425, -0.00016960339913682547, -0.7361597661710853], [0.0036897776357054817, -0.9999931457890614, 0.00030645700596286545, 0.08798385477726725], [-0.00016847149432395764, -0.0003070807143126084, -0.9999999386593934, -0.0014262634425819265], [0.0, 0.0, 0.0, 1.0]]}, "mean_rme": {"type": "float", "data": 0.0016707692532911872}, "max_rme": {"type": "float", "data": 0.004754949494752858}, "simu": {"type": "float", "data": 0.002}}, {"type": "dict", "image_number": {"type": "int", "data": 21}, "Hcamera2end": {"type": "ndarray", "data": [[0.9999924882520426, 0.003834980528013966, -0.0005624622993867208, -0.01523696829545784], [0.000561725177064241, 0.00019328458389644698, 0.9999998235529319, 0.032672155827080294], [0.00383508856663439, -0.9999926277555347, 0.0001911289268752281, 0.03376579212676914], [0.0, 0.0, 0.0, 1.0]]}, "Hobj2base": {"type": "ndarray", "data": [[0.9999929541755316, 0.003750188667135341, -0.0001663858588908144, -0.7361813462370937], [0.0037502485520619568, -0.9999929026048515, 0.0003610757840696063, 0.0879497058193966], [-0.00016503057567123186, -0.00036169722831940084, -0.999999920970009, -0.0015199778041656577], [0.0, 0.0, 0.0, 1.0]]}, "mean_rme": {"type": "float", "data": 0.0016595751864056773}, "max_rme": {"type": "float", "data": 0.0048923484591194555}, "simu": {"type": "float", "data": 0.002}}, {"type": "dict", "image_number": {"type": "int", "data": 22}, "Hcamera2end": {"type": "ndarray", "data": [[0.9999928580769867, 0.003743306800107312, -0.000521007888376797, -0.015149280369316502], [0.000520562944137627, 0.00011983728548992101, 0.9999998573266128, 0.032705305776665604], [0.003743368702208114, -0.9999929866220189, 0.00011788780281252187, 0.033816983618243715], [0.0, 0.0, 0.0, 1.0]]}, "Hobj2base": {"type": "ndarray", "data": [[0.9999932764440992, 0.003665759788154026, -9.629003570230362e-05, -0.7361065755529431], [0.003665793267871847, -0.999993219758565, 0.00034985227729277863, 0.08805311229876724], [-9.500690842271977e-05, -0.0003502029044060759, -0.9999999341658046, -0.0014922857924784085], [0.0, 0.0, 0.0, 1.0]]}, "mean_rme": {"type": "float", "data": 0.0016413991836111003}, "max_rme": {"type": "float", "data": 0.004812478803013831}, "simu": {"type": "float", "data": 0.002}}, {"type": "dict", "image_number": {"type": "int", "data": 23}, "Hcamera2end": {"type": "ndarray", "data": [[0.9999934501662358, 0.0035787149230884297, -0.0005407625426050824, -0.015032575949412007], [0.000540066667349305, 0.00019541188116922736, 0.9999998350710821, 0.032679808200536495], [0.0035788200042805663, -0.9999935772862223, 0.00019347785661205652, 0.03350866088219312], [0.0, 0.0, 0.0, 1.0]]}, "Hobj2base": {"type": "ndarray", "data": [[0.9999938583945107, 0.003500887998070719, -0.00016418429937247868, -0.7358962328143148], [0.003500937277426303, -0.9999938264519392, 0.0003008258431722147, 0.08829069952418778], [-0.00016313012818894459, -0.00030139879455260614, -0.9999999412736622, -0.0014035479428826055], [0.0, 0.0, 0.0, 1.0]]}, "mean_rme": {"type": "float", "data": 0.0016330472007478082}, "max_rme": {"type": "float", "data": 0.004757226256841163}, "simu": {"type": "float", "data": 0.002}}, {"type": "dict", "image_number": {"type": "int", "data": 24}, "Hcamera2end": {"type": "ndarray", "data": [[0.9999942440489188, 0.003360456536878179, -0.0004681889525102352, -0.015019802360799587], [0.0004675637234453599, 0.00018683800348795465, 0.9999998732378546, 0.03276422824606427], [0.0033605435863886405, -0.9999943361956729, 0.0001852657004867142, 0.0335707939674558], [0.0, 0.0, 0.0, 1.0]]}, "Hobj2base": {"type": "ndarray", "data": [[0.9999946331975654, 0.003272422719466954, -0.00015756145390532245, -0.73582671342849], [0.0032724840923214426, -0.9999945690282666, 0.00039084758776663077, 0.08833758700229666], [-0.0001562815796674636, -0.00039136110751631335, -0.9999999112062716, -0.0012676297114328102], [0.0, 0.0, 0.0, 1.0]]}, "mean_rme": {"type": "float", "data": 0.0016752026712104273}, "max_rme": {"type": "float", "data": 0.004964684961964283}, "simu": {"type": "float", "data": 0.002}}, {"type": "dict", "image_number": {"type": "int", "data": 25}, "Hcamera2end": {"type": "ndarray", "data": [[0.9999945540784051, 0.0032709647872675735, -0.0004388654602635845, -0.015404952475189443], [0.00043820223932928594, 0.00020347395096087517, 0.9999998832885678, 0.03267100077666485], [0.003271053703197728, -0.9999946296794359, 0.0002020394987630736, 0.0335211547836529], [0.0, 0.0, 0.0, 1.0]]}, "Hobj2base": {"type": "ndarray", "data": [[0.9999949349216527, 0.003177431620568725, -0.00018455171678119812, -0.7356320717061903], [0.003177507230779583, -0.9999948673083225, 0.00041085862512732995, 0.08803060032970368], [-0.0001832452943470743, -0.00041144295851072905, -0.9999998985679224, -0.0012147504085370175], [0.0, 0.0, 0.0, 1.0]]}, "mean_rme": {"type": "float", "data": 0.0016991695451872473}, "max_rme": {"type": "float", "data": 0.0050081507457161445}, "simu": {"type": "float", "data": 0.002}}, {"type": "dict", "image_number": {"type": "int", "data": 26}, "Hcamera2end": {"type": "ndarray", "data": [[0.9999945537395635, 0.0032705084728324846, -0.0004430186682845942, -0.015633084314100487], [0.0004422100849106841, 0.00024795374701136463, 0.9999998714845818, 0.03263175021051263], [0.003270617900660518, -0.9999946211321681, 0.0002465061447611827, 0.03368227439608007], [0.0, 0.0, 0.0, 1.0]]}, "Hobj2base": {"type": "ndarray", "data": [[0.9999949120819243, 0.0031820294552895186, -0.0002247194033074342, -0.7357095398584887], [0.0031821159557504012, -0.9999948627029758, 0.0003856237813404306, 0.0877406042696618], [-0.00022349118262622692, -0.0003863369025170544, -0.9999999003977393, -0.001191042324631182], [0.0, 0.0, 0.0, 1.0]]}, "mean_rme": {"type": "float", "data": 0.0016999963888276104}, "max_rme": {"type": "float", "data": 0.005029610987916211}, "simu": {"type": "float", "data": 0.002}}, {"type": "dict", "image_number": {"type": "int", "data": 27}, "Hcamera2end": {"type": "ndarray", "data": [[0.9999940490254031, 0.0034222262639221927, -0.0004362123085533123, -0.015523038728946961], [0.0004352948523964665, 0.0002688277820397378, 0.9999998691249988, 0.03265404035060025], [0.0034223430820257334, -0.9999941080321534, 0.0002673365047760612, 0.03372222468027294], [0.0, 0.0, 0.0, 1.0]]}, "Hobj2base": {"type": "ndarray", "data": [[0.9999944213202526, 0.003331879358107476, -0.0002364493946033653, -0.7358400953758741], [0.003331966988605668, -0.9999943800916216, 0.00037118884698922485, 0.08773813960648554], [-0.0002352113093221884, -0.0003719746178228159, -0.9999999031552569, -0.0012054022441099785], [0.0, 0.0, 0.0, 1.0]]}, "mean_rme": {"type": "float", "data": 0.0016808248401433707}, "max_rme": {"type": "float", "data": 0.005024755849490914}, "simu": {"type": "float", "data": 0.002}}, {"type": "dict", "image_number": {"type": "int", "data": 28}, "Hcamera2end": {"type": "ndarray", "data": [[0.9999945124202613, 0.00328481549214982, -0.0004302517245884658, -0.01568677871046919], [0.00042959046780689726, 0.00020201004141295886, 0.9999998873219802, 0.032676436619260694], [0.003284902037192017, -0.9999945845748994, 0.00020059780744285938, 0.0338425816105164], [0.0, 0.0, 0.0, 1.0]]}, "Hobj2base": {"type": "ndarray", "data": [[0.9999948662081654, 0.003199240007307516, -0.0001800574608203831, -0.7359842547325484], [0.003199300897444813, -0.9999948247953052, 0.0003389046702216598, 0.08765603125648437], [-0.00017897229160652992, -0.00033947898835162536, -0.9999999263614654, -0.0012590356423199567], [0.0, 0.0, 0.0, 1.0]]}, "mean_rme": {"type": "float", "data": 0.0016494405975686387}, "max_rme": {"type": "float", "data": 0.005045580399609895}, "simu": {"type": "float", "data": 0.002}}, {"type": "dict", "image_number": {"type": "int", "data": 29}, "Hcamera2end": {"type": "ndarray", "data": [[0.9999958837310232, 0.0028355460690007465, -0.00043840563456536835, -0.01571622298066296], [0.0004376309475486197, 0.00027382027565270306, 0.9999998667507962, 0.03268063691648305], [0.0028356657355181948, -0.9999959423422412, 0.000272578225821829, 0.03379060279743035], [0.0, 0.0, 0.0, 1.0]]}, "Hobj2base": {"type": "ndarray", "data": [[0.9999961978906693, 0.0027544640757752193, -0.00013088873413718595, -0.735980695923087], [0.0027545084074709686, -0.9999961486250308, 0.00033973304058953536, 0.08776538182676324], [-0.00012995244757993375, -0.00034009228300599587, -0.9999999337247982, -0.0012437779766083167], [0.0, 0.0, 0.0, 1.0]]}, "mean_rme": {"type": "float", "data": 0.0016292399616488226}, "max_rme": {"type": "float", "data": 0.005039717209505523}, "simu": {"type": "float", "data": 0.002}}, {"type": "dict", "image_number": {"type": "int", "data": 30}, "Hcamera2end": {"type": "ndarray", "data": [[0.9999965279322122, 0.002620265515197767, -0.0002798788136484445, -0.015584879856035154], [0.0002790816265269471, 0.0003045997529926847, 0.9999999146662144, 0.03331172252019909], [0.0026203505426180967, -0.9999965207077575, 0.00030386742743970796, 0.03382139552475958], [0.0, 0.0, 0.0, 1.0]]}, "Hobj2base": {"type": "ndarray", "data": [[0.9999967130905199, 0.002560013856702719, -0.0001419056376877257, -0.7359488673240605], [0.002560072121915168, -0.9999966381617607, 0.00041194162930188857, 0.08801539650422033], [-0.00014085058434476115, -0.0004123035639540289, -0.999999905083437, -0.0017374460395132277], [0.0, 0.0, 0.0, 1.0]]}, "mean_rme": {"type": "float", "data": 0.0016431233484551023}, "max_rme": {"type": "float", "data": 0.004907859757480482}, "simu": {"type": "float", "data": 0.002}}]}