{"type": "list", "data": [{"type": "dict", "image_number": {"type": "int", "data": 5}, "Hcamera2end": {"type": "ndarray", "data": [[0.9999947847230972, 0.00023161451487196862, -0.0032213167064056364, -0.013444157640722945], [0.003221578481409629, -0.0011388708929351843, 0.9999941621855486, 0.02813682389746644], [0.00022794449891555546, -0.9999993246636747, -0.0011396111177450763, 0.031343453112919986], [0.0, 0.0, 0.0, 1.0]]}, "Hobj2base": {"type": "ndarray", "data": [[0.9999967469034541, 0.0012794856425874083, 0.002206603498503643, -0.7330946717786637], [0.0012827959674811256, -0.9999980530733104, -0.0014994279224049218, 0.09220799594803435], [0.002204680705909587, 0.001502253666690837, -0.999996441302121, 0.005736345616605809], [0.0, 0.0, 0.0, 1.0]]}, "mean_rme": {"type": "float", "data": 0.0015837836091749905}, "max_rme": {"type": "float", "data": 0.005314002866382381}, "simu": {"type": "float", "data": 0.002}}, {"type": "dict", "image_number": {"type": "int", "data": 6}, "Hcamera2end": {"type": "ndarray", "data": [[0.9999994603288538, 0.0002871673094772119, -0.0009984372477168835, -0.016237239699645547], [0.0009979895394520116, 0.0015549908108264399, 0.9999982930087716, 0.028063117884019884], [0.00028871938003052007, -0.9999987497684757, 0.0015547033816718514, 0.030807973747073735], [0.0, 0.0, 0.0, 1.0]]}, "Hobj2base": {"type": "ndarray", "data": [[0.9999998889578132, -0.0001766614082305192, -0.0004368925589073664, -0.7336877912909037], [-0.00017641827805723074, -0.9999998296062282, 0.0005564747126025389, 0.09117472806990105], [-0.0004369907920699685, -0.0005563975749774314, -0.9999997497303617, 0.00746202245489395], [0.0, 0.0, 0.0, 1.0]]}, "mean_rme": {"type": "float", "data": 0.001415746396437031}, "max_rme": {"type": "float", "data": 0.006157811446345862}, "simu": {"type": "float", "data": 0.002}}, {"type": "dict", "image_number": {"type": "int", "data": 7}, "Hcamera2end": {"type": "ndarray", "data": [[0.9999995820046137, 0.00038121490802898653, -0.000831063049229032, -0.015873410011001912], [0.0008300635339955694, 0.002614628064132707, 0.9999962373502292, 0.028149575791675274], [0.00038338639442237816, -0.9999965091915474, 0.0026143105386363663, 0.03068930259273801], [0.0, 0.0, 0.0, 1.0]]}, "Hobj2base": {"type": "ndarray", "data": [[0.9999989124686949, -0.000653497025188883, -0.0013221206698294204, -0.7340395048511483], [-0.000652702485455892, -0.9999996062083252, 0.0006013008069765735, 0.09172535256897944], [-0.00132251309747791, -0.0006004372015958518, -0.999998945216581, 0.0075991456451614935], [0.0, 0.0, 0.0, 1.0]]}, "mean_rme": {"type": "float", "data": 0.0013803038468344715}, "max_rme": {"type": "float", "data": 0.0059571380251202954}, "simu": {"type": "float", "data": 0.002}}, {"type": "dict", "image_number": {"type": "int", "data": 8}, "Hcamera2end": {"type": "ndarray", "data": [[0.9999993293057864, 0.0004414978533478624, -0.0010707322834769717, -0.013538247937963523], [0.0010696690881475243, 0.002401399841405527, 0.9999965445374519, 0.027863088453208666], [0.00044406758410429464, -0.9999970191747811, 0.00240092597419439, 0.031039758822865752], [0.0, 0.0, 0.0, 1.0]]}, "Hobj2base": {"type": "ndarray", "data": [[0.9999989647789195, -0.0005066508968413076, -0.001346753859511649, -0.7332637701120075], [-0.0005062900688338808, -0.9999998358556914, 0.0002682516654148827, 0.09340337424470274], [-0.0013468895483965296, -0.00026756953961086933, -0.9999990571470982, 0.006388080992477729], [0.0, 0.0, 0.0, 1.0]]}, "mean_rme": {"type": "float", "data": 0.0016104268000824353}, "max_rme": {"type": "float", "data": 0.0057208376841565295}, "simu": {"type": "float", "data": 0.002}}, {"type": "dict", "image_number": {"type": "int", "data": 9}, "Hcamera2end": {"type": "ndarray", "data": [[0.9999988769866107, 0.0007719997644267901, -0.0012845395599810116, -0.014690323938532245], [0.0012831614672469376, 0.0017829468232009038, 0.9999975872957269, 0.027888330773363442], [0.000774288167547404, -0.9999981125567136, 0.0017819542205773642, 0.03141048515988754], [0.0, 0.0, 0.0, 1.0]]}, "Hobj2base": {"type": "ndarray", "data": [[0.9999993753812194, 1.712105750096578e-05, -0.0011175616495284735, -0.7339380105458287], [1.6889905314479534e-05, -0.9999999784648779, -0.00020684529361916592, 0.09220954877603368], [-0.0011175651668718124, 0.00020682628890926718, -0.9999993541352836, 0.0065363612048159325], [0.0, 0.0, 0.0, 1.0]]}, "mean_rme": {"type": "float", "data": 0.001693425651422283}, "max_rme": {"type": "float", "data": 0.0060198303534408915}, "simu": {"type": "float", "data": 0.002}}, {"type": "dict", "image_number": {"type": "int", "data": 10}, "Hcamera2end": {"type": "ndarray", "data": [[0.9999986337056613, 0.0011137159597394682, -0.0012215660324209972, -0.014942910610243793], [0.001219802126499292, 0.001583108290909463, 0.9999980029234613, 0.027828226153623375], [0.0011156476068772733, -0.9999981267006953, 0.0015817476148215492, 0.03180457279010614], [0.0, 0.0, 0.0, 1.0]]}, "Hobj2base": {"type": "ndarray", "data": [[0.9999992612083015, 0.00039615323030900266, -0.001149193399415835, -0.7341456751185838], [0.0003960989032912053, -0.9999999204246419, -4.750125468126757e-05, 0.09188683915303222], [-0.001149212125743844, 4.704602534255683e-05, -0.9999993385488624, 0.006788902108488465], [0.0, 0.0, 0.0, 1.0]]}, "mean_rme": {"type": "float", "data": 0.001615048551898957}, "max_rme": {"type": "float", "data": 0.0062162615494449625}, "simu": {"type": "float", "data": 0.002}}, {"type": "dict", "image_number": {"type": "int", "data": 11}, "Hcamera2end": {"type": "ndarray", "data": [[0.999998691857888, 0.0011669506907495053, -0.0011200484802037466, -0.014775326559764825], [0.0011180154119171124, 0.001741403942399189, 0.9999978587746317, 0.027869007544742436], [0.0011688986488841877, -0.9999978028667837, 0.0017400969955382317, 0.031781835523408075], [0.0, 0.0, 0.0, 1.0]]}, "Hobj2base": {"type": "ndarray", "data": [[0.9999990291482652, 0.00038235298420670764, -0.00133996594080237, -0.7342843034822647], [0.0003823101681402505, -0.9999999264007517, -3.2209096321622136e-05, 0.0920815779713263], [-0.0013399781574259817, 3.169678244723473e-05, -0.9999991017265222, 0.006818901589919294], [0.0, 0.0, 0.0, 1.0]]}, "mean_rme": {"type": "float", "data": 0.0015794277214625297}, "max_rme": {"type": "float", "data": 0.006148035172292718}, "simu": {"type": "float", "data": 0.002}}, {"type": "dict", "image_number": {"type": "int", "data": 12}, "Hcamera2end": {"type": "ndarray", "data": [[0.9999988916881881, 0.0010235765889397856, -0.0010811629673648962, -0.01462783881141588], [0.0010794126073134858, 0.0017090538994174453, 0.9999979569995091, 0.027653397734115234], [0.0010254222635575926, -0.9999980157108991, 0.001707947143778088, 0.031641271434142304], [0.0, 0.0, 0.0, 1.0]]}, "Hobj2base": {"type": "ndarray", "data": [[0.9999991182248329, 0.00035855294962234456, -0.001278667016502198, -0.7342002783459529], [0.00035851285415984134, -0.9999999352354172, -3.158630681926027e-05, 0.09213434901239448], [-0.0012786782590533399, 3.112786040563304e-05, -0.9999991820061485, 0.00649860237610117], [0.0, 0.0, 0.0, 1.0]]}, "mean_rme": {"type": "float", "data": 0.0016766849398832102}, "max_rme": {"type": "float", "data": 0.006386235526360598}, "simu": {"type": "float", "data": 0.002}}, {"type": "dict", "image_number": {"type": "int", "data": 13}, "Hcamera2end": {"type": "ndarray", "data": [[0.9999992449626678, 0.0009716964174418954, -0.0007522500692109685, -0.01448166043737587], [0.0007507003456348301, 0.001594245303756514, 0.9999984474142459, 0.02786980389078063], [0.0009728941799399706, -0.9999982570924729, 0.001593514647205363, 0.03169009931410977], [0.0, 0.0, 0.0, 1.0]]}, "Hobj2base": {"type": "ndarray", "data": [[0.9999993232821798, 0.0004391120778523703, -0.0010773187855153965, -0.7340613250283398], [0.0004389921384877502, -0.9999998974195372, -0.00011156530055841275, 0.09199386309529015], [-0.0010773676646744818, 0.0001110922905826993, -0.9999994134685364, 0.006104826375118888], [0.0, 0.0, 0.0, 1.0]]}, "mean_rme": {"type": "float", "data": 0.0016451047349371301}, "max_rme": {"type": "float", "data": 0.006577072899156905}, "simu": {"type": "float", "data": 0.002}}, {"type": "dict", "image_number": {"type": "int", "data": 14}, "Hcamera2end": {"type": "ndarray", "data": [[0.9999992807068682, 0.0009080200122571867, -0.0007836360147670039, -0.014482322463635547], [0.0007822481836916123, 0.0015277630851505686, 0.9999985270127826, 0.027862484127039615], [0.0009092158849308711, -0.9999984207185594, 0.0015270516892357255, 0.03178186399917771], [0.0, 0.0, 0.0, 1.0]]}, "Hobj2base": {"type": "ndarray", "data": [[0.9999993243170965, 0.00038446900778448787, -0.0010970637778306017, -0.7340302366484553], [0.00038431180201438023, -0.9999999158555102, -0.00014350404712542926, 0.09202451410246178], [-0.0010971188583773412, 0.00014308233560481523, -0.9999993879286406, 0.00601008720889049], [0.0, 0.0, 0.0, 1.0]]}, "mean_rme": {"type": "float", "data": 0.0015829102248484217}, "max_rme": {"type": "float", "data": 0.0065342712685349524}, "simu": {"type": "float", "data": 0.002}}, {"type": "dict", "image_number": {"type": "int", "data": 15}, "Hcamera2end": {"type": "ndarray", "data": [[0.9999992907142747, 0.0009061478146205313, -0.0007729599507833768, -0.01449182125811048], [0.0007715619426886427, 0.0015421392960855984, 0.999998513248175, 0.027833282908426103], [0.0009073384793180176, -0.9999984003499856, 0.0015414390531000022, 0.03180527479589423], [0.0, 0.0, 0.0, 1.0]]}, "Hobj2base": {"type": "ndarray", "data": [[0.9999993108595077, 0.0003869327635185292, -0.0011084058581161593, -0.7340304843379608], [0.00038675350529438813, -0.9999999120992353, -0.000161935935868712, 0.0919864489249885], [-0.0011084684190056156, 0.0001615071444211862, -0.9999993726064063, 0.006021230510633413], [0.0, 0.0, 0.0, 1.0]]}, "mean_rme": {"type": "float", "data": 0.0015032791013312476}, "max_rme": {"type": "float", "data": 0.006597845965003679}, "simu": {"type": "float", "data": 0.002}}, {"type": "dict", "image_number": {"type": "int", "data": 16}, "Hcamera2end": {"type": "ndarray", "data": [[0.9999993519521206, 0.0009060520699355191, -0.0006893221201917507, -0.014407803088645936], [0.0006878754904933961, 0.0015959728378951432, 0.9999984898478649, 0.02786800833661389], [0.0009071508410394375, -0.9999983159687558, 0.001595348552616338, 0.031916654495907394], [0.0, 0.0, 0.0, 1.0]]}, "Hobj2base": {"type": "ndarray", "data": [[0.9999992752922084, 0.0003839696467437651, -0.0011410444199078749, -0.7341277028716533], [0.00038379202898151883, -0.9999999142029645, -0.00015587732848915494, 0.09201286699752324], [-0.0011411041741724018, 0.000155439291770566, -0.9999993368597251, 0.006216066405843459], [0.0, 0.0, 0.0, 1.0]]}, "mean_rme": {"type": "float", "data": 0.0015311288015841355}, "max_rme": {"type": "float", "data": 0.006635615961846891}, "simu": {"type": "float", "data": 0.002}}, {"type": "dict", "image_number": {"type": "int", "data": 17}, "Hcamera2end": {"type": "ndarray", "data": [[0.9999992734000429, 0.0007606926312246408, -0.0009351716992847935, -0.01439637239417584], [0.0009341047214639676, 0.001401787914328878, 0.9999985812185002, 0.027871712499015572], [0.0007620024643538884, -0.9999987281678735, 0.0014010763292113815, 0.03174756065264232], [0.0, 0.0, 0.0, 1.0]]}, "Hobj2base": {"type": "ndarray", "data": [[0.9999993595191653, 0.0003165125018412202, -0.0010866375179177344, -0.7339692789565581], [0.00031600124343983556, -0.9999998393228173, -0.0004706352664572599, 0.09180963049249914], [-0.0010867863052655205, 0.00047029158621756127, -0.9999992988604296, 0.006303095326235366], [0.0, 0.0, 0.0, 1.0]]}, "mean_rme": {"type": "float", "data": 0.0015097060995975665}, "max_rme": {"type": "float", "data": 0.006714918502478157}, "simu": {"type": "float", "data": 0.002}}, {"type": "dict", "image_number": {"type": "int", "data": 18}, "Hcamera2end": {"type": "ndarray", "data": [[0.99999925696028, 0.0007352588574638861, -0.000972354513732759, -0.014241048465047495], [0.0009713526461105611, 0.001361736906676958, 0.9999986010723387, 0.027791772515643125], [0.000736581919917656, -0.9999988025327882, 0.001361021699215481, 0.03214971719845314], [0.0, 0.0, 0.0, 1.0]]}, "Hobj2base": {"type": "ndarray", "data": [[0.9999993755022936, 0.00030175010139780366, -0.0010760770879771002, -0.7342013122350134], [0.00030118986220357345, -0.9999998190493551, -0.0005207551494159947, 0.09196996107512131], [-0.0010762340311793958, 0.0005204307206957499, -0.999999285435833, 0.005894328800324696], [0.0, 0.0, 0.0, 1.0]]}, "mean_rme": {"type": "float", "data": 0.0015602016447171284}, "max_rme": {"type": "float", "data": 0.006849022694351392}, "simu": {"type": "float", "data": 0.002}}, {"type": "dict", "image_number": {"type": "int", "data": 19}, "Hcamera2end": {"type": "ndarray", "data": [[0.9999992927414604, 0.0006702113711785837, -0.0009825137642959086, -0.014196228510473047], [0.0009816348668051438, 0.0013104444368645662, 0.9999986595632847, 0.02773075519570633], [0.0006714980024992192, -0.9999989167754612, 0.001309785607191416, 0.03214670392145528], [0.0, 0.0, 0.0, 1.0]]}, "Hobj2base": {"type": "ndarray", "data": [[0.9999993703676846, 0.00025445184049892284, -0.0010929402980959448, -0.7341823546726234], [0.0002538405938567999, -0.9999998113348312, -0.0005593704095542888, 0.09192644865289473], [-0.0010930824247264107, 0.000559092624742284, -0.9999992462928409, 0.005920327806468184], [0.0, 0.0, 0.0, 1.0]]}, "mean_rme": {"type": "float", "data": 0.0015136373843513639}, "max_rme": {"type": "float", "data": 0.006823264004288954}, "simu": {"type": "float", "data": 0.002}}, {"type": "dict", "image_number": {"type": "int", "data": 20}, "Hcamera2end": {"type": "ndarray", "data": [[0.999999561438913, 0.00010569362097404412, -0.0009305647962850641, -0.014125901377497432], [0.0009304276794723056, 0.0012900282610387448, 0.9999987350649097, 0.028587395616179245], [0.0001068939421644098, -0.9999991623276215, 0.0012899293550120428, 0.03205773587832257], [0.0, 0.0, 0.0, 1.0]]}, "Hobj2base": {"type": "ndarray", "data": [[0.9999996733904511, -0.00019515635425642686, -0.0007843041427951535, -0.7341571323195681], [-0.0001955825622915693, -0.9999998332417548, -0.0005433819314306684, 0.09151812410061896], [-0.0007841979675692644, 0.0005435351501708048, -0.9999995448014403, 0.005132037719507815], [0.0, 0.0, 0.0, 1.0]]}, "mean_rme": {"type": "float", "data": 0.0015047596460559603}, "max_rme": {"type": "float", "data": 0.0069013372940002204}, "simu": {"type": "float", "data": 0.002}}, {"type": "dict", "image_number": {"type": "int", "data": 21}, "Hcamera2end": {"type": "ndarray", "data": [[0.9999996289105739, 0.0001675032696121728, -0.0008450570211830681, -0.013988302280512096], [0.0008448409725897371, 0.0012857184957935086, 0.99999881658514, 0.028654747827229248], [0.0001685895768284496, -0.9999991594349488, 0.0012855765050517887, 0.03208028008789449], [0.0, 0.0, 0.0, 1.0]]}, "Hobj2base": {"type": "ndarray", "data": [[0.9999996519173259, -0.000139478972372069, -0.000822624363459936, -0.7342362451959762], [-0.00013986700170855307, -0.999999878987873, -0.00047165820401834553, 0.09170851827680922], [-0.0008225584775108046, 0.0004717730978455461, -0.9999995504137467, 0.0051867360011365], [0.0, 0.0, 0.0, 1.0]]}, "mean_rme": {"type": "float", "data": 0.001552579594129268}, "max_rme": {"type": "float", "data": 0.007040753534279798}, "simu": {"type": "float", "data": 0.002}}, {"type": "dict", "image_number": {"type": "int", "data": 22}, "Hcamera2end": {"type": "ndarray", "data": [[0.9999996694966584, -4.1511417344169846e-05, -0.0008119626691445044, -0.013844176811072074], [0.0008120098371717497, 0.0011491651606797548, 0.9999990100292392, 0.02873159205884034], [-4.057829703792674e-05, -0.9999993388478995, 0.0011491984885561024, 0.0321829635295246], [0.0, 0.0, 0.0, 1.0]]}, "Hobj2base": {"type": "ndarray", "data": [[0.999999778936948, -0.0002678205665307044, -0.00060860348279539, -0.7341629898858909], [-0.00026813434459408586, -0.9999998311573566, -0.0005155475070175446, 0.09184857272206357], [-0.0006084653058117661, 0.0005157105805450163, -0.999999681906234, 0.005029655990216025], [0.0, 0.0, 0.0, 1.0]]}, "mean_rme": {"type": "float", "data": 0.0015199283687333499}, "max_rme": {"type": "float", "data": 0.0069937328086543404}, "simu": {"type": "float", "data": 0.002}}, {"type": "dict", "image_number": {"type": "int", "data": 23}, "Hcamera2end": {"type": "ndarray", "data": [[0.9999995706667036, 5.2460168546286624e-05, -0.0009251563862805533, -0.01383935563942503], [0.0009250946069061772, 0.00116568650393567, 0.9999988926868586, 0.02884253649612846], [5.353855276996999e-05, -0.9999993192112211, 0.0011656374728485908, 0.03242255387608136], [0.0, 0.0, 0.0, 1.0]]}, "Hobj2base": {"type": "ndarray", "data": [[0.9999996834174991, -0.00022716312867202945, -0.0007626020027349285, -0.7343442543694373], [-0.00022758702901713666, -0.9999998196342492, -0.0005558197670141434, 0.09193221270468598], [-0.0007624756034303931, 0.0005559931493754564, -0.9999995547511868, 0.004829089218996037], [0.0, 0.0, 0.0, 1.0]]}, "mean_rme": {"type": "float", "data": 0.0015635079192938392}, "max_rme": {"type": "float", "data": 0.006737833406439631}, "simu": {"type": "float", "data": 0.002}}, {"type": "dict", "image_number": {"type": "int", "data": 24}, "Hcamera2end": {"type": "ndarray", "data": [[0.9999994714339149, 7.30486467849788e-05, -0.0010255709561413256, -0.013828883630137255], [0.0010254829662985927, 0.001194558674641133, 0.9999987607063613, 0.028883689353970378], [7.42736609383741e-05, -0.9999992838464774, 0.0011944831330950034, 0.03249982504983955], [0.0, 0.0, 0.0, 1.0]]}, "Hobj2base": {"type": "ndarray", "data": [[0.9999996017220947, -0.0002484719409507171, -0.0008572148776872733, -0.7344245462998664], [-0.00024897655245484786, -0.9999997957759363, -0.0005886074767877589, 0.09196959780021928], [-0.0008570684501811521, 0.0005888206687633655, -0.9999994593617998, 0.004784036510096126], [0.0, 0.0, 0.0, 1.0]]}, "mean_rme": {"type": "float", "data": 0.0015429637251470766}, "max_rme": {"type": "float", "data": 0.006661713901990329}, "simu": {"type": "float", "data": 0.002}}, {"type": "dict", "image_number": {"type": "int", "data": 25}, "Hcamera2end": {"type": "ndarray", "data": [[0.9999994486235999, -5.450195367855278e-05, -0.001048704931384673, -0.013753784558730449], [0.0010487666389788007, 0.0011447893715863522, 0.9999987947721898, 0.02884868349015106], [-5.330134173190293e-05, -0.9999993432432004, 0.0011448459002072475, 0.03246939358462352], [0.0, 0.0, 0.0, 1.0]]}, "Hobj2base": {"type": "ndarray", "data": [[0.999999664178922, -0.00035279338271862384, -0.0007397153994663672, -0.7344359976745782], [-0.0003531955443434278, -0.9999997898701789, -0.0005436106197006319, 0.09205243123720404], [-0.0007395234618006965, 0.0005438717013279014, -0.9999995786542224, 0.0047237982029561575], [0.0, 0.0, 0.0, 1.0]]}, "mean_rme": {"type": "float", "data": 0.0015266804411728295}, "max_rme": {"type": "float", "data": 0.006626939293666645}, "simu": {"type": "float", "data": 0.002}}, {"type": "dict", "image_number": {"type": "int", "data": 26}, "Hcamera2end": {"type": "ndarray", "data": [[0.9999993705786178, 6.662915520197227e-05, -0.0011200013053388048, -0.013707950997415803], [0.001119918894009815, 0.0012243058849300548, 0.9999986234274381, 0.028851497638383412], [6.800028767136126e-05, -0.9999992483175455, 0.0012242304950760285, 0.032601939690358704], [0.0, 0.0, 0.0, 1.0]]}, "Hobj2base": {"type": "ndarray", "data": [[0.9999995716464279, -0.00029787806441769845, -0.0008763421816640343, -0.734524848159025], [-0.00029835698304985636, -0.9999998062055864, -0.0005464173321819931, 0.09213116607848928], [-0.0008761792460965402, 0.0005466785609316177, -0.9999994667260979, 0.0046237208103334865], [0.0, 0.0, 0.0, 1.0]]}, "mean_rme": {"type": "float", "data": 0.0015473270336885956}, "max_rme": {"type": "float", "data": 0.006444794571942636}, "simu": {"type": "float", "data": 0.002}}, {"type": "dict", "image_number": {"type": "int", "data": 27}, "Hcamera2end": {"type": "ndarray", "data": [[0.9999991337985119, 0.00019535176599587705, -0.0013016297143961018, -0.01353469607018917], [0.0013013691692763138, 0.0013279759423832083, 0.9999982714575969, 0.028819827728409412], [0.00019707996126867508, -0.9999990991583861, 0.0013277205673229986, 0.03262008246269326], [0.0, 0.0, 0.0, 1.0]]}, "Hobj2base": {"type": "ndarray", "data": [[0.9999993519616359, -0.0002477819346141864, -0.001111161743931195, -0.73456161861128], [-0.000248522139553989, -0.9999997472967159, -0.0006660655006102827, 0.09219859360576568], [-0.0011109964241386519, 0.0006663412172682777, -0.999999160837812, 0.004591913304700774], [0.0, 0.0, 0.0, 1.0]]}, "mean_rme": {"type": "float", "data": 0.001519057253405345}, "max_rme": {"type": "float", "data": 0.006399568544182943}, "simu": {"type": "float", "data": 0.002}}, {"type": "dict", "image_number": {"type": "int", "data": 28}, "Hcamera2end": {"type": "ndarray", "data": [[0.9999990701507517, 0.00016839972175424725, -0.0013532698051918405, -0.013485688715511526], [0.0013530457019988846, 0.0013238544305727018, 0.9999982083367827, 0.028758417250494443], [0.00017019095226602382, -0.999999109525094, 0.0013236253470678694, 0.03261304760044972], [0.0, 0.0, 0.0, 1.0]]}, "Hobj2base": {"type": "ndarray", "data": [[0.9999993698248191, -0.0003109505733312989, -0.0010787305992588782, -0.7345566626495056], [-0.0003116236030516534, -0.9999997568839707, -0.00062379702626883, 0.09222602704288534], [-0.001078536366959217, 0.0006241327910834893, -0.9999992236084809, 0.004666612176846907], [0.0, 0.0, 0.0, 1.0]]}, "mean_rme": {"type": "float", "data": 0.001488611506879099}, "max_rme": {"type": "float", "data": 0.006445439700177968}, "simu": {"type": "float", "data": 0.002}}, {"type": "dict", "image_number": {"type": "int", "data": 29}, "Hcamera2end": {"type": "ndarray", "data": [[0.9999989453209225, 0.0002702080446998831, -0.0014270054853584005, -0.013463997372938276], [0.0014266378434339153, 0.001355927707691773, 0.9999980630803817, 0.028755141571055604], [0.00027214243760524627, -0.9999990442233753, 0.0013555407886011173, 0.032690872059053716], [0.0, 0.0, 0.0, 1.0]]}, "Hobj2base": {"type": "ndarray", "data": [[0.9999993582320901, -0.00026433506285804487, -0.0011016634615560522, -0.7344780974982457], [-0.0002649509939295508, -0.9999998086692348, -0.0005589834204180416, 0.09230363030600723], [-0.0011015154918563664, 0.0005592749485095355, -0.9999992369372854, 0.004761424510287127], [0.0, 0.0, 0.0, 1.0]]}, "mean_rme": {"type": "float", "data": 0.0015475009768483442}, "max_rme": {"type": "float", "data": 0.006507113217931959}, "simu": {"type": "float", "data": 0.002}}, {"type": "dict", "image_number": {"type": "int", "data": 30}, "Hcamera2end": {"type": "ndarray", "data": [[0.9999985782630759, 0.0009829924314509932, -0.0013701086477013542, -0.013570749677578303], [0.0013688077252379297, 0.0013228852025788385, 0.9999981881684348, 0.02862706668996166], [0.000984803146890247, -0.999998641849388, 0.0013215377941501183, 0.032754498537757665], [0.0, 0.0, 0.0, 1.0]]}, "Hobj2base": {"type": "ndarray", "data": [[0.9999988305582249, 0.00036502140358722087, -0.00148514024839157, -0.7345366987386437], [0.0003640868240153053, -0.9999997355797035, -0.0006295087835656785, 0.09216684163763209], [-0.0014853696398700919, 0.0006289673273955549, -0.9999986990377212, 0.005056492075877043], [0.0, 0.0, 0.0, 1.0]]}, "mean_rme": {"type": "float", "data": 0.001553469850306988}, "max_rme": {"type": "float", "data": 0.006571020449302689}, "simu": {"type": "float", "data": 0.002}}]}