{"type": "list", "data": [{"type": "dict", "image_number": {"type": "int", "data": 5}, "Hcamera2end": {"type": "ndarray", "data": [[0.9999891752495309, -0.002496139184157462, -0.003926661805694059, -0.017758062403733836], [0.0039279116468241265, 0.0004960047284693347, 0.9999921627139905, 0.03285516545500449], [-0.002494171978378033, -0.9999967616289978, 0.0005058039735154063, 0.03016650298679026], [0.0, 0.0, 0.0, 1.0]]}, "Hobj2base": {"type": "ndarray", "data": [[0.999996531323059, -0.002503595231830334, 0.0008181398202243734, -0.7330715879548755], [-0.002503135767111474, -0.9999967091501016, -0.0005621390386969875, 0.08845652810584995], [0.0008195444964659366, 0.0005600891737717646, -0.9999995073233465, -0.006962236896931118], [0.0, 0.0, 0.0, 1.0]]}, "mean_rme": {"type": "float", "data": 0.0015754580084954744}, "max_rme": {"type": "float", "data": 0.0031663894924012226}, "simu": {"type": "float", "data": 0.002}}, {"type": "dict", "image_number": {"type": "int", "data": 6}, "Hcamera2end": {"type": "ndarray", "data": [[0.9999925689843967, -0.0025073155791151608, -0.0029283689271277983, -0.015386170301609242], [0.0029306475503752026, 0.0009055987351096473, 0.9999952955868675, 0.03256846004527249], [-0.002504651856470482, -0.9999964466234456, 0.0009129400638512308, 0.028648109939279125], [0.0, 0.0, 0.0, 1.0]]}, "Hobj2base": {"type": "ndarray", "data": [[0.9999972970721941, -0.002315030912213884, 0.0002155926288227577, -0.7322808513694624], [-0.0023151090556724012, -0.9999972542767346, 0.00036291741763244407, 0.09131278810783224], [0.00021475187182466094, -0.00036341555714018844, -0.9999999109053792, -0.005490434156058895], [0.0, 0.0, 0.0, 1.0]]}, "mean_rme": {"type": "float", "data": 0.0016566095640148189}, "max_rme": {"type": "float", "data": 0.0033019510251031114}, "simu": {"type": "float", "data": 0.002}}, {"type": "dict", "image_number": {"type": "int", "data": 7}, "Hcamera2end": {"type": "ndarray", "data": [[0.9999859212894882, -0.0038913321597804115, -0.0036075970999960615, -0.015895664491841766], [0.0036071965521467324, -0.00010994688698628963, 0.999993488001155, 0.03127646805431849], [-0.0038917034635005277, -0.9999924226941443, -9.590853912588848e-05, 0.02865063270257347], [0.0, 0.0, 0.0, 1.0]]}, "Hobj2base": {"type": "ndarray", "data": [[0.9999922133962903, -0.0039458823433366165, -5.620783559198444e-05, -0.7315799422662778], [-0.0039458893546563565, -0.9999922071133083, -0.00012517929182076214, 0.09003203075790635], [-5.571345481334356e-05, 0.00012540010699933472, -0.999999990585412, -0.00510302824717774], [0.0, 0.0, 0.0, 1.0]]}, "mean_rme": {"type": "float", "data": 0.0015738865960450087}, "max_rme": {"type": "float", "data": 0.003061013438436344}, "simu": {"type": "float", "data": 0.002}}, {"type": "dict", "image_number": {"type": "int", "data": 8}, "Hcamera2end": {"type": "ndarray", "data": [[0.999985835453036, -0.003965800498356446, -0.003549833756793326, -0.01490797528789949], [0.0035505829956158533, 0.0001819004661495205, 0.9999936801163356, 0.03159968194202477], [-0.003965129718543544, -0.999992119638264, 0.00019597879342525548, 0.02909067099672162], [0.0, 0.0, 0.0, 1.0]]}, "Hobj2base": {"type": "ndarray", "data": [[0.9999923670333452, -0.003896484921333289, -0.000288583272960576, -0.7325075067429891], [-0.003896577294028694, -0.9999923570421931, -0.0003202227202991148, 0.09057762204823006], [-0.00028733332432968314, 0.00032134476307862323, -0.9999999070885477, -0.004656136592473589], [0.0, 0.0, 0.0, 1.0]]}, "mean_rme": {"type": "float", "data": 0.0018123021866134036}, "max_rme": {"type": "float", "data": 0.00332620099264172}, "simu": {"type": "float", "data": 0.002}}, {"type": "dict", "image_number": {"type": "int", "data": 9}, "Hcamera2end": {"type": "ndarray", "data": [[0.999985937064503, -0.003506802270131722, -0.00397844329682349, -0.015482658504868742], [0.003980311959039475, 0.000526049892033531, 0.9999919401616295, 0.029929569172200434], [-0.0035046811462054717, -0.9999937127849101, 0.000540000661241602, 0.029276619456971787], [0.0, 0.0, 0.0, 1.0]]}, "Hobj2base": {"type": "ndarray", "data": [[0.9999945844236676, -0.0032898225738435486, -9.050286644019368e-05, -0.7324232681415713], [-0.0032898838937031214, -0.9999943530503412, -0.0006859529109472661, 0.0889015118745678], [-8.824569200403488e-05, 0.000686246940039552, -0.9999997606388893, -0.0037055729166597753], [0.0, 0.0, 0.0, 1.0]]}, "mean_rme": {"type": "float", "data": 0.0017421572947790814}, "max_rme": {"type": "float", "data": 0.004248345331363812}, "simu": {"type": "float", "data": 0.002}}, {"type": "dict", "image_number": {"type": "int", "data": 10}, "Hcamera2end": {"type": "ndarray", "data": [[0.9999856037293605, -0.0037254076327826813, -0.0038618223672204476, -0.01536661512194016], [0.0038629650296624187, 0.0002995746184381032, 0.9999924938499425, 0.029981240186486346], [-0.0037242227653518298, -0.9999930157721189, 0.00031396142508755, 0.029388872392968193], [0.0, 0.0, 0.0, 1.0]]}, "Hobj2base": {"type": "ndarray", "data": [[0.9999936057514378, -0.0035758152033886466, -4.4742252856628376e-05, -0.7323257860912852], [-0.003575852583449169, -0.9999932322453897, -0.000865298630231873, 0.08900665958963454], [-4.1647802054585836e-05, 0.0008654530889978175, -0.9999996246281351, -0.0036747484370285967], [0.0, 0.0, 0.0, 1.0]]}, "mean_rme": {"type": "float", "data": 0.0016494749780096352}, "max_rme": {"type": "float", "data": 0.0042159171081527225}, "simu": {"type": "float", "data": 0.002}}, {"type": "dict", "image_number": {"type": "int", "data": 11}, "Hcamera2end": {"type": "ndarray", "data": [[0.9999896730699163, -0.002544602509221738, -0.003765468309792736, -0.015012668245302114], [0.003767041638894793, 0.0006137908190980701, 0.9999927163025346, 0.02905894009959642], [-0.0025422727652287345, -0.9999965741235821, 0.0006233701041299389, 0.029370958799333383], [0.0, 0.0, 0.0, 1.0]]}, "Hobj2base": {"type": "ndarray", "data": [[0.999997033495167, -0.002430176907501423, 0.00016504867180348718, -0.7325980673047987], [-0.002430051723562493, -0.9999967627999118, -0.0007544788385881247, 0.0886689721760041], [0.0001668816545586476, 0.0007540755236136158, -0.9999997017602646, -0.002670981043396091], [0.0, 0.0, 0.0, 1.0]]}, "mean_rme": {"type": "float", "data": 0.0015818596326508758}, "max_rme": {"type": "float", "data": 0.004188449860540233}, "simu": {"type": "float", "data": 0.002}}, {"type": "dict", "image_number": {"type": "int", "data": 12}, "Hcamera2end": {"type": "ndarray", "data": [[0.9999889490561298, -0.0027217508324023716, -0.003833254234117754, -0.0148888300454132], [0.003834571079793118, 0.0004787695581852658, 0.9999925333942971, 0.02900808576601938], [-0.0027198952647260032, -0.9999961814187676, 0.0004892010143581205, 0.0294620393708169], [0.0, 0.0, 0.0, 1.0]]}, "Hobj2base": {"type": "ndarray", "data": [[0.9999966434834607, -0.002588979578297206, 0.00010102749864451231, -0.7325133181728362], [-0.0025888890258338754, -0.9999962559835038, -0.0008863817387887742, 0.08870097303801265], [0.00010332194461619051, 0.0008861172146512595, -0.9999996020603499, -0.0025790192281582767], [0.0, 0.0, 0.0, 1.0]]}, "mean_rme": {"type": "float", "data": 0.0015061200834181922}, "max_rme": {"type": "float", "data": 0.004112833980959518}, "simu": {"type": "float", "data": 0.002}}, {"type": "dict", "image_number": {"type": "int", "data": 13}, "Hcamera2end": {"type": "ndarray", "data": [[0.9999893762261617, -0.0026716828414377314, -0.003756267510024946, -0.014909399104519317], [0.0037582026543579203, 0.0007196654309380435, 0.9999926789704396, 0.029074239997633523], [-0.0026689600260923507, -0.999996172088905, 0.0007296985109216392, 0.02954385356904609], [0.0, 0.0, 0.0, 1.0]]}, "Hobj2base": {"type": "ndarray", "data": [[0.9999968410436578, -0.002508312051192083, -0.00016209058975016148, -0.732798113717421], [-0.0025084555487119428, -0.9999964566670103, -0.0008912374454097697, 0.08862268895405127], [-0.00015985451378443252, 0.000891641227068842, -0.999999589711144, -0.0025353757356688785], [0.0, 0.0, 0.0, 1.0]]}, "mean_rme": {"type": "float", "data": 0.001464629361304304}, "max_rme": {"type": "float", "data": 0.004153273888249487}, "simu": {"type": "float", "data": 0.002}}, {"type": "dict", "image_number": {"type": "int", "data": 14}, "Hcamera2end": {"type": "ndarray", "data": [[0.9999900133408024, -0.0025119345324954925, -0.0036964041400272037, -0.014967601399480349], [0.0036986887349946315, 0.000905460198341923, 0.9999927498954533, 0.028880440251493243], [-0.0025085693738817368, -0.9999964351570128, 0.0009147420197779255, 0.02971882914327279], [0.0, 0.0, 0.0, 1.0]]}, "Hobj2base": {"type": "ndarray", "data": [[0.9999971941880311, -0.0023377255995186068, -0.0003829557240329948, -0.7326700560373408], [-0.002338010567429025, -0.9999969890548044, -0.0007453776980854811, 0.08869933411022028], [-0.0003812120824481725, 0.000746270961225461, -0.9999996488784391, -0.0025329751795322036], [0.0, 0.0, 0.0, 1.0]]}, "mean_rme": {"type": "float", "data": 0.0015959867344432018}, "max_rme": {"type": "float", "data": 0.005141286964767011}, "simu": {"type": "float", "data": 0.002}}, {"type": "dict", "image_number": {"type": "int", "data": 15}, "Hcamera2end": {"type": "ndarray", "data": [[0.9999904256754082, -0.0024326761907193534, -0.003637395231080201, -0.01435652077625215], [0.00364087090809967, 0.0014258470947481339, 0.9999923554803273, 0.028634674798583854], [-0.0024274712246556696, -0.9999960245154046, 0.0014346905031967783, 0.02965341632505191], [0.0, 0.0, 0.0, 1.0]]}, "Hobj2base": {"type": "ndarray", "data": [[0.9999973357526096, -0.0021293585853350222, -0.0008912461487115076, -0.7329451400669137], [-0.0021300004434667546, -0.999997472452397, -0.0007198520181263127, 0.08925567437144252], [-0.0008897110729694728, 0.0007217484549544456, -0.9999993437464718, -0.002177186001727157], [0.0, 0.0, 0.0, 1.0]]}, "mean_rme": {"type": "float", "data": 0.0015712189425124306}, "max_rme": {"type": "float", "data": 0.005154910661799961}, "simu": {"type": "float", "data": 0.002}}, {"type": "dict", "image_number": {"type": "int", "data": 16}, "Hcamera2end": {"type": "ndarray", "data": [[0.9999917847833617, -0.002445690573339617, -0.003232485639005919, -0.014386406228287515], [0.003235792944712453, 0.0013495531094123159, 0.9999938541563264, 0.028477868108804705], [-0.002441313131462428, -0.999996098644402, 0.001357455770843341, 0.029452530569363106], [0.0, 0.0, 0.0, 1.0]]}, "Hobj2base": {"type": "ndarray", "data": [[0.9999973018148974, -0.0022376079510686765, -0.0006240781860877873, -0.7326462952292723], [-0.0022379971666562494, -0.9999973012014949, -0.0006236653012836243, 0.08906423182486851], [-0.000622680983389554, 0.0006250603037314357, -0.9999996107839288, -0.0021897208241903124], [0.0, 0.0, 0.0, 1.0]]}, "mean_rme": {"type": "float", "data": 0.001617527434094083}, "max_rme": {"type": "float", "data": 0.005106360642502639}, "simu": {"type": "float", "data": 0.002}}, {"type": "dict", "image_number": {"type": "int", "data": 17}, "Hcamera2end": {"type": "ndarray", "data": [[0.9999918267474217, -0.002266982771087961, -0.0033477197418868426, -0.014440076272473904], [0.003350615807393952, 0.0012749071829419867, 0.9999935739720459, 0.028178428581788564], [-0.002262700171447896, -0.999996617694675, 0.0012824925511114582, 0.02981916494092987], [0.0, 0.0, 0.0, 1.0]]}, "Hobj2base": {"type": "ndarray", "data": [[0.9999977087911229, -0.002059612559209586, -0.00058344546484449, -0.7328664808012993], [-0.0020600467025203915, -0.9999976009745342, -0.0007444815371189837, 0.08903619824923975], [-0.0005819107216200123, 0.0007456817562622305, -0.9999995526692149, -0.0018463643152404046], [0.0, 0.0, 0.0, 1.0]]}, "mean_rme": {"type": "float", "data": 0.0016023783699299751}, "max_rme": {"type": "float", "data": 0.004964852876837622}, "simu": {"type": "float", "data": 0.002}}, {"type": "dict", "image_number": {"type": "int", "data": 18}, "Hcamera2end": {"type": "ndarray", "data": [[0.9999909212108329, -0.0024149804061207886, -0.0035107499979090055, -0.01417278119212206], [0.00351320886918777, 0.001014686885103644, 0.9999933138646311, 0.02847281947185112], [-0.0024114019472551234, -0.9999965691341961, 0.001023162003557121, 0.030219970541264185], [0.0, 0.0, 0.0, 1.0]]}, "Hobj2base": {"type": "ndarray", "data": [[0.9999973889023801, -0.0022101993918043792, -0.0005806953335375901, -0.7329731579566552], [-0.0022108802805447525, -0.9999968662428576, -0.0011745266491295216, 0.08936186906589105], [-0.000578097575693877, 0.001175807430187706, -0.9999991416396716, -0.0018254320209350903], [0.0, 0.0, 0.0, 1.0]]}, "mean_rme": {"type": "float", "data": 0.0016530527541988237}, "max_rme": {"type": "float", "data": 0.005404325242934438}, "simu": {"type": "float", "data": 0.002}}, {"type": "dict", "image_number": {"type": "int", "data": 19}, "Hcamera2end": {"type": "ndarray", "data": [[0.9999920807055096, -0.002006967832705202, -0.003436656279580038, -0.014131797717398644], [0.0034386534697453753, 0.000992526799557747, 0.9999935952559234, 0.02847776489310227], [-0.0020035440051315106, -0.9999974934821942, 0.0009994202063473567, 0.03030431413250751], [0.0, 0.0, 0.0, 1.0]]}, "Hobj2base": {"type": "ndarray", "data": [[0.9999982585718492, -0.0018388743286479447, -0.00031842498705256304, -0.7329277381498959], [-0.0018392535136800936, -0.999997594982738, -0.0011946444037803704, 0.08934410087697774], [-0.000316227420308998, 0.0011952279876692553, -0.9999992357148457, -0.0018504897811111836], [0.0, 0.0, 0.0, 1.0]]}, "mean_rme": {"type": "float", "data": 0.0016061194576536802}, "max_rme": {"type": "float", "data": 0.005417314442018983}, "simu": {"type": "float", "data": 0.002}}, {"type": "dict", "image_number": {"type": "int", "data": 20}, "Hcamera2end": {"type": "ndarray", "data": [[0.999992695907687, -0.0017664954838066615, -0.0033893399035658947, -0.01407711680076448], [0.003391115310467566, 0.0010030203988035113, 0.9999937471239663, 0.028363035586110835], [-0.0017630848610676309, -0.9999979367197643, 0.0010090034625308553, 0.030078256380683482], [0.0, 0.0, 0.0, 1.0]]}, "Hobj2base": {"type": "ndarray", "data": [[0.9999986355755847, -0.001632152843610171, -0.0002548020095735945, -0.732868830299181], [-0.0016324403389414756, -0.9999980266199606, -0.0011322078981049932, 0.08911664379170653], [-0.0002529535704119448, 0.001132622302371765, -0.999999326590379, -0.0017575507664430944], [0.0, 0.0, 0.0, 1.0]]}, "mean_rme": {"type": "float", "data": 0.0016358857429017686}, "max_rme": {"type": "float", "data": 0.005452981533455303}, "simu": {"type": "float", "data": 0.002}}, {"type": "dict", "image_number": {"type": "int", "data": 21}, "Hcamera2end": {"type": "ndarray", "data": [[0.9999929942379064, -0.001900599259711561, -0.0032247786839430474, -0.013901216326750433], [0.0032268572609960903, 0.0010915930666426377, 0.9999941978915645, 0.028333932365143435], [-0.001897068086175716, -0.9999975980706306, 0.0010977183817226788, 0.029926245253514512], [0.0, 0.0, 0.0, 1.0]]}, "Hobj2base": {"type": "ndarray", "data": [[0.9999983658566179, -0.0017807027444099006, -0.0003120606187936037, -0.7327909806917023], [-0.0017809837460140098, -0.9999980067764134, -0.0009025187513459077, 0.08946891437436212], [-0.0003104528791696149, 0.0009030730513907056, -0.9999995440389327, -0.0018137974476238115], [0.0, 0.0, 0.0, 1.0]]}, "mean_rme": {"type": "float", "data": 0.0016666504965260184}, "max_rme": {"type": "float", "data": 0.00559689079863146}, "simu": {"type": "float", "data": 0.002}}, {"type": "dict", "image_number": {"type": "int", "data": 22}, "Hcamera2end": {"type": "ndarray", "data": [[0.9999935396846572, -0.0022244444931306447, -0.0028235501849598194, -0.014191041427455819], [0.002825303101992289, 0.0007852767578863107, 0.9999957004921548, 0.028628475093714006], [-0.002222217660779121, -0.9999972175896844, 0.0007915564146774301, 0.030295235282341126], [0.0, 0.0, 0.0, 1.0]]}, "Hobj2base": {"type": "ndarray", "data": [[0.9999976047075453, -0.002179324781233555, -0.00020278725301393446, -0.7329070220231156], [-0.00217950352247727, -0.9999972328974829, -0.0008854161580261117, 0.08985059931537363], [-0.0002008570825059253, 0.0008858560127277264, -0.9999995874576935, -0.0021021434318748496], [0.0, 0.0, 0.0, 1.0]]}, "mean_rme": {"type": "float", "data": 0.0017285363224476252}, "max_rme": {"type": "float", "data": 0.006335409273949995}, "simu": {"type": "float", "data": 0.002}}, {"type": "dict", "image_number": {"type": "int", "data": 23}, "Hcamera2end": {"type": "ndarray", "data": [[0.9999933711167103, -0.0022578393812858932, -0.0028565510612795983, -0.01407102241829047], [0.0028581264140323972, 0.0006948074063319876, 0.9999956741686783, 0.02859286773602233], [-0.002255844861419636, -0.9999972096981052, 0.0007012559909090887, 0.03017710098185984], [0.0, 0.0, 0.0, 1.0]]}, "Hobj2base": {"type": "ndarray", "data": [[0.9999974625940703, -0.0022468651251107458, -0.00016248855533748855, -0.7328102572602491], [-0.002247002941020246, -0.9999971116734303, -0.0008530079602547752, 0.08999176507345909], [-0.00016057149218013856, 0.0008533709080890443, -0.9999996229873735, -0.002036875178922088], [0.0, 0.0, 0.0, 1.0]]}, "mean_rme": {"type": "float", "data": 0.0017086791789017591}, "max_rme": {"type": "float", "data": 0.006304345655700809}, "simu": {"type": "float", "data": 0.002}}, {"type": "dict", "image_number": {"type": "int", "data": 24}, "Hcamera2end": {"type": "ndarray", "data": [[0.9999933970190662, -0.001280224168580894, -0.003401021074100607, -0.014337924302661263], [0.0034018865321683916, 0.0006744512540560743, 0.9999939861236807, 0.02770378257261096], [-0.0012779226465425846, -0.9999989530702441, 0.0006788019780245014, 0.030243775523971297], [0.0, 0.0, 0.0, 1.0]]}, "Hobj2base": {"type": "ndarray", "data": [[0.9999991393827938, -0.001311343717860277, 4.01413177656644e-05, -0.7331706118815721], [-0.0013112885028273159, -0.9999982344649325, -0.0013459530004788526, 0.08895314733905556], [4.1906253906473376e-05, 0.001345899205280067, -0.9999990933991862, -0.0014590469266213592], [0.0, 0.0, 0.0, 1.0]]}, "mean_rme": {"type": "float", "data": 0.0017621844477092384}, "max_rme": {"type": "float", "data": 0.0066570073181386885}, "simu": {"type": "float", "data": 0.002}}, {"type": "dict", "image_number": {"type": "int", "data": 25}, "Hcamera2end": {"type": "ndarray", "data": [[0.9999936220848429, -0.0012537447573724607, -0.003344235894772593, -0.014303621931099308], [0.00334518002113314, 0.0007517059367838641, 0.9999941223371318, 0.027633306650799914], [-0.0012512235063073488, -0.9999989315305631, 0.0007558951443811246, 0.030115839427165593], [0.0, 0.0, 0.0, 1.0]]}, "Hobj2base": {"type": "ndarray", "data": [[0.9999991551462055, -0.001299584571250067, 2.805026643639339e-05, -0.7330862273916303], [-0.0012995509646331544, -0.9999984751293136, -0.0011665789033901528, 0.08892978179916483], [2.9566291607356017e-05, 0.0011665414650507341, -0.9999993191531906, -0.0013746953148606965], [0.0, 0.0, 0.0, 1.0]]}, "mean_rme": {"type": "float", "data": 0.0017138048918890277}, "max_rme": {"type": "float", "data": 0.0067346983934825355}, "simu": {"type": "float", "data": 0.002}}, {"type": "dict", "image_number": {"type": "int", "data": 26}, "Hcamera2end": {"type": "ndarray", "data": [[0.9999932955352467, -0.0012350377231705905, -0.003447254904841442, -0.014520429047254655], [0.003448262772920061, 0.0008148647510833884, 0.9999937227199412, 0.02714535326973582], [-0.0012322209239829635, -0.999998905338031, 0.0008191180224553785, 0.03059317963107039], [0.0, 0.0, 0.0, 1.0]]}, "Hobj2base": {"type": "ndarray", "data": [[0.9999991565223405, -0.001298314788006674, -3.6514639104718545e-05, -0.7336147940769925], [-0.001298357943356444, -0.9999984277721183, -0.001207774789527548, 0.08887379302212839], [-3.49465098255596e-05, 0.0012078211798682258, -0.9999992699731031, -0.0008215817965004005], [0.0, 0.0, 0.0, 1.0]]}, "mean_rme": {"type": "float", "data": 0.001737409935574545}, "max_rme": {"type": "float", "data": 0.006520627304876653}, "simu": {"type": "float", "data": 0.002}}, {"type": "dict", "image_number": {"type": "int", "data": 27}, "Hcamera2end": {"type": "ndarray", "data": [[0.9999932363202289, -0.0010783394762181363, -0.003516318780908998, -0.014567295223172586], [0.003517260435274277, 0.0008725952663327652, 0.9999934337067077, 0.027125130198508315], [-0.001075264072401729, -0.9999990378802747, 0.0008763821651532888, 0.030602337918195346], [0.0, 0.0, 0.0, 1.0]]}, "Hobj2base": {"type": "ndarray", "data": [[0.9999993661477293, -0.0011250457997231435, -4.4453212502847393e-05, -0.7336871097551649], [-0.0011250994652766684, -0.9999986152419378, -0.00122624035128241, 0.08878738209824337], [-4.307357438924171e-05, 0.0012262895883127956, -0.9999992471789725, -0.0008290646037384262], [0.0, 0.0, 0.0, 1.0]]}, "mean_rme": {"type": "float", "data": 0.0016885759943535813}, "max_rme": {"type": "float", "data": 0.006502749564660862}, "simu": {"type": "float", "data": 0.002}}, {"type": "dict", "image_number": {"type": "int", "data": 28}, "Hcamera2end": {"type": "ndarray", "data": [[0.9999933379767716, -0.000999508155563177, -0.0035106958742103884, -0.01457236299843223], [0.0035115508188488177, 0.0008548992347658935, 0.9999934690577456, 0.02718387261227372], [-0.0009965003366167737, -0.9999991350649983, 0.0008584033630893995, 0.030631397323330922], [0.0, 0.0, 0.0, 1.0]]}, "Hobj2base": {"type": "ndarray", "data": [[0.9999994449813693, -0.001053171484636646, 2.944108307844385e-05, -0.7336477489889796], [-0.001053133319253618, -0.9999986420402514, -0.0012676071412498788, 0.08878089507512085], [3.077605079352423e-05, 0.0012675754323187543, -0.9999991961523558, -0.0009084965848433352], [0.0, 0.0, 0.0, 1.0]]}, "mean_rme": {"type": "float", "data": 0.0016533132026993367}, "max_rme": {"type": "float", "data": 0.006493848058626413}, "simu": {"type": "float", "data": 0.002}}, {"type": "dict", "image_number": {"type": "int", "data": 29}, "Hcamera2end": {"type": "ndarray", "data": [[0.9999933398761514, -0.0008574707031135647, -0.00354752693202297, -0.01463157551749495], [0.0035482596238161504, 0.0008544747184678902, 0.9999933398411198, 0.02717096031613365], [-0.0008544337201459502, -0.9999992673082059, 0.0008575115562349245, 0.03064632925669436], [0.0, 0.0, 0.0, 1.0]]}, "Hobj2base": {"type": "ndarray", "data": [[0.9999995740953266, -0.0009193389298485588, 8.139470228980656e-05, -0.7336775794505096], [-0.0009192315725363015, -0.9999987203357821, -0.0013093281153383118, 0.08868427875258905], [8.25983144402943e-05, 0.0013092527371091664, -0.9999991395170238, -0.0009399153050397444], [0.0, 0.0, 0.0, 1.0]]}, "mean_rme": {"type": "float", "data": 0.001603543745519392}, "max_rme": {"type": "float", "data": 0.00649041252250919}, "simu": {"type": "float", "data": 0.002}}, {"type": "dict", "image_number": {"type": "int", "data": 30}, "Hcamera2end": {"type": "ndarray", "data": [[0.9999937862583851, -0.0009282548344441558, -0.0034008510084249446, -0.014683136182810176], [0.003401554660145612, 0.0007575140206501629, 0.9999939277807657, 0.027128053272808112], [-0.00092567300555627, -0.9999992822574781, 0.000760666823211742, 0.030599566057145654], [0.0, 0.0, 0.0, 1.0]]}, "Hobj2base": {"type": "ndarray", "data": [[0.9999995331805994, -0.0009648118256538753, 5.2694633356607504e-05, -0.73362623004637], [-0.0009647443189953413, -0.9999987327048192, -0.0012664348202274071, 0.08867432254953392], [5.391643786792785e-05, 0.001266383392182891, -0.999999196682738, -0.0009979019367910976], [0.0, 0.0, 0.0, 1.0]]}, "mean_rme": {"type": "float", "data": 0.00161030798040918}, "max_rme": {"type": "float", "data": 0.006526247467257752}, "simu": {"type": "float", "data": 0.002}}]}