{"type": "list", "data": [{"type": "dict", "image_number": {"type": "int", "data": 5}, "Hcamera2end": {"type": "ndarray", "data": [[0.9999983749643129, 0.0007208342148697156, -0.0016524124086053998, -0.013411467735208838], [0.001653240634735052, -0.0011499041069422677, 0.9999979722559181, 0.03432630296756703], [0.0007189326373873846, -0.9999990790588654, -0.001151093950721993, 0.03507969624017417], [0.0, 0.0, 0.0, 1.0]]}, "Hobj2base": {"type": "ndarray", "data": [[0.9999997559920717, 0.00029906989204858236, 0.0006313263788742312, -0.7374102015109893], [0.0002985630934273165, -0.9999996332712715, 0.0008026938402450917, 0.0893449693352291], [0.0006315662089088614, -0.0008025051536247916, -0.9999994785546649, -0.004129972523362469], [0.0, 0.0, 0.0, 1.0]]}, "mean_rme": {"type": "float", "data": 0.0007330202806178195}, "max_rme": {"type": "float", "data": 0.0021913659769394744}, "simu": {"type": "float", "data": 0.002}}, {"type": "dict", "image_number": {"type": "int", "data": 6}, "Hcamera2end": {"type": "ndarray", "data": [[0.9999997227675521, 0.0005069322705436396, -0.000545421389454568, -0.013310139165193607], [0.0005460323551670499, -0.0012058656180431448, 0.9999991238680053, 0.03423321767924631], [0.0005062741215031695, -0.9999991444535261, -0.0012061420851596782, 0.034971037650311884], [0.0, 0.0, 0.0, 1.0]]}, "Hobj2base": {"type": "ndarray", "data": [[0.9999996099507329, 0.00014348815071302801, 0.0008714984410382514, -0.7371973505461736], [0.00014216890943551696, -0.9999988443472418, 0.0015136354189473225, 0.08977557113306421], [0.0008717146226357931, -0.0015135109285719995, -0.9999984746979795, -0.00445311195523022], [0.0, 0.0, 0.0, 1.0]]}, "mean_rme": {"type": "float", "data": 0.0008373063939766896}, "max_rme": {"type": "float", "data": 0.0021078543155840235}, "simu": {"type": "float", "data": 0.002}}, {"type": "dict", "image_number": {"type": "int", "data": 7}, "Hcamera2end": {"type": "ndarray", "data": [[0.999999763048636, 0.00017953269447995183, -0.0006645830899634165, -0.014567185751813337], [0.000664622635292446, -0.00022029833275349908, 0.9999997548726687, 0.033339274033861235], [0.00017938624392488655, -0.9999999596183273, -0.0002204176020459414, 0.035332395532202125], [0.0, 0.0, 0.0, 1.0]]}, "Hobj2base": {"type": "ndarray", "data": [[0.9999999848678037, -0.000165544544390455, -5.347332254360159e-05, -0.7373309203299632], [-0.0001654524859058579, -0.9999985122349548, 0.0017170187394876524, 0.0884650089306644], [-5.3757486072799815e-05, -0.0017170098662112432, -0.9999985244925373, -0.0035810674156563837], [0.0, 0.0, 0.0, 1.0]]}, "mean_rme": {"type": "float", "data": 0.0011485594917389353}, "max_rme": {"type": "float", "data": 0.004216269074232171}, "simu": {"type": "float", "data": 0.002}}, {"type": "dict", "image_number": {"type": "int", "data": 8}, "Hcamera2end": {"type": "ndarray", "data": [[0.9999997736183598, -0.00010710514007085891, -0.0006642979136329782, -0.01472726159235294], [0.0006642046791485845, -0.0008681931988201441, 0.9999994025361781, 0.03361871547255273], [-0.00010768181501001937, -0.9999996173844558, -0.0008681218625419262, 0.034482240517649206], [0.0, 0.0, 0.0, 1.0]]}, "Hobj2base": {"type": "ndarray", "data": [[0.9999996536313722, -0.0003048881177808444, 0.0007744548865664853, -0.7359710607560137], [-0.00030611104146471667, -0.9999987058171134, 0.0015794493117839905, 0.08803576460024565], [0.0007739723289524247, -0.0015796858339041941, -0.999998452778553, -0.0036839550730130427], [0.0, 0.0, 0.0, 1.0]]}, "mean_rme": {"type": "float", "data": 0.0012635743070893008}, "max_rme": {"type": "float", "data": 0.004176807371325586}, "simu": {"type": "float", "data": 0.002}}, {"type": "dict", "image_number": {"type": "int", "data": 9}, "Hcamera2end": {"type": "ndarray", "data": [[0.9999998629438963, 8.989547236465297e-05, -0.0005157819234788468, -0.01373144758599915], [0.0005157563048405537, 0.0002847730940864768, 0.9999998264498444, 0.033384134351596255], [9.004233757750277e-05, -0.9999999554115435, 0.0002847266908999613, 0.03251015405960516], [0.0, 0.0, 0.0, 1.0]]}, "Hobj2base": {"type": "ndarray", "data": [[0.9999999219469256, -0.00020949668341336582, -0.00033498848106403793, -0.7349275289282013], [-0.00020901108699466423, -0.9999989283996795, 0.001448969929965057, 0.08947796046703753], [-0.0003352916764849677, -0.0014488998005619412, -0.999998894133818, -0.0031074602626318054], [0.0, 0.0, 0.0, 1.0]]}, "mean_rme": {"type": "float", "data": 0.0013714969716604201}, "max_rme": {"type": "float", "data": 0.0043184029600552565}, "simu": {"type": "float", "data": 0.002}}, {"type": "dict", "image_number": {"type": "int", "data": 10}, "Hcamera2end": {"type": "ndarray", "data": [[0.9999996015907601, -0.00029872857740687086, -0.0008411774831519577, -0.014164550056039501], [0.0008409421558953196, -0.0007870166071495266, 0.999999336710355, 0.033358377535118625], [-0.0002993903999120998, -0.9999996456829856, -0.000786765080140972, 0.03315325327402327], [0.0, 0.0, 0.0, 1.0]]}, "Hobj2base": {"type": "ndarray", "data": [[0.9999996300922126, -0.00045005253824407284, 0.0007329857780106554, -0.7350413347655309], [-0.00045077723428000953, -0.9999994095118168, 0.0009888255166424062, 0.08892330284734598], [0.0007325403217575698, -0.0009891555641699256, -0.9999992424776862, -0.0031663324676563798], [0.0, 0.0, 0.0, 1.0]]}, "mean_rme": {"type": "float", "data": 0.0012890182878548605}, "max_rme": {"type": "float", "data": 0.004562475285007361}, "simu": {"type": "float", "data": 0.002}}, {"type": "dict", "image_number": {"type": "int", "data": 11}, "Hcamera2end": {"type": "ndarray", "data": [[0.9999998097918429, -0.0001332859533611919, -0.00060220522464034, -0.014142098627872919], [0.0006021554886839864, -0.0003728783717291684, 0.9999997491852122, 0.03331170854806245], [-0.00013351046923471457, -0.9999999215982842, -0.0003727980419363508, 0.03298923379256091], [0.0, 0.0, 0.0, 1.0]]}, "Hobj2base": {"type": "ndarray", "data": [[0.9999999282860028, -0.0003049219958611753, 0.000224612033433607, -0.7351892482541199], [-0.00030515086602569855, -0.9999994336194851, 0.0010196291770792909, 0.08900222797526616], [0.00022430099885401448, -0.0010196976445141289, -0.9999994549527396, -0.003016572319145917], [0.0, 0.0, 0.0, 1.0]]}, "mean_rme": {"type": "float", "data": 0.0012131696222241108}, "max_rme": {"type": "float", "data": 0.004563998723998708}, "simu": {"type": "float", "data": 0.002}}, {"type": "dict", "image_number": {"type": "int", "data": 12}, "Hcamera2end": {"type": "ndarray", "data": [[0.9999997628025772, 0.0002205836267916548, -0.0006524857493211396, -0.01468857016717667], [0.0006524571667376226, 0.00012962422321172173, 0.9999997787485786, 0.033142128993426376], [0.0002206681559456263, -0.9999999672702116, 0.00012948027109704885, 0.032795013523465755], [0.0, 0.0, 0.0, 1.0]]}, "Hobj2base": {"type": "ndarray", "data": [[0.9999999636167333, 1.0188771088208253e-05, -0.00026956023642251266, -0.7351339730102948], [1.0416157834914585e-05, -0.9999996441497017, 0.0008435591110452222, 0.08838210404248671], [-0.0002695515456687403, -0.0008435618881357546, -0.9999996078725757, -0.0028555315618645633], [0.0, 0.0, 0.0, 1.0]]}, "mean_rme": {"type": "float", "data": 0.0012215900817414316}, "max_rme": {"type": "float", "data": 0.004296768597554235}, "simu": {"type": "float", "data": 0.002}}, {"type": "dict", "image_number": {"type": "int", "data": 13}, "Hcamera2end": {"type": "ndarray", "data": [[0.9999999319212042, 2.9240363460974464e-05, -0.0003678350013649322, -0.014812308065370157], [0.0003678329906293385, 6.874141288693014e-05, 0.9999999299867525, 0.03298922249028825], [2.9265646911464825e-05, -0.99999999720981, 6.873065263679479e-05, 0.03279461526321723], [0.0, 0.0, 0.0, 1.0]]}, "Hobj2base": {"type": "ndarray", "data": [[0.9999999589494114, -0.00017439721358563617, -0.0002273472835392121, -0.7351610012805655], [-0.00017424193886713172, -0.9999997516943762, 0.0006828256973781203, 0.08849275340349051], [-0.00022746630998659044, -0.0006827860559162435, -0.9999997410311066, -0.002750019207960214], [0.0, 0.0, 0.0, 1.0]]}, "mean_rme": {"type": "float", "data": 0.0011708459854856382}, "max_rme": {"type": "float", "data": 0.004404828830304852}, "simu": {"type": "float", "data": 0.002}}, {"type": "dict", "image_number": {"type": "int", "data": 14}, "Hcamera2end": {"type": "ndarray", "data": [[0.999999606219108, -2.477034223461838e-05, -0.0008871009294938025, -0.013546271539568562], [0.0008870883531880284, -0.0005031934600763233, 0.9999994799351625, 0.03297121038833556], [-2.521671273858332e-05, -0.9999998730913778, -0.0005031712884462358, 0.03287192973329754], [0.0, 0.0, 0.0, 1.0]]}, "Hobj2base": {"type": "ndarray", "data": [[0.9999998919421841, -0.00015288667524625298, 0.00043902310268666513, -0.7351615493435285], [-0.00015301816641711966, -0.9999999434454161, 0.00029949057736495713, 0.0894925152426007], [0.00043897728973925517, -0.00029955772351284734, -0.9999998587820451, -0.00289611906057726], [0.0, 0.0, 0.0, 1.0]]}, "mean_rme": {"type": "float", "data": 0.0012395495063941043}, "max_rme": {"type": "float", "data": 0.004703369795648948}, "simu": {"type": "float", "data": 0.002}}, {"type": "dict", "image_number": {"type": "int", "data": 15}, "Hcamera2end": {"type": "ndarray", "data": [[0.9999997067627255, 0.0002771050224906836, -0.000713923854081979, -0.01381308844010162], [0.0007140162198541112, -0.00033336838132336233, 0.999999689523132, 0.03283540096823875], [0.0002768669368163608, -0.9999999060391602, -0.00033356614104795845, 0.03303737698085669], [0.0, 0.0, 0.0, 1.0]]}, "Hobj2base": {"type": "ndarray", "data": [[0.9999999583922329, 0.0001711041917806378, 0.00023224747146383305, -0.735230843425906], [0.00017101115596456103, -0.9999999051574728, 0.0004005499088057514, 0.08918595158312824], [0.00023231598520530997, -0.0004005101752311992, -0.9999998928104352, -0.002973479790576846], [0.0, 0.0, 0.0, 1.0]]}, "mean_rme": {"type": "float", "data": 0.0013544279798692127}, "max_rme": {"type": "float", "data": 0.004414228167581968}, "simu": {"type": "float", "data": 0.002}}, {"type": "dict", "image_number": {"type": "int", "data": 16}, "Hcamera2end": {"type": "ndarray", "data": [[0.9999996413874835, 0.0004601366680067281, -0.0007109846349807278, -0.013776198542949642], [0.0007110642058882344, -0.00017278837211009979, 0.9999997322659009, 0.032973696044862735], [0.00046001369493477824, -0.9999998792092053, -0.00017311549686049865, 0.0326094713632646], [0.0, 0.0, 0.0, 1.0]]}, "Hobj2base": {"type": "ndarray", "data": [[0.9999999374117059, 0.00034957963964776985, 5.45037607474639e-05, -0.7349468007365835], [0.00034956144331333203, -0.9999998832897634, 0.0003335075070141944, 0.08922544306789501], [5.4620341820438927e-05, -0.0003334884337272555, -0.99999994290104, -0.002644209745868896], [0.0, 0.0, 0.0, 1.0]]}, "mean_rme": {"type": "float", "data": 0.00143919055332294}, "max_rme": {"type": "float", "data": 0.006925478852347511}, "simu": {"type": "float", "data": 0.002}}, {"type": "dict", "image_number": {"type": "int", "data": 17}, "Hcamera2end": {"type": "ndarray", "data": [[0.9999995845983571, 0.00044501197321238897, -0.0007954668168912149, -0.013675542760523851], [0.0007955273431458596, -0.00013584992375248461, 0.9999996743404693, 0.03305909942804925], [0.0004449037641835764, -0.9999998917545652, -0.00013620388651292004, 0.032566301885842745], [0.0, 0.0, 0.0, 1.0]]}, "Hobj2base": {"type": "ndarray", "data": [[0.9999999488712235, 0.0003191828851288227, -1.9489388452597514e-05, -0.73489121198853], [0.000319190208473582, -0.9999998780241206, 0.00037692088622322213, 0.089208138981818], [-1.936907937943218e-05, -0.0003769270877736816, -0.9999999287754018, -0.002723683077790976], [0.0, 0.0, 0.0, 1.0]]}, "mean_rme": {"type": "float", "data": 0.0013858516755089303}, "max_rme": {"type": "float", "data": 0.006955443290074026}, "simu": {"type": "float", "data": 0.002}}, {"type": "dict", "image_number": {"type": "int", "data": 18}, "Hcamera2end": {"type": "ndarray", "data": [[0.9999996570305385, 0.0003373037588768797, -0.0007564158774619041, -0.013612510965270549], [0.000756519130874327, -0.0003060915815134013, 0.9999996669933189, 0.03305744189702891], [0.00033707211402026025, -0.9999998962670538, -0.00030634665327999855, 0.033002951981867965], [0.0, 0.0, 0.0, 1.0]]}, "Hobj2base": {"type": "ndarray", "data": [[0.9999999416166078, 0.00026544853740930943, 0.00021518330570948518, -0.7351242337735919], [0.000265372740632222, -0.9999999027680297, 0.0003521948885119399, 0.0894354576862578], [0.00021527677440482694, -0.00035213776416603317, -0.999999914827449, -0.0025129384697971597], [0.0, 0.0, 0.0, 1.0]]}, "mean_rme": {"type": "float", "data": 0.0014570675906765158}, "max_rme": {"type": "float", "data": 0.00673644274091012}, "simu": {"type": "float", "data": 0.002}}, {"type": "dict", "image_number": {"type": "int", "data": 19}, "Hcamera2end": {"type": "ndarray", "data": [[0.9999996406190459, 0.0005962800137925628, -0.0006026706598243918, -0.013777371426556892], [0.0006027756572143982, -0.00017592334852789548, 0.9999998028562219, 0.03295460152579202], [0.0005961738723991323, -0.9999998067505417, -0.0001762827083815477, 0.03269091268915934], [0.0, 0.0, 0.0, 1.0]]}, "Hobj2base": {"type": "ndarray", "data": [[0.9999998676371271, 0.0005118681507491435, 5.212220792123982e-05, -0.7348722806728085], [0.0005118440648600001, -0.9999997627133239, 0.0004610736912505577, 0.08937973546627256], [5.2358204491033863e-05, -0.00046104695177874745, -0.9999998923471574, -0.002431293086754768], [0.0, 0.0, 0.0, 1.0]]}, "mean_rme": {"type": "float", "data": 0.001446094194695201}, "max_rme": {"type": "float", "data": 0.006720250489171575}, "simu": {"type": "float", "data": 0.002}}, {"type": "dict", "image_number": {"type": "int", "data": 20}, "Hcamera2end": {"type": "ndarray", "data": [[0.9999994411189803, 0.0008941481028587937, -0.0005641461664511463, -0.014096688670552623], [0.0005642597246599053, -0.00012675438812426165, 0.99999983277213, 0.03297912556705538], [0.0008940764453301699, -0.9999995922161644, -0.00012725884904596363, 0.03292548590995428], [0.0, 0.0, 0.0, 1.0]]}, "Hobj2base": {"type": "ndarray", "data": [[0.9999996633759772, 0.0008203540760198173, -1.634386988623089e-05, -0.735070547928661], [0.0008203620140634798, -0.9999995425931136, 0.000491751694095812, 0.08896988379244211], [-1.594045190379111e-05, -0.000491764936450396, -0.999999878956567, -0.0023788549139166617], [0.0, 0.0, 0.0, 1.0]]}, "mean_rme": {"type": "float", "data": 0.0014731066175658223}, "max_rme": {"type": "float", "data": 0.006634869275181088}, "simu": {"type": "float", "data": 0.002}}, {"type": "dict", "image_number": {"type": "int", "data": 21}, "Hcamera2end": {"type": "ndarray", "data": [[0.999999569883026, 0.0007922447031279132, -0.0004822676575073567, -0.013900561129241984], [0.00048235419768648887, -0.00010904671369105223, 0.9999998777216137, 0.0328978501534264], [0.0007921920165503387, -0.9999996802285211, -0.00010942880934616817, 0.03298856201140306], [0.0, 0.0, 0.0, 1.0]]}, "Hobj2base": {"type": "ndarray", "data": [[0.9999997430082594, 0.00071687711821746, 8.403126787185093e-06, -0.7350141050735192], [0.0007168721894261741, -0.9999995791333687, 0.0005725620928428611, 0.08923717124516796], [8.813579913707173e-06, -0.0005725559217312344, -0.9999998360510054, -0.0023914902891817432], [0.0, 0.0, 0.0, 1.0]]}, "mean_rme": {"type": "float", "data": 0.0014681242491953617}, "max_rme": {"type": "float", "data": 0.00671859215221271}, "simu": {"type": "float", "data": 0.002}}, {"type": "dict", "image_number": {"type": "int", "data": 22}, "Hcamera2end": {"type": "ndarray", "data": [[0.9999994146466974, 0.000982850817778007, -0.0004524494806781502, -0.013943523166381255], [0.00045249507226769294, -4.616521785028027e-05, 0.9999998965584856, 0.03287813069263404], [0.0009828298286815881, -0.999999515936404, -4.660992597904645e-05, 0.033016891650753256], [0.0, 0.0, 0.0, 1.0]]}, "Hobj2base": {"type": "ndarray", "data": [[0.9999996017550112, 0.0008898968518219809, -6.762700714920802e-05, -0.7350762699228983], [0.0008899357837399918, -0.9999994370499121, 0.0005778530605271396, 0.08915718675468186], [-6.71127394591996e-05, -0.0005779130140936633, -0.9999998307561999, -0.002371894470429628], [0.0, 0.0, 0.0, 1.0]]}, "mean_rme": {"type": "float", "data": 0.0014148674527788936}, "max_rme": {"type": "float", "data": 0.006707686732122409}, "simu": {"type": "float", "data": 0.002}}, {"type": "dict", "image_number": {"type": "int", "data": 23}, "Hcamera2end": {"type": "ndarray", "data": [[0.9999995272334028, 0.000861116580220106, -0.0004516759968304937, -0.014165021733932016], [0.00045179901426634664, -0.00014266887733538347, 0.9999998877616147, 0.03273658636344431], [0.0008610520434623845, -0.9999996190618408, -0.00014305786150847766, 0.03347034532411088], [0.0, 0.0, 0.0, 1.0]]}, "Hobj2base": {"type": "ndarray", "data": [[0.9999996956829271, 0.0007797693120776135, 2.4369510109647112e-05, -0.7355231952509934], [0.000779756371400206, -0.9999995573401423, 0.0005265923669911256, 0.08920740140133251], [2.4780119889997225e-05, -0.0005265732044593019, -0.9999998610532934, -0.0021804240075365385], [0.0, 0.0, 0.0, 1.0]]}, "mean_rme": {"type": "float", "data": 0.0014563115939930783}, "max_rme": {"type": "float", "data": 0.006651839366691892}, "simu": {"type": "float", "data": 0.002}}, {"type": "dict", "image_number": {"type": "int", "data": 24}, "Hcamera2end": {"type": "ndarray", "data": [[0.9999997136009549, 0.0007538414522320804, -6.723892529633766e-05, -0.014202995784809788], [6.7289410391127e-05, -6.694527862927124e-05, 0.9999999954952323, 0.03268082673549486], [0.0007538369475076112, -0.9999997136206562, -6.699598500303772e-05, 0.03365504697534063], [0.0, 0.0, 0.0, 1.0]]}, "Hobj2base": {"type": "ndarray", "data": [[0.999999750355636, 0.0006832989870710272, 0.00017997544248147333, -0.7356076178276942], [0.0006831372987008258, -0.9999993644235423, 0.0008969258283396412, 0.08948733284708453], [0.00018058819660330156, -0.0008968026564895539, -0.9999995815663612, -0.002139623497933889], [0.0, 0.0, 0.0, 1.0]]}, "mean_rme": {"type": "float", "data": 0.0014556309565117703}, "max_rme": {"type": "float", "data": 0.006613289887558826}, "simu": {"type": "float", "data": 0.002}}, {"type": "dict", "image_number": {"type": "int", "data": 25}, "Hcamera2end": {"type": "ndarray", "data": [[0.9999993890311314, 0.0011034415128060842, -6.598629928797209e-05, -0.014250465844763659], [6.600550772895898e-05, -1.737134877743962e-05, 0.9999999976707545, 0.03274735183463547], [0.0011034403639648787, -0.9999993910573466, -1.7444171381386653e-05, 0.033765320843836766], [0.0, 0.0, 0.0, 1.0]]}, "Hobj2base": {"type": "ndarray", "data": [[0.999999470000524, 0.0010217748919954966, 0.00012639122247763704, -0.7356746382644123], [0.0010216682667040888, -0.9999991246071052, 0.0008408204184592879, 0.08925960253363886], [0.0001272502410279178, -0.0008406908429237115, -0.999999638523076, -0.0021558791463412285], [0.0, 0.0, 0.0, 1.0]]}, "mean_rme": {"type": "float", "data": 0.0014690339359222345}, "max_rme": {"type": "float", "data": 0.006550204262332104}, "simu": {"type": "float", "data": 0.002}}, {"type": "dict", "image_number": {"type": "int", "data": 26}, "Hcamera2end": {"type": "ndarray", "data": [[0.999999402028581, 0.001089709182788556, -9.206724391040547e-05, -0.014214817794847557], [9.211664810462004e-05, -4.528694159811053e-05, 0.9999999947318082, 0.03271079341185848], [0.0010897050076038607, -0.9999994052413183, -4.5387294875132156e-05, 0.0338734696082299], [0.0, 0.0, 0.0, 1.0]]}, "Hobj2base": {"type": "ndarray", "data": [[0.9999994843841225, 0.0010056477862239095, 0.00014108160488663038, -0.7357364197430503], [0.001005533602303454, -0.9999991687485115, 0.0008070963143543945, 0.08933059334842933], [0.0001418931422341363, -0.0008069540359083398, -0.9999996643457036, -0.002073860178129302], [0.0, 0.0, 0.0, 1.0]]}, "mean_rme": {"type": "float", "data": 0.0014488001079704831}, "max_rme": {"type": "float", "data": 0.006508129478365432}, "simu": {"type": "float", "data": 0.002}}, {"type": "dict", "image_number": {"type": "int", "data": 27}, "Hcamera2end": {"type": "ndarray", "data": [[0.9999987231047508, 0.0015980476100966442, -5.718715453425062e-06, -0.014323344032682104], [5.67955650583997e-06, 2.4508780418597276e-05, 0.9999999996835309, 0.03269139320528889], [0.0015980477497496532, -0.9999987228207619, 2.44996729217295e-05, 0.033787321956255056], [0.0, 0.0, 0.0, 1.0]]}, "Hobj2base": {"type": "ndarray", "data": [[0.9999987555727476, 0.0015514100544728863, 0.0002863211464816129, -0.7357830615401172], [0.0015511826955886313, -0.9999984828150612, 0.0007925905756348536, 0.08923570233396896], [0.0002875503450676022, -0.0007921454529057379, -0.9999996449101272, -0.002026040075786594], [0.0, 0.0, 0.0, 1.0]]}, "mean_rme": {"type": "float", "data": 0.0014410999356568022}, "max_rme": {"type": "float", "data": 0.006447761929877949}, "simu": {"type": "float", "data": 0.002}}, {"type": "dict", "image_number": {"type": "int", "data": 28}, "Hcamera2end": {"type": "ndarray", "data": [[0.9999984112789142, 0.0017825001040627226, -1.1533711891555348e-05, -0.014345165119907449], [1.1413300777658687e-05, 6.756197045876267e-05, 0.9999999976525584, 0.032709037731981125], [0.00178250087911871, -0.9999984090631142, 6.754151891186222e-05, 0.03382716948494235], [0.0, 0.0, 0.0, 1.0]]}, "Hobj2base": {"type": "ndarray", "data": [[0.9999985044175481, 0.0016961782703079108, 0.00033784899355121485, -0.7357296122593574], [0.0016959254494269625, -0.9999982827547351, 0.0007472111150432386, 0.08919593832324502], [0.0003391158166382993, -0.0007466370308211803, -0.9999996637667468, -0.001984457024055784], [0.0, 0.0, 0.0, 1.0]]}, "mean_rme": {"type": "float", "data": 0.0014484226662817225}, "max_rme": {"type": "float", "data": 0.006381987152988544}, "simu": {"type": "float", "data": 0.002}}, {"type": "dict", "image_number": {"type": "int", "data": 29}, "Hcamera2end": {"type": "ndarray", "data": [[0.9999990280665071, 0.0013942214382785343, 3.552768810824447e-06, -0.014111610332882841], [-3.7273754115028012e-06, 0.00012523333884284504, 0.9999999921513586, 0.032717349333570934], [0.00139422098241069, -0.9999990202311159, 0.00012523841391109958, 0.03377912994946297], [0.0, 0.0, 0.0, 1.0]]}, "Hobj2base": {"type": "ndarray", "data": [[0.9999990905961508, 0.0013171566207164996, 0.0002896641293581445, -0.7357867893862305], [0.0013169399044357197, -0.9999988537649211, 0.0007470864285289064, 0.08950238759665635], [0.0002906478271705427, -0.0007467042788747972, -0.9999996789782286, -0.001981725152954013], [0.0, 0.0, 0.0, 1.0]]}, "mean_rme": {"type": "float", "data": 0.0014628687187672202}, "max_rme": {"type": "float", "data": 0.006365892167876197}, "simu": {"type": "float", "data": 0.002}}, {"type": "dict", "image_number": {"type": "int", "data": 30}, "Hcamera2end": {"type": "ndarray", "data": [[0.999998752020865, 0.0015671376604265428, -0.00020009064391094365, -0.014020954754574728], [0.00019982386768366083, 0.0001703862467302697, 0.9999999655194737, 0.03286474083977861], [0.0015671716990846335, -0.9999987575232682, 0.00017007288258330533, 0.033779825961423815], [0.0, 0.0, 0.0, 1.0]]}, "Hobj2base": {"type": "ndarray", "data": [[0.9999988887949008, 0.0014746868581359943, 0.0002184207727553862, -0.7357712116607205], [0.001474487563034693, -0.999998499070156, 0.0009098042982711368, 0.08947220042682921], [0.00021976212136326598, -0.0009094812285790251, -0.9999995622741564, -0.002000439168403023], [0.0, 0.0, 0.0, 1.0]]}, "mean_rme": {"type": "float", "data": 0.001463878685914547}, "max_rme": {"type": "float", "data": 0.006336950403431407}, "simu": {"type": "float", "data": 0.002}}]}