{"type": "list", "data": [{"type": "dict", "image_number": {"type": "int", "data": 5}, "Hcamera2end": {"type": "ndarray", "data": [[0.9999910015540617, -0.004183128802979404, 0.0007058642378556944, -0.011978189897623136], [-0.0007045493754628451, 0.00031579038488660505, 0.9999997019432605, 0.032980933524656836], [-0.004183350461309023, -0.9999912008162122, 0.0003128403224782472, 0.03567180158991837], [0.0, 0.0, 0.0, 1.0]]}, "Hobj2base": {"type": "ndarray", "data": [[0.9999929331307551, -0.003092075180847953, 0.0021384011843333882, -0.7380314817256544], [-0.003091079413078938, -0.9999951127114912, -0.0004688082698880349, 0.0936566160881431], [0.0021398403237657504, 0.0004621949890034941, -0.9999976037267195, 0.0020013868145287495], [0.0, 0.0, 0.0, 1.0]]}, "mean_rme": {"type": "float", "data": 0.0017879760478667903}, "max_rme": {"type": "float", "data": 0.004264327018822012}, "simu": {"type": "float", "data": 0.002}}, {"type": "dict", "image_number": {"type": "int", "data": 6}, "Hcamera2end": {"type": "ndarray", "data": [[0.9999920917019828, -0.003949930345530489, -0.00046323186277472095, -0.011758763765184435], [0.0004679122477490073, 0.0011840867119082832, 0.9999991894980652, 0.03326524854011419], [-0.003949378637411056, -0.9999914979583199, 0.0011859255685841008, 0.03398427491147937], [0.0, 0.0, 0.0, 1.0]]}, "Hobj2base": {"type": "ndarray", "data": [[0.9999947527771691, -0.003063646333347272, 0.00105284817163856, -0.7368188310986659], [-0.0030620841547437942, -0.9999942133644719, -0.001482186965492556, 0.09279827479719711], [0.0010573829758520905, 0.0014789552784235456, -0.9999983473148979, 0.001958602008697704], [0.0, 0.0, 0.0, 1.0]]}, "mean_rme": {"type": "float", "data": 0.0015939998693262993}, "max_rme": {"type": "float", "data": 0.004274983251616071}, "simu": {"type": "float", "data": 0.002}}, {"type": "dict", "image_number": {"type": "int", "data": 7}, "Hcamera2end": {"type": "ndarray", "data": [[0.9999928504999347, -0.0037200421079631686, -0.0006784067587156557, -0.010831403131518707], [0.000684078523115271, 0.0015235902049264283, 0.9999986053537582, 0.03316329315099303], [-0.003719003305927889, -0.9999919199471574, 0.0015261241129292946, 0.03336144015499751], [0.0, 0.0, 0.0, 1.0]]}, "Hobj2base": {"type": "ndarray", "data": [[0.9999955209500604, -0.002961113862708246, 0.0004357573973222717, -0.7363542277575819], [-0.0029604116290389035, -0.999994332454005, -0.0016034409424828678, 0.09348697554023988], [0.0004405028988499996, 0.0016021437393243388, -0.9999986195453647, 0.001716029449274086], [0.0, 0.0, 0.0, 1.0]]}, "mean_rme": {"type": "float", "data": 0.0015600249511235212}, "max_rme": {"type": "float", "data": 0.004354808520529607}, "simu": {"type": "float", "data": 0.002}}, {"type": "dict", "image_number": {"type": "int", "data": 8}, "Hcamera2end": {"type": "ndarray", "data": [[0.9999932495733844, -0.0035563290674480398, -0.0009237592906228881, -0.01367231163222321], [0.0009302696916137232, 0.0018294332989249318, 0.999997893883835, 0.033391382450078104], [-0.0035546316213994457, -0.9999920028167069, 0.0018327292946145324, 0.033551516517724506], [0.0, 0.0, 0.0, 1.0]]}, "Hobj2base": {"type": "ndarray", "data": [[0.9999956992400535, -0.0029295167167786313, 0.0001394030222642662, -0.7366514357462179], [-0.0029292616761529547, -0.9999940971658949, -0.001795845037734645, 0.09054667168001682], [0.00014466315745013958, 0.0017954289663055778, -0.9999983777523831, 0.001992206934008693], [0.0, 0.0, 0.0, 1.0]]}, "mean_rme": {"type": "float", "data": 0.0017218387957738967}, "max_rme": {"type": "float", "data": 0.004122366597169913}, "simu": {"type": "float", "data": 0.002}}, {"type": "dict", "image_number": {"type": "int", "data": 9}, "Hcamera2end": {"type": "ndarray", "data": [[0.9999997778934032, -0.0005441855040043316, -0.0003848055111187609, -0.014682203484024794], [0.00038578390720850656, 0.0017989485017804174, 0.9999983074761002, 0.03418892251317418], [-0.0005434923376596561, -0.999998233821653, 0.0017991580402320073, 0.034355119976805064], [0.0, 0.0, 0.0, 1.0]]}, "Hobj2base": {"type": "ndarray", "data": [[0.9999998548020596, -2.4943198973020936e-05, -0.0005383063223961088, -0.7372411682060828], [-2.5636078374421336e-05, -0.9999991712567446, -0.0012871785482999934, 0.08890218210165969], [-0.0005382737699277309, 0.0012871921614673897, -0.9999990266983703, 0.0014874930416583438], [0.0, 0.0, 0.0, 1.0]]}, "mean_rme": {"type": "float", "data": 0.0016527410226515004}, "max_rme": {"type": "float", "data": 0.004742665063578448}, "simu": {"type": "float", "data": 0.002}}, {"type": "dict", "image_number": {"type": "int", "data": 10}, "Hcamera2end": {"type": "ndarray", "data": [[0.9999998020463213, -8.899038107639911e-05, -0.0006228868518801326, -0.014345424053127765], [0.0006229216876577252, 0.00039196558810050686, 0.9999997291657379, 0.03419881830933894], [-8.874620676353756e-05, -0.9999999192218418, 0.00039202094454782177, 0.03403968638196883], [0.0, 0.0, 0.0, 1.0]]}, "Hobj2base": {"type": "ndarray", "data": [[0.9999995835878794, 0.0002991391247279389, 0.0008621715906395387, -0.7363295179259604], [0.00029999492838885027, -0.9999994623186645, -0.0009926557430131656, 0.08945680879402582], [0.0008618741848958457, 0.0009929139767638753, -0.9999991356469884, 0.0013694849737018566], [0.0, 0.0, 0.0, 1.0]]}, "mean_rme": {"type": "float", "data": 0.0015405797733757994}, "max_rme": {"type": "float", "data": 0.004503945467552228}, "simu": {"type": "float", "data": 0.002}}, {"type": "dict", "image_number": {"type": "int", "data": 11}, "Hcamera2end": {"type": "ndarray", "data": [[0.9999997156111498, -5.870961691245216e-05, -0.0007518848319342517, -0.014155719919344691], [0.0007519072341232857, 0.000382490993046547, 0.9999996441680127, 0.03413796049354452], [-5.8422006845669137e-05, -0.9999999251269079, 0.000382535028456088, 0.03418561044843106], [0.0, 0.0, 0.0, 1.0]]}, "Hobj2base": {"type": "ndarray", "data": [[0.9999996716617442, 0.00032783658211443226, 0.0007410800086984875, -0.7363796509649844], [0.00032860459708442685, -0.9999994088831574, -0.0010364614579315057, 0.0896708217171541], [0.0007407397806517514, 0.001036704639919224, -0.9999991882737036, 0.0012648621248025098], [0.0, 0.0, 0.0, 1.0]]}, "mean_rme": {"type": "float", "data": 0.0015520095610743708}, "max_rme": {"type": "float", "data": 0.004425972759954707}, "simu": {"type": "float", "data": 0.002}}, {"type": "dict", "image_number": {"type": "int", "data": 12}, "Hcamera2end": {"type": "ndarray", "data": [[0.9999992732730043, -0.0007207511445712377, -0.0009664218803868919, -0.014208066325856125], [0.0009665698424152242, 0.00020496858202356805, 0.999999511865191, 0.03278898978824808], [-0.000720552706625056, -0.9999997192527947, 0.00020566508938757444, 0.03445783828452656], [0.0, 0.0, 0.0, 1.0]]}, "Hobj2base": {"type": "ndarray", "data": [[0.9999995586836304, -0.00030649586421361685, 0.000888083796526912, -0.7361650729174167], [-0.0003056352145548323, -0.9999994837331523, -0.0009690823211950753, 0.08938025243345399], [0.0008883803577622184, 0.0009688104638414894, -0.9999991360929397, 0.0025093811397527096], [0.0, 0.0, 0.0, 1.0]]}, "mean_rme": {"type": "float", "data": 0.0016525793873377484}, "max_rme": {"type": "float", "data": 0.004487969452677813}, "simu": {"type": "float", "data": 0.002}}, {"type": "dict", "image_number": {"type": "int", "data": 13}, "Hcamera2end": {"type": "ndarray", "data": [[0.9999991231298346, -0.000766247755935633, -0.0010800944117469705, -0.014231215364297223], [0.0010802143397343844, 0.00015611674204896175, 0.999999404382094, 0.03284721614680629], [-0.0007660786787240823, -0.9999996942459227, 0.00015694431696866573, 0.03436990809685857], [0.0, 0.0, 0.0, 1.0]]}, "Hobj2base": {"type": "ndarray", "data": [[0.9999994823330552, -0.00037318944910284254, 0.0009466061781853836, -0.7361490593357095], [-0.00037240005841898146, -0.999999582917785, -0.0008339559053933664, 0.0895345085797387], [0.0009469170069176919, 0.0008336029574859048, -0.9999992042268289, 0.0025100911842251186], [0.0, 0.0, 0.0, 1.0]]}, "mean_rme": {"type": "float", "data": 0.0016344520696166915}, "max_rme": {"type": "float", "data": 0.004264475291777078}, "simu": {"type": "float", "data": 0.002}}, {"type": "dict", "image_number": {"type": "int", "data": 14}, "Hcamera2end": {"type": "ndarray", "data": [[0.9999991999340617, -0.0005802790736106225, -0.0011240139825971324, -0.013962098730504488], [0.001124056823404614, 7.35070842542429e-05, 0.9999993655462821, 0.033051721974952084], [-0.0005801960824598849, -0.9999998289364381, 7.415929209586558e-05, 0.03447929537295203], [0.0, 0.0, 0.0, 1.0]]}, "Hobj2base": {"type": "ndarray", "data": [[0.9999993701742016, -0.0002134049581477364, 0.0011018663820587344, -0.7363800686586508], [-0.00021269850242185728, -0.9999997717968072, -0.0006412220217393602, 0.0894414412424693], [0.0011020029705680204, 0.0006409872525518555, -0.9999991873620677, 0.0024392019119272024], [0.0, 0.0, 0.0, 1.0]]}, "mean_rme": {"type": "float", "data": 0.0016772123267623006}, "max_rme": {"type": "float", "data": 0.0046343740552947515}, "simu": {"type": "float", "data": 0.002}}, {"type": "dict", "image_number": {"type": "int", "data": 15}, "Hcamera2end": {"type": "ndarray", "data": [[0.999999698783064, -0.000358859042157406, -0.0006882252313193887, -0.014181872060564062], [0.0006882603261890905, 9.768137421506395e-05, 0.9999997583780068, 0.0329710479659617], [-0.0003587917286628045, -0.9999999308392659, 9.792833323329919e-05, 0.034304535404169306], [0.0, 0.0, 0.0, 1.0]]}, "Hobj2base": {"type": "ndarray", "data": [[0.99999956623471, -3.591753418858864e-05, 0.0009307203246079918, -0.7362399649812335], [-3.5705031757335095e-05, -0.99999997329391, -0.00022833600386839488, 0.08947319446973354], [0.0009307285010183162, 0.00022830267342541463, -0.9999995408110682, 0.0026605997055584455], [0.0, 0.0, 0.0, 1.0]]}, "mean_rme": {"type": "float", "data": 0.0015944178579292687}, "max_rme": {"type": "float", "data": 0.004604604459231169}, "simu": {"type": "float", "data": 0.002}}, {"type": "dict", "image_number": {"type": "int", "data": 16}, "Hcamera2end": {"type": "ndarray", "data": [[0.9999992335681744, -0.000514486580557834, -0.0011261290432583524, -0.014378830816278691], [0.0011260769185070564, -0.00010159255709041304, 0.9999993608146587, 0.03304648409210801], [-0.0005146006580346717, -0.9999998624912458, -0.00010101312776322757, 0.03453053063348491], [0.0, 0.0, 0.0, 1.0]]}, "Hobj2base": {"type": "ndarray", "data": [[0.9999994500624998, -0.0001598703055524605, 0.0010364922495429776, -0.7364605415062119], [-0.0001591373128708128, -0.9999997372506384, -0.000707229785583291, 0.08910710059527653], [0.001036605042247218, 0.0007070644520597069, -0.9999992127546133, 0.0026576842083265266], [0.0, 0.0, 0.0, 1.0]]}, "mean_rme": {"type": "float", "data": 0.0015891598183441036}, "max_rme": {"type": "float", "data": 0.004560674260400518}, "simu": {"type": "float", "data": 0.002}}, {"type": "dict", "image_number": {"type": "int", "data": 17}, "Hcamera2end": {"type": "ndarray", "data": [[0.9999991975550083, -0.000609051291645485, -0.0011108311588764034, -0.014365932603016125], [0.0011107922386738326, -6.423753783968422e-05, 0.999999381006879, 0.032980085626139674], [-0.0006091222717055269, -0.9999998124650138, -6.356095684489915e-05, 0.03473007771736464], [0.0, 0.0, 0.0, 1.0]]}, "Hobj2base": {"type": "ndarray", "data": [[0.9999994394203233, -0.0002675267958184531, 0.0010244942423445387, -0.7366614301278588], [-0.00026683693806082905, -0.9999997376371226, -0.0006734417075002994, 0.08921482268367653], [0.0010246741372574601, 0.0006731679570758767, -0.9999992484436242, 0.002601467254359159], [0.0, 0.0, 0.0, 1.0]]}, "mean_rme": {"type": "float", "data": 0.001594464864014407}, "max_rme": {"type": "float", "data": 0.004465035505346552}, "simu": {"type": "float", "data": 0.002}}, {"type": "dict", "image_number": {"type": "int", "data": 18}, "Hcamera2end": {"type": "ndarray", "data": [[0.9999991281575499, -0.0006412150884557187, -0.0011543514847712926, -0.01418723930098071], [0.001154338474740042, -2.0659371630760148e-05, 0.999999333537716, 0.0329685535290565], [-0.0006412385092863626, -0.9999997942081791, -1.9919174371940684e-05, 0.03483553790301766], [0.0, 0.0, 0.0, 1.0]]}, "Hobj2base": {"type": "ndarray", "data": [[0.9999994719352517, -0.0003168422239062407, 0.0009776196718584106, -0.7367409351855627], [-0.0003161557903543021, -0.9999997034644816, -0.0007022225180763009, 0.08941027724381767], [0.000977841875703759, 0.0007019130671373214, -0.9999992755713938, 0.002590004287153083], [0.0, 0.0, 0.0, 1.0]]}, "mean_rme": {"type": "float", "data": 0.001567814590938184}, "max_rme": {"type": "float", "data": 0.004430768171742889}, "simu": {"type": "float", "data": 0.002}}, {"type": "dict", "image_number": {"type": "int", "data": 19}, "Hcamera2end": {"type": "ndarray", "data": [[0.9999995269526918, -0.0003504661173345053, -0.0009073411118559517, -0.014335029482892631], [0.0009073486468297204, 2.134146462340336e-05, 0.9999995881314027, 0.03286599780289099], [-0.00035044660900027715, -0.9999999383590193, 2.1659449485178506e-05, 0.034846870781902614], [0.0, 0.0, 0.0, 1.0]]}, "Hobj2base": {"type": "ndarray", "data": [[0.9999996557616445, -6.399352646518598e-05, 0.0008272734862659718, -0.7367455264957936], [-6.354562307679853e-05, -0.9999998514044246, -0.000541436129054623, 0.08933801846681823], [0.0008273080117440462, 0.0005413833730624006, -0.9999995112326288, 0.0026114638448873455], [0.0, 0.0, 0.0, 1.0]]}, "mean_rme": {"type": "float", "data": 0.0015353872780381778}, "max_rme": {"type": "float", "data": 0.004499040715784306}, "simu": {"type": "float", "data": 0.002}}, {"type": "dict", "image_number": {"type": "int", "data": 20}, "Hcamera2end": {"type": "ndarray", "data": [[0.9999997503099399, -0.0002500748635406592, -0.000660940708739701, -0.014228426199898128], [0.0006609311902537684, -3.8143272571788955e-05, 0.9999997808575023, 0.03276406362827106], [-0.00025010001918023613, -0.9999999680038263, -3.797798077065373e-05, 0.0348709208489927], [0.0, 0.0, 0.0, 1.0]]}, "Hobj2base": {"type": "ndarray", "data": [[0.9999997044463943, 1.7556767804202276e-05, 0.0007686344280114327, -0.7368521088929367], [1.7782005466572467e-05, -0.9999999569085263, -0.00029303028224233064, 0.08953736176892811], [0.0007686292502252173, 0.0002930438634977748, -0.9999996616671278, 0.002653192199115356], [0.0, 0.0, 0.0, 1.0]]}, "mean_rme": {"type": "float", "data": 0.0015335123745397069}, "max_rme": {"type": "float", "data": 0.004525630817491515}, "simu": {"type": "float", "data": 0.002}}, {"type": "dict", "image_number": {"type": "int", "data": 21}, "Hcamera2end": {"type": "ndarray", "data": [[0.9999998010867892, -0.00017441456709196747, -0.0006061401988912754, -0.014212274688783378], [0.0006061255893410685, -8.380403049712548e-05, 0.9999998127943094, 0.03348354802783636], [-0.0001744653314322816, -0.9999999812782211, -8.369829669496731e-05, 0.03480675493502875], [0.0, 0.0, 0.0, 1.0]]}, "Hobj2base": {"type": "ndarray", "data": [[0.9999996973708625, 6.996163710689195e-05, 0.0007748313060017086, -0.736852850954602], [7.01616269462654e-05, -0.999999964235148, -0.00025808341382110796, 0.08968687852933128], [0.0007748132223518407, 0.000258137699142585, -0.9999996665146436, 0.00198466681316558], [0.0, 0.0, 0.0, 1.0]]}, "mean_rme": {"type": "float", "data": 0.0015078174426336284}, "max_rme": {"type": "float", "data": 0.004436020911395798}, "simu": {"type": "float", "data": 0.002}}, {"type": "dict", "image_number": {"type": "int", "data": 22}, "Hcamera2end": {"type": "ndarray", "data": [[0.9999999107702441, -4.2913130194853705e-05, -0.000420259404611366, -0.01437984673670434], [0.00042025732845650467, -4.837797199552796e-05, 0.9999999105216708, 0.03328314324231255], [-4.293345765276569e-05, -0.9999999979090175, -4.835993312135578e-05, 0.03427856625584252], [0.0, 0.0, 0.0, 1.0]]}, "Hobj2base": {"type": "ndarray", "data": [[0.9999997513700534, 0.00018246920420415615, 0.0006811496317656118, -0.7363532274533123], [0.00018254508124343382, -0.9999999771409007, -0.00011133504394473662, 0.0898385581621315], [0.0006811293009782758, 0.00011145935677838019, -0.9999997618198155, 0.0021296845444840795], [0.0, 0.0, 0.0, 1.0]]}, "mean_rme": {"type": "float", "data": 0.0015433706670374637}, "max_rme": {"type": "float", "data": 0.004215824827312701}, "simu": {"type": "float", "data": 0.002}}, {"type": "dict", "image_number": {"type": "int", "data": 23}, "Hcamera2end": {"type": "ndarray", "data": [[0.9999998574736729, -0.0002971080661434383, -0.00044359827632335706, -0.01460141884954614], [0.000443563345358573, -0.0001176254731050097, 0.9999998947078979, 0.03328788507414305], [-0.0002971602133174265, -0.9999999489455214, -0.00011749367009250555, 0.03420586917696489], [0.0, 0.0, 0.0, 1.0]]}, "Hobj2base": {"type": "ndarray", "data": [[0.9999997294141358, -6.826507927373337e-05, 0.0007324694765358702, -0.7363394253109611], [-6.814540059240164e-05, -0.9999999843259713, -0.00016341438702823738, 0.08963182296939276], [0.0007324806205512075, 0.00016336442838471403, -0.9999997183920624, 0.0020886753373667998], [0.0, 0.0, 0.0, 1.0]]}, "mean_rme": {"type": "float", "data": 0.0015416237799886743}, "max_rme": {"type": "float", "data": 0.004165564387562701}, "simu": {"type": "float", "data": 0.002}}, {"type": "dict", "image_number": {"type": "int", "data": 24}, "Hcamera2end": {"type": "ndarray", "data": [[0.9999998942382161, -0.0002505547427596412, -0.0003856758710615263, -0.014695440321883], [0.00038564551889755654, -0.00012117687040591463, 0.9999999182968468, 0.03323944120967111], [-0.0002506014572835749, -0.9999999612692428, -0.00012108023227619391, 0.03412915015237394], [0.0, 0.0, 0.0, 1.0]]}, "Hobj2base": {"type": "ndarray", "data": [[0.999999760014198, -3.478406400887442e-05, 0.000691926018677201, -0.7362459293354978], [-3.469957203617069e-05, -0.9999999919409666, -0.0001221229112672671, 0.08965010371583478], [0.0006919302610321089, 0.00012209887242277352, -0.9999997531621587, 0.00218875351610328], [0.0, 0.0, 0.0, 1.0]]}, "mean_rme": {"type": "float", "data": 0.001524098715112241}, "max_rme": {"type": "float", "data": 0.004105894178307534}, "simu": {"type": "float", "data": 0.002}}, {"type": "dict", "image_number": {"type": "int", "data": 25}, "Hcamera2end": {"type": "ndarray", "data": [[0.9999999374821688, -6.0749908612811994e-05, -0.0003483462461898288, -0.014992994930644762], [0.00034834288809796677, -5.527913861591571e-05, 0.9999999378007225, 0.0332259669551531], [-6.0769161114641065e-05, -0.9999999966268325, -5.525797336147775e-05, 0.03415469704449048], [0.0, 0.0, 0.0, 1.0]]}, "Hobj2base": {"type": "ndarray", "data": [[0.9999998040945866, 0.00013702770922467586, 0.0006107652539561763, -0.7361835483404581], [0.00013710390847862427, -0.9999999828236985, -0.00012472017307211744, 0.08934627395337395], [0.0006107481533458778, 0.00012480388694224073, -0.9999998057053228, 0.002310517049652179], [0.0, 0.0, 0.0, 1.0]]}, "mean_rme": {"type": "float", "data": 0.001543399698491893}, "max_rme": {"type": "float", "data": 0.00421274387433479}, "simu": {"type": "float", "data": 0.002}}, {"type": "dict", "image_number": {"type": "int", "data": 26}, "Hcamera2end": {"type": "ndarray", "data": [[0.9999999163577522, -0.00011780425800615821, -0.00039167160390046047, -0.014965406583684865], [0.00039166818759954274, -2.9021480638435904e-05, 0.9999999228768892, 0.03331751184575673], [-0.00011781561581059659, -0.9999999926399552, -2.8975338030923226e-05, 0.034077611444274604], [0.0, 0.0, 0.0, 1.0]]}, "Hobj2base": {"type": "ndarray", "data": [[0.999999822802207, 6.903455992281713e-05, 0.0005912950059113774, -0.7361200565656443], [6.911491359724052e-05, -0.9999999883805515, -0.00013587503488702858, 0.08930128828148018], [0.0005912856189676178, 0.00013591587811351632, -0.9999998159540784, 0.002284246784991335], [0.0, 0.0, 0.0, 1.0]]}, "mean_rme": {"type": "float", "data": 0.001518057195084223}, "max_rme": {"type": "float", "data": 0.0042390513241332695}, "simu": {"type": "float", "data": 0.002}}, {"type": "dict", "image_number": {"type": "int", "data": 27}, "Hcamera2end": {"type": "ndarray", "data": [[0.999999898261742, 0.00011107946092227315, -0.00043719315982427805, -0.01499994116898994], [0.00043719524118616515, -1.8714003698239168e-05, 0.9999999042550488, 0.03323189012736438], [0.00011107126865256574, -0.9999999936555696, -1.876256520616515e-05, 0.03405743145440957], [0.0, 0.0, 0.0, 1.0]]}, "Hobj2base": {"type": "ndarray", "data": [[0.9999997797507902, 0.0003039206109651897, 0.0005900259598497173, -0.7361529351015483], [0.00030402629940041846, -0.9999999377556921, -0.00017904363230343296, 0.08918913543322436], [0.0005899715080738404, 0.00017922297627833773, -0.9999998099063545, 0.002326365667595081], [0.0, 0.0, 0.0, 1.0]]}, "mean_rme": {"type": "float", "data": 0.00149426484276248}, "max_rme": {"type": "float", "data": 0.004263226192876807}, "simu": {"type": "float", "data": 0.002}}, {"type": "dict", "image_number": {"type": "int", "data": 28}, "Hcamera2end": {"type": "ndarray", "data": [[0.9999998735719143, 0.00011307163751933641, -0.0004899703665443105, -0.014769309501213714], [0.0004899707664389585, -3.508974795396469e-06, 0.9999998799581603, 0.033257668965723866], [0.0001130699046523423, -0.9999999936012459, -3.564376148679216e-06, 0.03390448443249034], [0.0, 0.0, 0.0, 1.0]]}, "Hobj2base": {"type": "ndarray", "data": [[0.9999997992065939, 0.00029843870695603065, 0.0005590358755310895, -0.7359325728050633], [0.00029856241635260814, -0.9999999309610419, -0.00022122024099587262, 0.08931673589799108], [0.0005589698162531598, 0.00022138710367813327, -0.9999998192702313, 0.0022729460675770174], [0.0, 0.0, 0.0, 1.0]]}, "mean_rme": {"type": "float", "data": 0.0014916397203832419}, "max_rme": {"type": "float", "data": 0.004347143626537802}, "simu": {"type": "float", "data": 0.002}}, {"type": "dict", "image_number": {"type": "int", "data": 29}, "Hcamera2end": {"type": "ndarray", "data": [[0.9999998177682018, 0.00037744472070361186, -0.00047116774727719204, -0.01503784501925948], [0.00047116229323187526, 1.4538706687550196e-05, 0.9999998888973537, 0.0331989311062511], [0.00037745152893818286, -0.9999999286620521, 1.4360866317897347e-05, 0.03385048253753385], [0.0, 0.0, 0.0, 1.0]]}, "Hobj2base": {"type": "ndarray", "data": [[0.9999997269997102, 0.0005458535057089656, 0.0004980406163149506, -0.7357447773435528], [0.0005459645979780591, -0.9999998261079699, -0.00022294996941462486, 0.08914880065037446], [0.0004979188316872538, 0.00022322182109408173, -0.9999998511244172, 0.00245679406769685], [0.0, 0.0, 0.0, 1.0]]}, "mean_rme": {"type": "float", "data": 0.0015499236433731132}, "max_rme": {"type": "float", "data": 0.004392246251406995}, "simu": {"type": "float", "data": 0.002}}, {"type": "dict", "image_number": {"type": "int", "data": 30}, "Hcamera2end": {"type": "ndarray", "data": [[0.9999998137960291, 0.00046236172865612144, -0.0003982832397176516, -0.015069369464715768], [0.00039827821429818083, 1.0961044715540602e-05, 0.9999999206271567, 0.03313725034668971], [0.00046236605755755635, -0.999999893050738, 1.0776894070807508e-05, 0.03375806202691986], [0.0, 0.0, 0.0, 1.0]]}, "Hobj2base": {"type": "ndarray", "data": [[0.9999997002199248, 0.0006212409007441864, 0.0004621902246642095, -0.7356726372991252], [0.0006213130626838779, -0.9999997948165198, -0.0001560031929219485, 0.08918970024955478], [0.000462093214266321, 0.00015629031097932826, -0.9999998810215929, 0.002523559791418343], [0.0, 0.0, 0.0, 1.0]]}, "mean_rme": {"type": "float", "data": 0.0015179667762316373}, "max_rme": {"type": "float", "data": 0.004394918632786404}, "simu": {"type": "float", "data": 0.002}}]}