{"type": "list", "data": [{"type": "dict", "image_number": {"type": "int", "data": 5}, "Hcamera2end": {"type": "ndarray", "data": [[0.9999938622610888, 0.0030318722991820677, -0.0017559016236944375, -0.015490683652053881], [0.0017550835292841195, 0.00027247094329618804, 0.9999984227194512, 0.023258211079418976], [0.0030323459492406072, -0.9999953667442396, 0.00026714808180550165, 0.03838324028589885], [0.0, 0.0, 0.0, 1.0]]}, "Hobj2base": {"type": "ndarray", "data": [[0.9999925985997242, 0.0032191426107473745, 0.0021070991012544973, -0.7409209515893067], [0.0032192597242746506, -0.999994816808023, -5.219115301837774e-05, 0.08905173427431845], [0.0021069201689907554, 5.897406600248731e-05, -0.9999977787022636, 0.002226667167893925], [0.0, 0.0, 0.0, 1.0]]}, "mean_rme": {"type": "float", "data": 0.0009553764653834586}, "max_rme": {"type": "float", "data": 0.0037977669260125246}, "simu": {"type": "float", "data": 0.002}}, {"type": "dict", "image_number": {"type": "int", "data": 6}, "Hcamera2end": {"type": "ndarray", "data": [[0.9999911788122303, 0.003532168900077065, -0.0022729013588916698, -0.012640967097150738], [0.0022778305973053495, -0.0013921316789382576, 0.9999964367222308, 0.02302060505569315], [0.003528992135993331, -0.9999927928501534, -0.0014001650810786526, 0.03514119764688078], [0.0, 0.0, 0.0, 1.0]]}, "Hobj2base": {"type": "ndarray", "data": [[0.999986619585063, 0.00376367818480315, 0.003548996669447059, -0.7365825989561681], [0.003766277451912757, -0.9999926440147364, -0.0007259962619797778, 0.09103267605928446], [0.003546238146786395, 0.0007393530539816017, -0.9999934387545093, 0.0013004422879672368], [0.0, 0.0, 0.0, 1.0]]}, "mean_rme": {"type": "float", "data": 0.0012636955181768539}, "max_rme": {"type": "float", "data": 0.0038087966034813237}, "simu": {"type": "float", "data": 0.002}}, {"type": "dict", "image_number": {"type": "int", "data": 7}, "Hcamera2end": {"type": "ndarray", "data": [[0.9999889152475219, 0.003996376148173324, -0.0024896505310655964, -0.012344606900229965], [0.0024958529468391923, -0.0015477738158078402, 0.999995687547843, 0.02295634898898811], [0.003992505498089887, -0.9999908166447818, -0.0015577310263044097, 0.03539201645048971], [0.0, 0.0, 0.0, 1.0]]}, "Hobj2base": {"type": "ndarray", "data": [[0.9999852915613157, 0.00417177691118768, 0.0034659686140806932, -0.7366842576267406], [0.004174966371448498, -0.9999908675479063, -0.000913496897767016, 0.09124614657907858], [0.003462126056021822, 0.0009279537640621897, -0.9999935762718595, 0.001357003562184925], [0.0, 0.0, 0.0, 1.0]]}, "mean_rme": {"type": "float", "data": 0.0011810878586052136}, "max_rme": {"type": "float", "data": 0.003800934014881574}, "simu": {"type": "float", "data": 0.002}}, {"type": "dict", "image_number": {"type": "int", "data": 8}, "Hcamera2end": {"type": "ndarray", "data": [[0.999987706226286, 0.004178311498429832, -0.0026700391969433908, -0.01293515334406994], [0.0026745622835943166, -0.0010773024901693518, 0.999995843059328, 0.023199909446260915], [0.004175417689561107, -0.9999906905228503, -0.001088464400399003, 0.034621153623277466], [0.0, 0.0, 0.0, 1.0]]}, "Hobj2base": {"type": "ndarray", "data": [[0.999986141889403, 0.0042982311364364225, 0.003039940500135058, -0.736127480951523], [0.004301518082367036, -0.999990170026481, -0.0010755429309873396, 0.0904650824110537], [0.003035287685485899, 0.001088604385025101, -0.9999948009710646, 0.0014317710382937207], [0.0, 0.0, 0.0, 1.0]]}, "mean_rme": {"type": "float", "data": 0.0012080704074276254}, "max_rme": {"type": "float", "data": 0.003575718819500362}, "simu": {"type": "float", "data": 0.002}}, {"type": "dict", "image_number": {"type": "int", "data": 9}, "Hcamera2end": {"type": "ndarray", "data": [[0.9999870235522621, 0.004221231690020834, -0.0028520045769254705, -0.013013531922012447], [0.0028561559888065973, -0.000977758513297955, 0.9999954431702462, 0.023322964850285406], [0.0042184238828316175, -0.9999906125515923, -0.0009898023216372565, 0.03450005763674167], [0.0, 0.0, 0.0, 1.0]]}, "Hobj2base": {"type": "ndarray", "data": [[0.9999862161216359, 0.004333005055243392, 0.0029652375831158784, -0.7360452392470734], [0.004336706455212882, -0.9999898239433365, -0.0012429750186504851, 0.09027261311348345], [0.0029598215916508573, 0.001255817250601957, -0.9999948311762312, 0.001413953513550022], [0.0, 0.0, 0.0, 1.0]]}, "mean_rme": {"type": "float", "data": 0.0011201299493701859}, "max_rme": {"type": "float", "data": 0.0034998140861410842}, "simu": {"type": "float", "data": 0.002}}, {"type": "dict", "image_number": {"type": "int", "data": 10}, "Hcamera2end": {"type": "ndarray", "data": [[0.9999879266226205, 0.003886066846863605, -0.0030075061852639045, -0.013009652801065613], [0.0030112287791499793, -0.0009524379684924256, 0.9999950126691409, 0.023475632388563636], [0.003883183002681178, -0.9999919956411539, -0.0009641283056764927, 0.03440474216971442], [0.0, 0.0, 0.0, 1.0]]}, "Hobj2base": {"type": "ndarray", "data": [[0.9999876580384116, 0.003979413569608369, 0.0029745652614873016, -0.7360758434254993], [0.00398389094770816, -0.9999909380434848, -0.0015008143883294463, 0.09010937200679517], [0.0029685659449638687, 0.0015126462089545207, -0.9999944497434359, 0.0013883235514036696], [0.0, 0.0, 0.0, 1.0]]}, "mean_rme": {"type": "float", "data": 0.0011260252808533732}, "max_rme": {"type": "float", "data": 0.003621758719002166}, "simu": {"type": "float", "data": 0.002}}, {"type": "dict", "image_number": {"type": "int", "data": 11}, "Hcamera2end": {"type": "ndarray", "data": [[0.9999871788561853, 0.004137817210845096, -0.002919005306158865, -0.013279305780294886], [0.002922032592511687, -0.0007257577653845271, 0.9999954674903254, 0.023561252436121078], [0.004135679965380412, -0.999991175833265, -0.0007378392970918135, 0.03422516261947826], [0.0, 0.0, 0.0, 1.0]]}, "Hobj2base": {"type": "ndarray", "data": [[0.9999873134235846, 0.004221781960352606, 0.0027476442565847097, -0.7360092922373632], [0.004225670338342242, -0.9999900764801082, -0.0014109044968088136, 0.08983286805860705], [0.002741660459129866, 0.0014224972360964664, -0.999995229888393, 0.0014050792264287757], [0.0, 0.0, 0.0, 1.0]]}, "mean_rme": {"type": "float", "data": 0.0010765262994601866}, "max_rme": {"type": "float", "data": 0.0037105801128046734}, "simu": {"type": "float", "data": 0.002}}, {"type": "dict", "image_number": {"type": "int", "data": 12}, "Hcamera2end": {"type": "ndarray", "data": [[0.9999871824844034, 0.004131089447351686, -0.002927279775205384, -0.013210188824307962], [0.0029305044697362143, -0.0007747546711929232, 0.9999954059388233, 0.023609075186394178], [0.00412880254519431, -0.9999911668885767, -0.0007868509168531546, 0.03421650069124623], [0.0, 0.0, 0.0, 1.0]]}, "Hobj2base": {"type": "ndarray", "data": [[0.9999873988435115, 0.004200019176893183, 0.0027499078350913765, -0.7359607920177743], [0.004204142576513907, -0.9999900444194019, -0.001495408733038116, 0.08973286173493067], [0.0027435997128062335, 0.0015069508937696537, -0.999995100867809, 0.001399465012664275], [0.0, 0.0, 0.0, 1.0]]}, "mean_rme": {"type": "float", "data": 0.0010648383209920416}, "max_rme": {"type": "float", "data": 0.0037516589795340005}, "simu": {"type": "float", "data": 0.002}}, {"type": "dict", "image_number": {"type": "int", "data": 13}, "Hcamera2end": {"type": "ndarray", "data": [[0.9999891927407246, 0.003918852132745123, -0.002501399551347335, -0.013277842485358576], [0.002502548356223617, -0.00028827215565452313, 0.9999968270704107, 0.023549473780340398], [0.003918118614662415, -0.9999922797187615, -0.0002980761571858004, 0.03382741361115596], [0.0, 0.0, 0.0, 1.0]]}, "Hobj2base": {"type": "ndarray", "data": [[0.9999899466024662, 0.003960381805398144, 0.002102871834455973, -0.7360134224688089], [0.00396389171583567, -0.9999907533482728, -0.00166756721552323, 0.09001252495805342], [0.0020962481870728574, 0.0016758860070511623, -0.9999963985683293, 0.0017721785747724394], [0.0, 0.0, 0.0, 1.0]]}, "mean_rme": {"type": "float", "data": 0.0010908014090664532}, "max_rme": {"type": "float", "data": 0.003972584258721268}, "simu": {"type": "float", "data": 0.002}}, {"type": "dict", "image_number": {"type": "int", "data": 14}, "Hcamera2end": {"type": "ndarray", "data": [[0.9999896062855302, 0.003833394711949664, -0.0024682799461663548, -0.013136311253054552], [0.002469277244282682, -0.00025544947257549744, 0.9999969187029816, 0.02354559152547609], [0.003832752379311551, -0.9999926198880416, -0.00026491253183724695, 0.033768384819063114], [0.0, 0.0, 0.0, 1.0]]}, "Hobj2base": {"type": "ndarray", "data": [[0.9999904082023187, 0.00386799398898052, 0.002054781219813113, -0.7359189071899443], [0.0038713637736646073, -0.9999911638348429, -0.0016385343350749583, 0.0900003205922972], [0.0020484252224680856, 0.0016464734241623132, -0.9999965465337219, 0.001718701314901828], [0.0, 0.0, 0.0, 1.0]]}, "mean_rme": {"type": "float", "data": 0.0011324491071823927}, "max_rme": {"type": "float", "data": 0.0039061995211021605}, "simu": {"type": "float", "data": 0.002}}, {"type": "dict", "image_number": {"type": "int", "data": 15}, "Hcamera2end": {"type": "ndarray", "data": [[0.9999928902818856, 0.003271125630585531, -0.0018759325119757108, -0.012367739618506537], [0.0018769698874891061, -0.00031408998262749677, 0.9999981891641226, 0.023851052231657233], [0.003270530495503783, -0.9999946005277188, -0.00032022755384297774, 0.034231158846532134], [0.0, 0.0, 0.0, 1.0]]}, "Hobj2base": {"type": "ndarray", "data": [[0.9999930492997654, 0.003323265846228928, 0.0016903420577946081, -0.7369007378614576], [0.0033252010189494096, -0.9999938179075751, -0.0011433218339937676, 0.09066380542882053], [0.001686532045541617, 0.0011489346142393795, -0.9999979177772884, 0.001590759969481089], [0.0, 0.0, 0.0, 1.0]]}, "mean_rme": {"type": "float", "data": 0.0012470932589368124}, "max_rme": {"type": "float", "data": 0.003964855839909021}, "simu": {"type": "float", "data": 0.002}}, {"type": "dict", "image_number": {"type": "int", "data": 16}, "Hcamera2end": {"type": "ndarray", "data": [[0.9999948019910921, 0.0029523934090675613, -0.0012959027565679119, -0.013574507100517535], [0.0012959662317957301, -1.958657862011215e-05, 0.9999991600435931, 0.023471386823985967], [0.0029523655468845765, -0.9999956414852635, -2.3412678969991774e-05, 0.034234190336823685], [0.0, 0.0, 0.0, 1.0]]}, "Hobj2base": {"type": "ndarray", "data": [[0.9999948816835161, 0.0030079121539961853, 0.0010904454339568956, -0.7365553623952069], [0.0030087800873633734, -0.9999951574545589, -0.0007951791100739946, 0.0898751263900904], [0.0010880483245155356, 0.0007984559506036936, -0.9999990893090542, 0.0018344087347194164], [0.0, 0.0, 0.0, 1.0]]}, "mean_rme": {"type": "float", "data": 0.001345965729428888}, "max_rme": {"type": "float", "data": 0.00444466234055485}, "simu": {"type": "float", "data": 0.002}}, {"type": "dict", "image_number": {"type": "int", "data": 17}, "Hcamera2end": {"type": "ndarray", "data": [[0.9999940999291439, 0.003202264018091238, -0.0012432264716287006, -0.013495544012284599], [0.001243428906140358, -6.122593523993913e-05, 0.9999992250676698, 0.023420951662449], [0.00320218541884988, -0.9999948708651175, -6.520736164783436e-05, 0.03423247784218429], [0.0, 0.0, 0.0, 1.0]]}, "Hobj2base": {"type": "ndarray", "data": [[0.9999941380255359, 0.0032535493086337974, 0.0010669261744323836, -0.7364982004898473], [0.003254372123963198, -0.9999944077768679, -0.0007703746299565382, 0.08987062538817163], [0.0010644137560984666, 0.000773842288840529, -0.9999991340953591, 0.0017926369942178693], [0.0, 0.0, 0.0, 1.0]]}, "mean_rme": {"type": "float", "data": 0.0013425685907320936}, "max_rme": {"type": "float", "data": 0.004469930882015416}, "simu": {"type": "float", "data": 0.002}}, {"type": "dict", "image_number": {"type": "int", "data": 18}, "Hcamera2end": {"type": "ndarray", "data": [[0.9999939160468866, 0.0033473403364040494, -0.0009814183026205336, -0.013861184736617623], [0.0009822036892235674, -0.00023299422267042402, 0.9999994904946725, 0.023503240277169143], [0.003347109966121782, -0.9999943704973364, -0.00023628057517188772, 0.03444078192573993], [0.0, 0.0, 0.0, 1.0]]}, "Hobj2base": {"type": "ndarray", "data": [[0.9999937107288319, 0.0033979644646960003, 0.0010160414744969214, -0.7364707925736], [0.003398456677545324, -0.999994108531953, -0.0004831082638981244, 0.08957576568681852], [0.0010143939038077137, 0.00048655819843291626, -0.9999993671328631, 0.002031446254359819], [0.0, 0.0, 0.0, 1.0]]}, "mean_rme": {"type": "float", "data": 0.0013957293884798339}, "max_rme": {"type": "float", "data": 0.005192270225257367}, "simu": {"type": "float", "data": 0.002}}, {"type": "dict", "image_number": {"type": "int", "data": 19}, "Hcamera2end": {"type": "ndarray", "data": [[0.9999948311228095, 0.00303467628163939, -0.001062293523199302, -0.01404079876498139], [0.0010630727781838752, -0.00025518205863517274, 0.9999994023790141, 0.02504396414699665], [0.0030344033898050326, -0.9999953628002395, -0.0002584068213762336, 0.03432190915241761], [0.0, 0.0, 0.0, 1.0]]}, "Hobj2base": {"type": "ndarray", "data": [[0.999994673176655, 0.0031032913117790286, 0.0010115341561432027, -0.7363131716067907], [0.003103802381401679, -0.99999505615268, -0.0005040644559607172, 0.08969593184927757], [0.0010099648964260162, 0.0005072013730211122, -0.9999993613586338, 0.0004155417516353726], [0.0, 0.0, 0.0, 1.0]]}, "mean_rme": {"type": "float", "data": 0.001420903223420339}, "max_rme": {"type": "float", "data": 0.00526428042417415}, "simu": {"type": "float", "data": 0.002}}, {"type": "dict", "image_number": {"type": "int", "data": 20}, "Hcamera2end": {"type": "ndarray", "data": [[0.9999940592266695, 0.0032312520060507714, -0.0012002174142915197, -0.013970419588950622], [0.0012011233182801183, -0.00027843098704982694, 0.9999992398891907, 0.0251612893582559], [0.0032309153722218592, -0.9999947407294992, -0.0002823104650861996, 0.034292999762691755], [0.0, 0.0, 0.0, 1.0]]}, "Hobj2base": {"type": "ndarray", "data": [[0.9999940525911263, 0.0032908495394352436, 0.0010320327924029987, -0.7362163277003312], [0.003291509932813476, -0.9999943788998118, -0.0006388514228099539, 0.08956330329303601], [0.001029924627332754, 0.0006422445694865165, -0.9999992633883155, 0.00042712410918072097], [0.0, 0.0, 0.0, 1.0]]}, "mean_rme": {"type": "float", "data": 0.0014418457814168216}, "max_rme": {"type": "float", "data": 0.0051394058575385815}, "simu": {"type": "float", "data": 0.002}}, {"type": "dict", "image_number": {"type": "int", "data": 21}, "Hcamera2end": {"type": "ndarray", "data": [[0.9999941905101265, 0.003252271781511484, -0.0010206244442057051, -0.014047360610177008], [0.0010214489899313536, -0.0002518782245728435, 0.9999994465995073, 0.02519950059246269], [0.0032520129086297156, -0.9999946796286564, -0.0002551987910150988, 0.03467065672945073], [0.0, 0.0, 0.0, 1.0]]}, "Hobj2base": {"type": "ndarray", "data": [[0.9999941854602901, 0.0032962288125338523, 0.0008740258728739986, -0.7365356413540023], [0.0032966815861005722, -0.9999944322343048, -0.0005170985487473902, 0.08932265105607538], [0.0008723165313674268, 0.0005199769270582238, -0.9999994843437989, 0.00029306260442361437], [0.0, 0.0, 0.0, 1.0]]}, "mean_rme": {"type": "float", "data": 0.0014828378574941725}, "max_rme": {"type": "float", "data": 0.005228173249233081}, "simu": {"type": "float", "data": 0.002}}, {"type": "dict", "image_number": {"type": "int", "data": 22}, "Hcamera2end": {"type": "ndarray", "data": [[0.9999948563238279, 0.0031294725564021226, -0.00070265738837162, -0.013911807040376149], [0.0007033700664447631, -0.00022663628162122862, 0.9999997269532355, 0.025257645181990758], [0.0031293124542520123, -0.9999950775066417, -0.00022883629319747634, 0.03464914990389641], [0.0, 0.0, 0.0, 1.0]]}, "Hobj2base": {"type": "ndarray", "data": [[0.9999946686234722, 0.0031889313825265247, 0.0007024537490607625, -0.7366538343441896], [0.0031891032987389468, -0.9999948850893037, -0.00024375270459967916, 0.08961216641149207], [0.000701672845423294, 0.0002459916026305725, -0.9999997235716367, 0.0002702265060162109], [0.0, 0.0, 0.0, 1.0]]}, "mean_rme": {"type": "float", "data": 0.0014579161523485134}, "max_rme": {"type": "float", "data": 0.005175314866952108}, "simu": {"type": "float", "data": 0.002}}, {"type": "dict", "image_number": {"type": "int", "data": 23}, "Hcamera2end": {"type": "ndarray", "data": [[0.9999951869003257, 0.003029567457579258, -0.0006692512253377784, -0.013929433249093915], [0.0006697502702453096, -0.00016371327254294243, 0.9999997623162418, 0.025107481862501498], [0.003029457172192025, -0.9999953974489004, -0.00016574153819814974, 0.0342489660590075], [0.0, 0.0, 0.0, 1.0]]}, "Hobj2base": {"type": "ndarray", "data": [[0.9999950274793947, 0.0030926971942570394, 0.000616636480529157, -0.7363870856476656], [0.003092864616834656, -0.9999951804323028, -0.00027074088761676004, 0.0898783192769786], [0.0006157961890243916, 0.0002726467145041958, -0.9999997732293857, 0.0004798493544291004], [0.0, 0.0, 0.0, 1.0]]}, "mean_rme": {"type": "float", "data": 0.0014819670098551573}, "max_rme": {"type": "float", "data": 0.00513040743537041}, "simu": {"type": "float", "data": 0.002}}, {"type": "dict", "image_number": {"type": "int", "data": 24}, "Hcamera2end": {"type": "ndarray", "data": [[0.9999955601362548, 0.0029180449637598253, -0.0006039216567428458, -0.013724377759591597], [0.0006041564431005456, -7.957934774815989e-05, 0.9999998143310425, 0.025233692212609307], [0.0029179963622779246, -0.9999957393312817, -8.134195009290579e-05, 0.03436350347501982], [0.0, 0.0, 0.0, 1.0]]}, "Hobj2base": {"type": "ndarray", "data": [[0.9999954387441884, 0.0029785046477860044, 0.0005009998816159461, -0.7366324860953104], [0.0029786252390219215, -0.9999955350552789, -0.00024012744763457974, 0.09004351521323829], [0.000500282423960329, 0.00024161864324399193, -0.9999998456689516, 0.0004423004126021789], [0.0, 0.0, 0.0, 1.0]]}, "mean_rme": {"type": "float", "data": 0.0014805103803013236}, "max_rme": {"type": "float", "data": 0.005065311258017791}, "simu": {"type": "float", "data": 0.002}}, {"type": "dict", "image_number": {"type": "int", "data": 25}, "Hcamera2end": {"type": "ndarray", "data": [[0.999994755762262, 0.003190556117059579, -0.0005556974337174957, -0.013986462479786526], [0.0005558309586397969, -4.096349190430004e-05, 0.9999998446869569, 0.025232442570108236], [0.003190532858217272, -0.9999949093238707, -4.273668694709798e-05, 0.03429422413319647], [0.0, 0.0, 0.0, 1.0]]}, "Hobj2base": {"type": "ndarray", "data": [[0.9999946566573658, 0.0032394225794452544, 0.00043908776914767356, -0.7365101525284976], [0.00323952194820255, -0.9999947272453726, -0.00022578529605446148, 0.08979884792041984], [0.0004383540399594614, 0.00022720652407160407, -0.9999998781114581, 0.0004842059810224186], [0.0, 0.0, 0.0, 1.0]]}, "mean_rme": {"type": "float", "data": 0.0014673978817528839}, "max_rme": {"type": "float", "data": 0.005026830761746814}, "simu": {"type": "float", "data": 0.002}}, {"type": "dict", "image_number": {"type": "int", "data": 26}, "Hcamera2end": {"type": "ndarray", "data": [[0.9999938692096975, 0.0034582021656506755, -0.0005498916256036262, -0.013845294857196884], [0.000549944882950858, -1.4449404613703365e-05, 0.999999848675909, 0.02524219463161704], [0.0034581936967347836, -0.9999940202966198, -1.6351136612691164e-05, 0.034358735579453216], [0.0, 0.0, 0.0, 1.0]]}, "Hobj2base": {"type": "ndarray", "data": [[0.9999938182734552, 0.003491024308603077, 0.00041971913529888964, -0.7365404466368173], [0.003491113411769807, -0.9999938836263715, -0.00021174747545663492, 0.08991281570894522], [0.00041897735255573467, 0.0002132114535940635, -0.9999998894994211, 0.0004930104108933652], [0.0, 0.0, 0.0, 1.0]]}, "mean_rme": {"type": "float", "data": 0.0014576581949675002}, "max_rme": {"type": "float", "data": 0.005016644077205812}, "simu": {"type": "float", "data": 0.002}}, {"type": "dict", "image_number": {"type": "int", "data": 27}, "Hcamera2end": {"type": "ndarray", "data": [[0.9999944187822091, 0.0032995598131135145, -0.0005246994106303661, -0.013964312304821836], [0.000524628809957042, 2.226248565828648e-05, 0.9999998621344873, 0.0251016189822887], [0.0032995710393311133, -0.9999945561898932, 2.0531317268424054e-05, 0.03424337884183609], [0.0, 0.0, 0.0, 1.0]]}, "Hobj2base": {"type": "ndarray", "data": [[0.9999943931217093, 0.0033290579390648192, 0.0003620751062430993, -0.7363847570233768], [0.0033291417484241684, -0.9999944316853404, -0.00023111367623457492, 0.08995157166376175], [0.00036130369927628227, 0.00023231777976058, -0.9999999077440385, 0.000587181588968358], [0.0, 0.0, 0.0, 1.0]]}, "mean_rme": {"type": "float", "data": 0.0014749903043024828}, "max_rme": {"type": "float", "data": 0.005070598940725035}, "simu": {"type": "float", "data": 0.002}}, {"type": "dict", "image_number": {"type": "int", "data": 28}, "Hcamera2end": {"type": "ndarray", "data": [[0.9999943945896588, 0.0033103615411043943, -0.0005022904827349935, -0.013858194021932963], [0.0005022189944414775, 2.242654313910908e-05, 0.9999998736365577, 0.025156847397039023], [0.0033103723874348947, -0.9999945204867459, 2.0763890984709654e-05, 0.03430710927960773], [0.0, 0.0, 0.0, 1.0]]}, "Hobj2base": {"type": "ndarray", "data": [[0.9999943526139814, 0.003342629450040545, 0.00034866675211476367, -0.736516558385876], [0.0033427067560711904, -0.9999943886371669, -0.00022137236039935043, 0.08997045899585614], [0.00034792482984781384, 0.0002225366009320888, -0.9999999147128835, 0.0005285419591297195], [0.0, 0.0, 0.0, 1.0]]}, "mean_rme": {"type": "float", "data": 0.0014672496904380428}, "max_rme": {"type": "float", "data": 0.005074079793941699}, "simu": {"type": "float", "data": 0.002}}, {"type": "dict", "image_number": {"type": "int", "data": 29}, "Hcamera2end": {"type": "ndarray", "data": [[0.9999942776504007, 0.0033127696901234273, -0.0006857283962540853, -0.013816891783312416], [0.0006864907773552768, -0.00022900243420043154, 0.9999997381441146, 0.025035312710544527], [0.003312611789183245, -0.9999944865422337, -0.00023127530960809217, 0.03456308044511257], [0.0, 0.0, 0.0, 1.0]]}, "Hobj2base": {"type": "ndarray", "data": [[0.9999942513416872, 0.003357960447808404, 0.0004705158971589921, -0.7366745463998468], [0.0033581925620774665, -0.9999942395329406, -0.0004934000942890323, 0.08998277791710321], [0.00046885636876609776, 0.0004949773408866572, -0.9999997675855423, 0.000493286293801283], [0.0, 0.0, 0.0, 1.0]]}, "mean_rme": {"type": "float", "data": 0.0014967424503695812}, "max_rme": {"type": "float", "data": 0.0051732634239936015}, "simu": {"type": "float", "data": 0.002}}, {"type": "dict", "image_number": {"type": "int", "data": 30}, "Hcamera2end": {"type": "ndarray", "data": [[0.9999943346367155, 0.0032946958090356, -0.0006896912342982315, -0.013796115569983423], [0.0006903951494565746, -0.0002125184852752593, 0.9999997390951817, 0.025200397965275574], [0.0032945483772971675, -0.9999945498928581, -0.0002147919232862172, 0.03439156629894832], [0.0, 0.0, 0.0, 1.0]]}, "Hobj2base": {"type": "ndarray", "data": [[0.9999943558689685, 0.00333081927756978, 0.00044031028499251344, -0.7365170650343515], [0.0033310337228283134, -0.9999943334095414, -0.0004871992860050607, 0.08993003018591447], [0.00043868501716060976, 0.0004886632245962702, -0.9999997843818311, 0.0005308702667809418], [0.0, 0.0, 0.0, 1.0]]}, "mean_rme": {"type": "float", "data": 0.0015373090460987354}, "max_rme": {"type": "float", "data": 0.005777863969195218}, "simu": {"type": "float", "data": 0.002}}]}