{"type": "list", "data": [{"type": "dict", "image_number": {"type": "int", "data": 5}, "Hcamera2end": {"type": "ndarray", "data": [[0.9999724140618886, 0.0027720649620063768, -0.006891064582865668, -0.011809447105874293], [0.00688778822346039, 0.0011897357334937908, 0.9999755711527524, 0.01784769842416994], [0.002780195789430909, -0.9999954500820146, 0.0011706095171175601, 0.03402753788397475], [0.0, 0.0, 0.0, 1.0]]}, "Hobj2base": {"type": "ndarray", "data": [[0.9999969658715798, 0.00217187731301031, -0.0011624098122501479, -0.7345669361104649], [0.002175095047249325, -0.9999937866741189, 0.0027740898853848206, 0.0941313192140802], [-0.0011563776069328582, -0.0027766098202653584, -0.9999954766041375, 0.011166662298448139], [0.0, 0.0, 0.0, 1.0]]}, "mean_rme": {"type": "float", "data": 0.0021072817717431086}, "max_rme": {"type": "float", "data": 0.0065726458259938725}, "simu": {"type": "float", "data": 0.002}}, {"type": "dict", "image_number": {"type": "int", "data": 6}, "Hcamera2end": {"type": "ndarray", "data": [[0.9999782934925036, 0.002484413815934364, -0.006102477514225736, -0.012989901919379803], [0.006100976057606996, 0.0006114813062085833, 0.9999812019141947, 0.01785088312852081], [0.002488098664631784, -0.9999967268839454, 0.0005963106838767773, 0.034112663529608234], [0.0, 0.0, 0.0, 1.0]]}, "Hobj2base": {"type": "ndarray", "data": [[0.9999971846770561, 0.002196190825166572, -0.0008985453918702504, -0.7345584372806542], [0.0021978392246320934, -0.9999958962385391, 0.001837663958364254, 0.0928053171846371], [-0.0008945058437292014, -0.0018396336430541137, -0.9999979078014889, 0.01178331459781129], [0.0, 0.0, 0.0, 1.0]]}, "mean_rme": {"type": "float", "data": 0.002263803619983528}, "max_rme": {"type": "float", "data": 0.0068867629917269135}, "simu": {"type": "float", "data": 0.002}}, {"type": "dict", "image_number": {"type": "int", "data": 7}, "Hcamera2end": {"type": "ndarray", "data": [[0.9999798921338333, 0.002676731835591981, -0.005748950746650601, -0.01263102437250773], [0.005739349424384976, 0.003580927157094349, 0.9999771181526508, 0.017869060745293208], [0.0026972571608762036, -0.9999900059837478, 0.0035654924529705534, 0.03130470497943092], [0.0, 0.0, 0.0, 1.0]]}, "Hobj2base": {"type": "ndarray", "data": [[0.9999924550173552, 0.0012079248924614047, -0.003691994828934478, -0.7331651453836182], [0.0012147614046888145, -0.9999975508668362, 0.0018500310967604044, 0.09392033161331728], [-0.0036897510881338975, -0.0018545020311323873, -0.9999914732432094, 0.012495514939849049], [0.0, 0.0, 0.0, 1.0]]}, "mean_rme": {"type": "float", "data": 0.002329322047213463}, "max_rme": {"type": "float", "data": 0.006123595738108389}, "simu": {"type": "float", "data": 0.002}}, {"type": "dict", "image_number": {"type": "int", "data": 8}, "Hcamera2end": {"type": "ndarray", "data": [[0.9999817304302591, 0.0027384322986113646, -0.005388858343889295, -0.012289106642970683], [0.0053766702954556505, 0.0044387792517820435, 0.999975694032254, 0.01817669193482212], [0.002762285690971889, -0.9999863990211566, 0.00442397450959886, 0.030639163586901448], [0.0, 0.0, 0.0, 1.0]]}, "Hobj2base": {"type": "ndarray", "data": [[0.999989616686285, 0.0009137529819947294, -0.004464479264664009, -0.7331354471602112], [0.0009220068183334499, -0.9999978691138962, 0.00184707094990411, 0.09444391625532579], [-0.0044627819847787515, -0.0018511680515093118, -0.9999883283087867, 0.012087943129842738], [0.0, 0.0, 0.0, 1.0]]}, "mean_rme": {"type": "float", "data": 0.002159698334043684}, "max_rme": {"type": "float", "data": 0.005994243707388103}, "simu": {"type": "float", "data": 0.002}}, {"type": "dict", "image_number": {"type": "int", "data": 9}, "Hcamera2end": {"type": "ndarray", "data": [[0.999983622051896, 0.0025496125624786706, -0.0051239734339853455, -0.012154937211718193], [0.005111044570386299, 0.00505184958738325, 0.999974177686177, 0.018609696552157315], [0.0025754322686611965, -0.9999839890175881, 0.005038735665008898, 0.02955205439061719], [0.0, 0.0, 0.0, 1.0]]}, "Hobj2base": {"type": "ndarray", "data": [[0.9999879018185875, 0.0005211740602994324, -0.004891277344180235, -0.7324144463835363], [0.0005300725721087102, -0.999998206690969, 0.001818141335180853, 0.09498078544125163], [-0.004890321004506545, -0.0018207120709398735, -0.9999863847913268, 0.011523087334086864], [0.0, 0.0, 0.0, 1.0]]}, "mean_rme": {"type": "float", "data": 0.0020702028165215033}, "max_rme": {"type": "float", "data": 0.00562541263344335}, "simu": {"type": "float", "data": 0.002}}, {"type": "dict", "image_number": {"type": "int", "data": 10}, "Hcamera2end": {"type": "ndarray", "data": [[0.9999879294895485, 0.002235939151771788, -0.004375094435015348, -0.013109157168605053], [0.004367241920105383, 0.00350485153173985, 0.9999843214839679, 0.01958392400790656], [0.00225123815199602, -0.9999913582585851, 0.003495044339198339, 0.032018477639524985], [0.0, 0.0, 0.0, 1.0]]}, "Hobj2base": {"type": "ndarray", "data": [[0.9999944316244143, 0.0009337353260850779, -0.0032038817870762466, -0.7341608843682208], [0.0009393185498134676, -0.99999804228536, 0.0017415814964631584, 0.09478375267065542], [-0.0032022493386234642, -0.0017445812642772833, -0.9999933509955881, 0.010095988677752021], [0.0, 0.0, 0.0, 1.0]]}, "mean_rme": {"type": "float", "data": 0.0020307752788159797}, "max_rme": {"type": "float", "data": 0.005710153614757907}, "simu": {"type": "float", "data": 0.002}}, {"type": "dict", "image_number": {"type": "int", "data": 11}, "Hcamera2end": {"type": "ndarray", "data": [[0.9999867935979766, 0.0023960368553778504, -0.004546607199370606, -0.012445652996642475], [0.004536850066822945, 0.004062018613888885, 0.9999814583262289, 0.019534198963975055], [0.002414460831918018, -0.9999888794442505, 0.0040510945092705475, 0.03158592615884366], [0.0, 0.0, 0.0, 1.0]]}, "Hobj2base": {"type": "ndarray", "data": [[0.999992706233245, 0.0008445798551162011, -0.0037248040457581125, -0.7340644903509382], [0.0008502079569218346, -0.999998499043298, 0.0015096547887667342, 0.09531284842773191], [-0.0037235234309657443, -0.0015128106357345027, -0.9999919233560037, 0.009928362050120427], [0.0, 0.0, 0.0, 1.0]]}, "mean_rme": {"type": "float", "data": 0.0019121567271376382}, "max_rme": {"type": "float", "data": 0.005653963694448816}, "simu": {"type": "float", "data": 0.002}}, {"type": "dict", "image_number": {"type": "int", "data": 12}, "Hcamera2end": {"type": "ndarray", "data": [[0.9999889875457213, 0.0021490211674771043, -0.004172109215375477, -0.012616686532819249], [0.004165030982021122, 0.003287712650847152, 0.9999859216321221, 0.019819216104947877], [0.002162707609014638, -0.9999922862970232, 0.003278725705318286, 0.031663906280920064], [0.0, 0.0, 0.0, 1.0]]}, "Hobj2base": {"type": "ndarray", "data": [[0.999995353664793, 0.0009844468891386587, -0.0028850499385823414, -0.7338015930327789], [0.0009884534697285018, -0.9999985487035787, 0.0013876420558254683, 0.09509613750670237], [-0.0028836796916145943, -0.001390487345997461, -0.999994875455058, 0.009728041095521936], [0.0, 0.0, 0.0, 1.0]]}, "mean_rme": {"type": "float", "data": 0.0018131872727150755}, "max_rme": {"type": "float", "data": 0.00563762655463651}, "simu": {"type": "float", "data": 0.002}}, {"type": "dict", "image_number": {"type": "int", "data": 13}, "Hcamera2end": {"type": "ndarray", "data": [[0.9999902131114412, 0.0020110708432229734, -0.003940720162357892, -0.01338408962942168], [0.0039359877832966595, 0.0023517211523310655, 0.9999894886486514, 0.020068338276179914], [0.0020203171791119876, -0.9999952124893824, 0.002343782586027965, 0.03258795143688429], [0.0, 0.0, 0.0, 1.0]]}, "Hobj2base": {"type": "ndarray", "data": [[0.9999973190164501, 0.0012794551200136796, -0.0019300141212284622, -0.7344402124979498], [0.0012818638383442684, -0.9999984005187141, 0.0012473111532018241, 0.09442315647670038], [-0.0019284151555657803, -0.0012497818244906374, -0.9999973596267036, 0.00924718750623214], [0.0, 0.0, 0.0, 1.0]]}, "mean_rme": {"type": "float", "data": 0.001827623530676888}, "max_rme": {"type": "float", "data": 0.005917148312186704}, "simu": {"type": "float", "data": 0.002}}, {"type": "dict", "image_number": {"type": "int", "data": 14}, "Hcamera2end": {"type": "ndarray", "data": [[0.9999903646483991, 0.0020430852467698732, -0.003885410279005743, -0.013284436788838496], [0.00388060836302532, 0.002349060745897802, 0.9999897113432443, 0.019937449779802517], [0.002052191290935167, -0.9999951538464007, 0.00234110969817658, 0.03251483343136158], [0.0, 0.0, 0.0, 1.0]]}, "Hobj2base": {"type": "ndarray", "data": [[0.9999972077380311, 0.0013601886462754871, -0.0019324603456543931, -0.7344077665217768], [0.0013625036365518066, -0.9999983552200626, 0.0011971386763159257, 0.09428371482303392], [-0.001930828832746844, -0.0011997683178395747, -0.9999974162246634, 0.009371490240909993], [0.0, 0.0, 0.0, 1.0]]}, "mean_rme": {"type": "float", "data": 0.0018283121055085584}, "max_rme": {"type": "float", "data": 0.006005704113450472}, "simu": {"type": "float", "data": 0.002}}, {"type": "dict", "image_number": {"type": "int", "data": 15}, "Hcamera2end": {"type": "ndarray", "data": [[0.9999916902735643, 0.002171854105843872, -0.003449990371403427, -0.01390302544647291], [0.003446171870102395, 0.0017594697532224979, 0.999992514054795, 0.02011461130349443], [0.0021779080011704354, -0.9999960936503354, 0.0017519705499846605, 0.032167452857379916], [0.0, 0.0, 0.0, 1.0]]}, "Hobj2base": {"type": "ndarray", "data": [[0.9999975347362624, 0.0017274404068098465, -0.001395159861266083, -0.7340081563793852], [0.0017293959689603493, -0.9999975222269937, 0.001401688073772584, 0.09373352943141032], [-0.0013927350717602607, -0.0014040974020819335, -0.9999980443978407, 0.00964014828171563], [0.0, 0.0, 0.0, 1.0]]}, "mean_rme": {"type": "float", "data": 0.0018341773483271664}, "max_rme": {"type": "float", "data": 0.006087872321366317}, "simu": {"type": "float", "data": 0.002}}, {"type": "dict", "image_number": {"type": "int", "data": 16}, "Hcamera2end": {"type": "ndarray", "data": [[0.999992167464086, 0.002211862489226583, -0.0032821753164804126, -0.013955638828951865], [0.003277812827940484, 0.0019730618024422775, 0.9999926814583135, 0.020012475272946674], [0.0022183222363646176, -0.9999956073360783, 0.00196579627712401, 0.032428224456510904], [0.0, 0.0, 0.0, 1.0]]}, "Hobj2base": {"type": "ndarray", "data": [[0.999997404865562, 0.0016088412310322866, -0.0016130381379613986, -0.7343381634535273], [0.0016112187225508447, -0.9999976160781607, 0.0014737069664792217, 0.09376266433316849], [-0.001610663332074423, -0.0014763020992595937, -0.9999976131450226, 0.009924597711146673], [0.0, 0.0, 0.0, 1.0]]}, "mean_rme": {"type": "float", "data": 0.0018293373815565196}, "max_rme": {"type": "float", "data": 0.006157984125147009}, "simu": {"type": "float", "data": 0.002}}, {"type": "dict", "image_number": {"type": "int", "data": 17}, "Hcamera2end": {"type": "ndarray", "data": [[0.9999925830482405, 0.0022118013618638217, -0.0031530593466557975, -0.014035346259541535], [0.0031479910009819434, 0.002291252043486569, 0.9999924201296383, 0.02018514156335203], [0.0022190090503674924, -0.9999949290365472, 0.0022842723185975133, 0.032042912532371626], [0.0, 0.0, 0.0, 1.0]]}, "Hobj2base": {"type": "ndarray", "data": [[0.999997106071312, 0.0015062871288684266, -0.0018758859471433556, -0.7340573425889458], [0.0015090642256940074, -0.9999977663312478, 0.0014798843458710513, 0.09390551068833076], [-0.0018736526262931338, -0.0014827108955656038, -0.9999971454930436, 0.01000451483905479], [0.0, 0.0, 0.0, 1.0]]}, "mean_rme": {"type": "float", "data": 0.0018700265652147848}, "max_rme": {"type": "float", "data": 0.005917963405713378}, "simu": {"type": "float", "data": 0.002}}, {"type": "dict", "image_number": {"type": "int", "data": 18}, "Hcamera2end": {"type": "ndarray", "data": [[0.9999929598549954, 0.0018749229677148121, -0.003250369872915838, -0.014120971190492052], [0.003246571597050294, 0.002025328997857234, 0.9999926788808586, 0.020351557753961497], [0.0018814923095377628, -0.999996191345905, 0.0020192276675936593, 0.03260938622970086], [0.0, 0.0, 0.0, 1.0]]}, "Hobj2base": {"type": "ndarray", "data": [[0.9999978779485063, 0.0013341150423123204, -0.0015697883737036563, -0.7344690843532837], [0.00133610299490317, -0.9999983060146338, 0.0012660160542297255, 0.09392757332265564], [-0.0015680967034433664, -0.0012681107666259364, -0.9999979664818384, 0.009724060014176361], [0.0, 0.0, 0.0, 1.0]]}, "mean_rme": {"type": "float", "data": 0.001866376096721712}, "max_rme": {"type": "float", "data": 0.00598392069494641}, "simu": {"type": "float", "data": 0.002}}, {"type": "dict", "image_number": {"type": "int", "data": 19}, "Hcamera2end": {"type": "ndarray", "data": [[0.9999926901210675, 0.002032160174424502, -0.003238831495468429, -0.01413475412707503], [0.003234327048898511, 0.0022159652697263388, 0.9999923142836971, 0.020367230777933037], [0.0020393216939263736, -0.9999954799012589, 0.00220937640066865, 0.032222332879823845], [0.0, 0.0, 0.0, 1.0]]}, "Hobj2base": {"type": "ndarray", "data": [[0.9999974286239602, 0.001405234850214371, -0.001779904627554444, -0.7342165606887142], [0.0014073733362070836, -0.999998288713736, 0.0012007788690740007, 0.09393659977486418], [-0.0017782142053138796, -0.0012032807717337994, -0.9999976950321561, 0.009561873483716468], [0.0, 0.0, 0.0, 1.0]]}, "mean_rme": {"type": "float", "data": 0.0018576425487047481}, "max_rme": {"type": "float", "data": 0.005899458315113126}, "simu": {"type": "float", "data": 0.002}}, {"type": "dict", "image_number": {"type": "int", "data": 20}, "Hcamera2end": {"type": "ndarray", "data": [[0.9999938001043173, 0.001928988969950877, -0.0029459725865238124, -0.014174036004672545], [0.0029421972414630107, 0.001957084066480652, 0.9999937566291845, 0.019934336971232283], [0.0019347424425668132, -0.9999962244046277, 0.0019513964667373651, 0.03218311860528331], [0.0, 0.0, 0.0, 1.0]]}, "Hobj2base": {"type": "ndarray", "data": [[0.9999974646871749, 0.001494262220541211, -0.001684576991051733, -0.7342370309167645], [0.0014958624635291802, -0.9999984308218142, 0.0009490781845261301, 0.09400250175203632], [-0.0016831561759747884, -0.000951595673803876, -0.9999981307237338, 0.009837161795035538], [0.0, 0.0, 0.0, 1.0]]}, "mean_rme": {"type": "float", "data": 0.0018945304890649161}, "max_rme": {"type": "float", "data": 0.0063577066543942795}, "simu": {"type": "float", "data": 0.002}}, {"type": "dict", "image_number": {"type": "int", "data": 21}, "Hcamera2end": {"type": "ndarray", "data": [[0.9999936279078365, 0.0017750466857044873, -0.0030973138340930884, -0.014436465118621677], [0.003094067123636021, 0.0018289210274206047, 0.9999935408773947, 0.020132174210997604], [0.0017806999628600076, -0.999996752123295, 0.001823417259774085, 0.03250980803063633], [0.0, 0.0, 0.0, 1.0]]}, "Hobj2base": {"type": "ndarray", "data": [[0.9999978020816943, 0.0013810910899473793, -0.0015774724028850332, -0.7346209277137126], [0.001382311795327484, -0.9999987458353348, 0.0007730083170519373, 0.09383378025123724], [-0.0015764028295757492, -0.0007751871767521184, -0.9999984570182896, 0.009759376456342003], [0.0, 0.0, 0.0, 1.0]]}, "mean_rme": {"type": "float", "data": 0.0018876773777660378}, "max_rme": {"type": "float", "data": 0.006466301615790759}, "simu": {"type": "float", "data": 0.002}}, {"type": "dict", "image_number": {"type": "int", "data": 22}, "Hcamera2end": {"type": "ndarray", "data": [[0.9999920610386359, 0.0026502431670126798, -0.0029755790792345546, -0.01440274842807518], [0.0029709126414814643, 0.0017629581796770877, 0.9999940328104632, 0.02092841000302225], [0.0026554731739863967, -0.9999949340819746, 0.0017550705426924162, 0.03252409748690762], [0.0, 0.0, 0.0, 1.0]]}, "Hobj2base": {"type": "ndarray", "data": [[0.9999956556164066, 0.0021735586276314172, -0.001991077900368344, -0.7346867262993968], [0.0021748416973297966, -0.9999974286438242, 0.0006424712689320621, 0.09314200629963013], [-0.001989676331628296, -0.0006467987570307752, -0.9999978114173367, 0.009153893291467907], [0.0, 0.0, 0.0, 1.0]]}, "mean_rme": {"type": "float", "data": 0.0018923627165109652}, "max_rme": {"type": "float", "data": 0.005910977427284081}, "simu": {"type": "float", "data": 0.002}}, {"type": "dict", "image_number": {"type": "int", "data": 23}, "Hcamera2end": {"type": "ndarray", "data": [[0.9999922482045591, 0.0026333296370037677, -0.002927303505658178, -0.014736561973472263], [0.0029226848986972807, 0.0017560455797587249, 0.9999941870915574, 0.020975741191851055], [0.0026384548080814123, -0.999994990926927, 0.0017483355744891682, 0.03274269404910623], [0.0, 0.0, 0.0, 1.0]]}, "Hobj2base": {"type": "ndarray", "data": [[0.999995755545538, 0.0021741374425022692, -0.0019395920420949226, -0.734999671064832], [0.002175484443632371, -0.9999973937571351, 0.0006926372590154138, 0.0928872666758637], [-0.0019380810984481046, -0.0006968538714626799, -0.9999978791159196, 0.00900833329464005], [0.0, 0.0, 0.0, 1.0]]}, "mean_rme": {"type": "float", "data": 0.001924363152311317}, "max_rme": {"type": "float", "data": 0.006098462155678219}, "simu": {"type": "float", "data": 0.002}}, {"type": "dict", "image_number": {"type": "int", "data": 24}, "Hcamera2end": {"type": "ndarray", "data": [[0.9999921163365297, 0.002723718316189535, -0.0028893984360988108, -0.014707328856436719], [0.0028845299173696063, 0.0017896899688900625, 0.9999942382318867, 0.020918996145168504], [0.002728873750153404, -0.9999946891700724, 0.0017818192126071164, 0.032727808526013265], [0.0, 0.0, 0.0, 1.0]]}, "Hobj2base": {"type": "ndarray", "data": [[0.9999955943800287, 0.002255058754497446, -0.0019302669625952153, -0.7349931672521617], [0.00225632556617015, -0.9999972403985524, 0.000654362452244677, 0.09283719844205278], [-0.0019287860100511626, -0.000658714880069626, -0.9999979229374598, 0.009062303590787234], [0.0, 0.0, 0.0, 1.0]]}, "mean_rme": {"type": "float", "data": 0.0018891886589924274}, "max_rme": {"type": "float", "data": 0.006080956438303975}, "simu": {"type": "float", "data": 0.002}}, {"type": "dict", "image_number": {"type": "int", "data": 25}, "Hcamera2end": {"type": "ndarray", "data": [[0.9999925619078939, 0.002547684040324061, -0.0028957615436511633, -0.014595018371893701], [0.002891455363375517, 0.001692296026194029, 0.9999943877942723, 0.020897085312029388], [0.0025525702279502243, -0.9999953227091567, 0.0016849169240577, 0.03276909319324527], [0.0, 0.0, 0.0, 1.0]]}, "Hobj2base": {"type": "ndarray", "data": [[0.999996150365172, 0.0021342592638426416, -0.0017731870265167084, -0.7349032789928335], [0.002135339384767119, -0.9999975356491353, 0.0006074712904882953, 0.0929258027077208], [-0.0017718861555324826, -0.0006112553080399376, -0.9999982433916574, 0.008959500246323013], [0.0, 0.0, 0.0, 1.0]]}, "mean_rme": {"type": "float", "data": 0.0018631205439345693}, "max_rme": {"type": "float", "data": 0.006077659773328414}, "simu": {"type": "float", "data": 0.002}}, {"type": "dict", "image_number": {"type": "int", "data": 26}, "Hcamera2end": {"type": "ndarray", "data": [[0.999993377106997, 0.0022632706555603004, -0.002850148782592964, -0.014559523941770736], [0.002846589241646697, 0.001574408987712106, 0.9999947090690176, 0.02132769990972238], [0.0022677459806110982, -0.9999961994139175, 0.0015679559586707636, 0.03270055321256955], [0.0, 0.0, 0.0, 1.0]]}, "Hobj2base": {"type": "ndarray", "data": [[0.9999966708439392, 0.0019238097045495622, -0.001719667775786063, -0.7349923902873302], [0.0019249017182969195, -0.9999979466596114, 0.0006335849869627046, 0.09276242157646654], [-0.0017184453477761886, -0.0006368930691159155, -0.9999983206549925, 0.008555168449750034], [0.0, 0.0, 0.0, 1.0]]}, "mean_rme": {"type": "float", "data": 0.0018826042056112116}, "max_rme": {"type": "float", "data": 0.006084893947116088}, "simu": {"type": "float", "data": 0.002}}, {"type": "dict", "image_number": {"type": "int", "data": 27}, "Hcamera2end": {"type": "ndarray", "data": [[0.9999932047439026, 0.002324807177530968, -0.002861072806920848, -0.014622406611488236], [0.002857214184691056, 0.0016613896869642764, 0.9999945380407891, 0.021403875995671826], [0.002329547836384063, -0.9999959175196145, 0.0016547359253514804, 0.032622645781831126], [0.0, 0.0, 0.0, 1.0]]}, "Hobj2base": {"type": "ndarray", "data": [[0.9999965391381685, 0.0019537679220862298, -0.0017619598724319067, -0.7349223935546503], [0.001954749797233879, -0.9999979350658803, 0.0005557132407217122, 0.09268777929628023], [-0.0017608704993972478, -0.0005591555081783387, -0.9999982933386449, 0.008466669031488653], [0.0, 0.0, 0.0, 1.0]]}, "mean_rme": {"type": "float", "data": 0.001840779176135117}, "max_rme": {"type": "float", "data": 0.006189566782516809}, "simu": {"type": "float", "data": 0.002}}, {"type": "dict", "image_number": {"type": "int", "data": 28}, "Hcamera2end": {"type": "ndarray", "data": [[0.9999936474588897, 0.0020855616459999806, -0.0028905837622117503, -0.014582487255412252], [0.0028871426386034077, 0.0016511028718305676, 0.9999944691180502, 0.02141760628814097], [0.0020903227621557724, -0.9999964621397055, 0.0016450710691781056, 0.03274800659806787], [0.0, 0.0, 0.0, 1.0]]}, "Hobj2base": {"type": "ndarray", "data": [[0.9999971341267931, 0.0017563965633178309, -0.001626901752641621, -0.7348921867069131], [0.001757226208556606, -0.9999983267065105, 0.0005086651464088038, 0.09275060407930162], [-0.0016260056126424782, -0.000511522523037478, -0.9999985472241728, 0.008294736628749074], [0.0, 0.0, 0.0, 1.0]]}, "mean_rme": {"type": "float", "data": 0.0018491775268493949}, "max_rme": {"type": "float", "data": 0.006286455129538848}, "simu": {"type": "float", "data": 0.002}}, {"type": "dict", "image_number": {"type": "int", "data": 29}, "Hcamera2end": {"type": "ndarray", "data": [[0.9999936243391165, 0.0020836017733326497, -0.002899980132358045, -0.014613790723537273], [0.0028965393917227324, 0.0016524670144645315, 0.9999944396907008, 0.021373830234994087], [0.002088382309373658, -0.9999964639719565, 0.001646421244282048, 0.03274532472678139], [0.0, 0.0, 0.0, 1.0]]}, "Hobj2base": {"type": "ndarray", "data": [[0.999997183927257, 0.0017586834154619214, -0.001593477392343769, -0.7348827848312779], [0.0017594752286797565, -0.9999983292908416, 0.0004956434649682421, 0.09268255451576307], [-0.0015926030501646749, -0.0004984457531994804, -0.9999986075827081, 0.008236546427897803], [0.0, 0.0, 0.0, 1.0]]}, "mean_rme": {"type": "float", "data": 0.0018399648595970937}, "max_rme": {"type": "float", "data": 0.0063963460188157795}, "simu": {"type": "float", "data": 0.002}}, {"type": "dict", "image_number": {"type": "int", "data": 30}, "Hcamera2end": {"type": "ndarray", "data": [[0.9999936733565801, 0.002043850149607168, -0.002911343912930694, -0.014664327079805764], [0.0029079535992415505, 0.0016598044041925553, 0.999994394411891, 0.021512628570291965], [0.0020486709540738744, -0.9999965338569459, 0.0016538504818031097, 0.032832253367488615], [0.0, 0.0, 0.0, 1.0]]}, "Hobj2base": {"type": "ndarray", "data": [[0.9999971994035628, 0.0017400569035356285, -0.0016041779837083592, -0.7349884556693399], [0.0017408613351005174, -0.9999983595993289, 0.0005002004225824266, 0.09270406854581208], [-0.0016033049750152524, -0.0005029916731493626, -0.99999858820527, 0.008148049205467743], [0.0, 0.0, 0.0, 1.0]]}, "mean_rme": {"type": "float", "data": 0.001832889494194903}, "max_rme": {"type": "float", "data": 0.006421241133519939}, "simu": {"type": "float", "data": 0.002}}]}