{"type": "list", "data": [{"type": "dict", "image_number": {"type": "int", "data": 5}, "Hcamera2end": {"type": "ndarray", "data": [[0.9999990309898593, 0.0012907444558548258, -0.000521534363165405, -0.018274051014616467], [0.0005196728939322051, 0.0014420825733140186, 0.9999988251682773, 0.025952746528565863], [0.0012914950350637984, -0.9999981271865469, 0.001441410411014643, 0.03531776845682043], [0.0, 0.0, 0.0, 1.0]]}, "Hobj2base": {"type": "ndarray", "data": [[0.9999976074672274, 0.0019094972363544352, 0.0010671832669554276, -0.7379499964102422], [0.0019097606575794348, -0.9999981461785448, -0.00024587335194391663, 0.08783361601907207], [0.00106671179410216, 0.00024791082830152275, -0.9999994003329054, -4.177941690493014e-05], [0.0, 0.0, 0.0, 1.0]]}, "mean_rme": {"type": "float", "data": 0.0009761594071986637}, "max_rme": {"type": "float", "data": 0.0031972605351220373}, "simu": {"type": "float", "data": 0.002}}, {"type": "dict", "image_number": {"type": "int", "data": 6}, "Hcamera2end": {"type": "ndarray", "data": [[0.9999984224195844, 0.0011556843457912064, -0.0013489077193611755, -0.01693859755035282], [0.0013444896132815667, 0.0038152205011166007, 0.9999918181866329, 0.025878874213739186], [0.0011608212705825991, -0.9999920542115427, 0.0038136606767003034, 0.03279854229584871], [0.0, 0.0, 0.0, 1.0]]}, "Hobj2base": {"type": "ndarray", "data": [[0.9999991897229226, 0.0006776119111103445, -0.0010776806559752708, -0.7363012941882295], [0.0006769276175384742, -0.9999995691405481, -0.0006352068319214635, 0.08835819079710888], [-0.0010781106153617023, 0.0006344768054290116, -0.9999992175580366, 0.00036849561721360075], [0.0, 0.0, 0.0, 1.0]]}, "mean_rme": {"type": "float", "data": 0.001249713588732401}, "max_rme": {"type": "float", "data": 0.0034237468582317687}, "simu": {"type": "float", "data": 0.002}}, {"type": "dict", "image_number": {"type": "int", "data": 7}, "Hcamera2end": {"type": "ndarray", "data": [[0.9999987149890402, 0.0011308535690635647, -0.0011363056250415272, -0.01528219057363693], [0.0011338655312391364, 0.00215605216669279, 0.999997032889604, 0.026085077833571963], [0.0011333001479010795, -0.9999970363002382, 0.0021547671602593077, 0.034120696504756194], [0.0, 0.0, 0.0, 1.0]]}, "Hobj2base": {"type": "ndarray", "data": [[0.9999989362771909, 0.0014218694938869592, 0.00032516400327291646, -0.7372209549477571], [0.0014219102091636376, -0.9999989812704457, -0.00012501770928817035, 0.08960900097790007], [0.0003249859131517039, 0.0001254799303198877, -0.9999999393194696, -0.0005390530535397398], [0.0, 0.0, 0.0, 1.0]]}, "mean_rme": {"type": "float", "data": 0.001292839723433591}, "max_rme": {"type": "float", "data": 0.003282149339471463}, "simu": {"type": "float", "data": 0.002}}, {"type": "dict", "image_number": {"type": "int", "data": 8}, "Hcamera2end": {"type": "ndarray", "data": [[0.9999988635873202, 0.0011249127756308046, -0.0010036908465503936, -0.015369929614589765], [0.0010015992970369423, 0.001858322955750502, 0.9999977717148372, 0.026163903280185637], [0.0011267754507449785, -0.999997640600736, 0.0018571941320834062, 0.035047959271615185], [0.0, 0.0, 0.0, 1.0]]}, "Hobj2base": {"type": "ndarray", "data": [[0.9999986419435191, 0.0015455588574161852, 0.0005721528954742354, -0.7380161719215773], [0.0015455268297240058, -0.9999988040813446, 5.6415413592473876e-05, 0.08941126679362965], [0.0005722394045680867, -5.5531059326496116e-05, -0.9999998347291688, -0.000434471427118277], [0.0, 0.0, 0.0, 1.0]]}, "mean_rme": {"type": "float", "data": 0.0012975769739648816}, "max_rme": {"type": "float", "data": 0.003409505235984045}, "simu": {"type": "float", "data": 0.002}}, {"type": "dict", "image_number": {"type": "int", "data": 9}, "Hcamera2end": {"type": "ndarray", "data": [[0.9999987599120834, 0.0011563693536990331, -0.0010691043977212788, -0.015408848076234334], [0.0010670806269700468, 0.0017493109491583114, 0.9999979006228656, 0.026086099551583024], [0.00115823712207238, -0.9999978013581434, 0.001748074840523972, 0.03495109772243947], [0.0, 0.0, 0.0, 1.0]]}, "Hobj2base": {"type": "ndarray", "data": [[0.9999984529401224, 0.0016244126205357014, 0.0006748340538102623, -0.7378657788795652], [0.0016243479725074187, -0.9999986761056963, 9.63354485094329e-05, 0.08939316043290482], [0.0006749896489196662, -9.523913414564004e-05, -0.9999997676592134, -0.0005706933457676971], [0.0, 0.0, 0.0, 1.0]]}, "mean_rme": {"type": "float", "data": 0.0012662050993826875}, "max_rme": {"type": "float", "data": 0.003359612148111979}, "simu": {"type": "float", "data": 0.002}}, {"type": "dict", "image_number": {"type": "int", "data": 10}, "Hcamera2end": {"type": "ndarray", "data": [[0.9999967775740662, 0.002416630324851891, -0.000777649893228654, -0.014977449830833219], [0.000774225548833731, 0.0014176040038073046, 0.9999986954859931, 0.02502438977257531], [0.002417729571925984, -0.9999960751406783, 0.0014157284187438224, 0.0352677759352773], [0.0, 0.0, 0.0, 1.0]]}, "Hobj2base": {"type": "ndarray", "data": [[0.9999959266835585, 0.002850330400428033, 0.00014910700648226272, -0.7379802180096185], [0.0028503234295553545, -0.9999959367181221, 4.694243597878606e-05, 0.0901807531409339], [0.0001492402020708059, -4.651724157330253e-05, -0.999999987781754, -0.0001273370118910211], [0.0, 0.0, 0.0, 1.0]]}, "mean_rme": {"type": "float", "data": 0.0012790211106560644}, "max_rme": {"type": "float", "data": 0.003584338519217134}, "simu": {"type": "float", "data": 0.002}}, {"type": "dict", "image_number": {"type": "int", "data": 11}, "Hcamera2end": {"type": "ndarray", "data": [[0.9999966400540728, 0.0024177578031945, -0.0009350549556624059, -0.014992298009752828], [0.0009324562227908796, 0.001075756355678914, 0.9999989866363143, 0.024916772842998904], [0.0024187612444380047, -0.999996498591604, 0.0010734982878869426, 0.03536240158166597], [0.0, 0.0, 0.0, 1.0]]}, "Hobj2base": {"type": "ndarray", "data": [[0.9999953084770106, 0.003034755684414171, 0.00041627143107968325, -0.7379400982628949], [0.0030347650474622265, -0.9999953948509577, -2.1862851070020947e-05, 0.09000758900585562], [0.00041620316567613874, 2.312603448925024e-05, -0.9999999131200521, -0.0002897790098668347], [0.0, 0.0, 0.0, 1.0]]}, "mean_rme": {"type": "float", "data": 0.0012841637948649632}, "max_rme": {"type": "float", "data": 0.003802244263902188}, "simu": {"type": "float", "data": 0.002}}, {"type": "dict", "image_number": {"type": "int", "data": 12}, "Hcamera2end": {"type": "ndarray", "data": [[0.9999965418813821, 0.002460815927584173, -0.0009276908147465544, -0.014882732749182004], [0.0009246451204862212, 0.0012385256739526618, 0.9999988055420646, 0.025029282160535606], [0.002461961957134614, -0.9999962052123623, 0.0012362460095440841, 0.035479250674944014], [0.0, 0.0, 0.0, 1.0]]}, "Hobj2base": {"type": "ndarray", "data": [[0.9999954822366, 0.002980980508037732, 0.000386343889120203, -0.7379100819349684], [0.0029809390138993063, -0.9999955511665861, 0.00010793345277611619, 0.09028465220654909], [0.0003866639178594908, -0.0001067812975864536, -0.9999999195443809, -0.0002765528178584285], [0.0, 0.0, 0.0, 1.0]]}, "mean_rme": {"type": "float", "data": 0.0013164019987034366}, "max_rme": {"type": "float", "data": 0.003710938855844781}, "simu": {"type": "float", "data": 0.002}}, {"type": "dict", "image_number": {"type": "int", "data": 13}, "Hcamera2end": {"type": "ndarray", "data": [[0.9999965934780286, 0.0024098709966982896, -0.0010027732134772305, -0.014719811091655908], [0.0009997902323130975, 0.0012387038465251354, 0.9999987330153337, 0.02486831632198349], [0.0024111100824654153, -0.9999963290605425, 0.0012362902613696214, 0.03548159576064854], [0.0, 0.0, 0.0, 1.0]]}, "Hobj2base": {"type": "ndarray", "data": [[0.9999954640353289, 0.0029596270077135185, 0.0005590319690036085, -0.7379843338064778], [0.002959574927225258, -0.9999956160336918, 9.39662012161518e-05, 0.0902693306337384], [0.0005593076231332227, -9.231127798980235e-05, -0.9999998393267922, -0.0004662192436920394], [0.0, 0.0, 0.0, 1.0]]}, "mean_rme": {"type": "float", "data": 0.0013954287223813715}, "max_rme": {"type": "float", "data": 0.003969304443410093}, "simu": {"type": "float", "data": 0.002}}, {"type": "dict", "image_number": {"type": "int", "data": 14}, "Hcamera2end": {"type": "ndarray", "data": [[0.9999970955275066, 0.0023035291403735564, -0.0007090063824556251, -0.014834136059350286], [0.000706430706183746, 0.0011187648611189482, 0.9999991246600385, 0.0249295742186381], [0.0023043203354294476, -0.999996721053967, 0.001117134327979774, 0.034749888869908534], [0.0, 0.0, 0.0, 1.0]]}, "Hobj2base": {"type": "ndarray", "data": [[0.9999954247606044, 0.0029433161119184546, 0.0006981032328278916, -0.7371621265701557], [0.002943041541462335, -0.999995591621208, 0.00039401095778231557, 0.09037305497739472], [0.0006992598541247187, -0.00039195460827341755, -0.9999996787035688, -0.0005232920492989346], [0.0, 0.0, 0.0, 1.0]]}, "mean_rme": {"type": "float", "data": 0.0014504184074177382}, "max_rme": {"type": "float", "data": 0.00379994961951291}, "simu": {"type": "float", "data": 0.002}}, {"type": "dict", "image_number": {"type": "int", "data": 15}, "Hcamera2end": {"type": "ndarray", "data": [[0.9999997561612815, 0.0005178142350952769, -0.0004685571422362597, -0.014346682956874843], [0.00046769768056727175, 0.0016586641835274474, 0.9999985150449003, 0.026363245005918128], [0.0005185906451141512, -0.9999984903496325, 0.0016584215985642192, 0.03478995489023335], [0.0, 0.0, 0.0, 1.0]]}, "Hobj2base": {"type": "ndarray", "data": [[0.9999983681703603, 0.0011391691890951133, 0.0014021234522422778, -0.7368711263234632], [0.0011380813765765505, -0.9999990509975618, 0.0007763857008498988, 0.09046789248964066], [0.0014030065562929649, -0.0007747887033320421, -0.9999987156367094, -0.0022047368608351364], [0.0, 0.0, 0.0, 1.0]]}, "mean_rme": {"type": "float", "data": 0.0015268145259998698}, "max_rme": {"type": "float", "data": 0.003970472372812894}, "simu": {"type": "float", "data": 0.002}}, {"type": "dict", "image_number": {"type": "int", "data": 16}, "Hcamera2end": {"type": "ndarray", "data": [[0.9999997323731006, 0.0005364597652141136, -0.0004974581867818423, -0.014899149734823673], [0.000496598661597932, 0.001601162158510916, 0.9999985948337685, 0.02630006600264936], [0.0005372555226230836, -0.9999985742443148, 0.0016008953247954594, 0.034974985875086136], [0.0, 0.0, 0.0, 1.0]]}, "Hobj2base": {"type": "ndarray", "data": [[0.9999981926610263, 0.0012091988793714967, 0.0014671444206752688, -0.736936877912823], [0.001208124071578791, -0.999999001389775, 0.0007332500801559508, 0.08992486062560465], [0.0014680296007450729, -0.0007314762624334031, -0.9999986549148796, -0.0019788183571761465], [0.0, 0.0, 0.0, 1.0]]}, "mean_rme": {"type": "float", "data": 0.0015895961428658372}, "max_rme": {"type": "float", "data": 0.004071601668050928}, "simu": {"type": "float", "data": 0.002}}, {"type": "dict", "image_number": {"type": "int", "data": 17}, "Hcamera2end": {"type": "ndarray", "data": [[0.9999997463977288, 0.000546045951862843, -0.0004572070608765134, -0.014986453096443027], [0.0004564320991724408, 0.0014185067047228772, 0.9999988897536174, 0.0263404064260624], [0.0005466938968986002, -0.9999988448356063, 0.0014182571120863185, 0.03498065554613673], [0.0, 0.0, 0.0, 1.0]]}, "Hobj2base": {"type": "ndarray", "data": [[0.9999978354827909, 0.0013113477099419406, 0.0016153627817780377, -0.7368369445509957], [0.0013100485594994993, -0.9999988178388994, 0.0008050425919866518, 0.08987598374049192], [0.0016164165629184014, -0.00080292464577277, -0.9999983712534275, -0.001977117275535776], [0.0, 0.0, 0.0, 1.0]]}, "mean_rme": {"type": "float", "data": 0.001545401504091236}, "max_rme": {"type": "float", "data": 0.004036808150913618}, "simu": {"type": "float", "data": 0.002}}, {"type": "dict", "image_number": {"type": "int", "data": 18}, "Hcamera2end": {"type": "ndarray", "data": [[0.9999995004758959, 0.0004465987018185138, -0.000894202190873156, -0.014828529686797027], [0.000893404407211165, 0.0017833708543705251, 0.9999980107065017, 0.026035913909734032], [0.0004481925075277374, -0.9999983100675697, 0.001782970970285347, 0.034272489759938775], [0.0, 0.0, 0.0, 1.0]]}, "Hobj2base": {"type": "ndarray", "data": [[0.9999988547516294, 0.0009777808323080028, 0.0011551796715315401, -0.7364401696908884], [0.0009770199738912695, -0.9999993055553176, 0.0006590302368786469, 0.08973984541762349], [0.0011558232564566912, -0.0006579008485128225, -0.9999991156191457, -0.001508586979997395], [0.0, 0.0, 0.0, 1.0]]}, "mean_rme": {"type": "float", "data": 0.001511595473213786}, "max_rme": {"type": "float", "data": 0.0036985151777015057}, "simu": {"type": "float", "data": 0.002}}, {"type": "dict", "image_number": {"type": "int", "data": 19}, "Hcamera2end": {"type": "ndarray", "data": [[0.9999994577419673, 0.0004656331748745803, -0.0009315049746878402, -0.01480163441315805], [0.0009306967354204315, 0.0017329987778046396, 0.99999806525754, 0.02601342038670882], [0.0004672465709769591, -0.9999983899491953, 0.0017325644747964164, 0.03428165570354072], [0.0, 0.0, 0.0, 1.0]]}, "Hobj2base": {"type": "ndarray", "data": [[0.9999987752241271, 0.001027923860377026, 0.0011802214974624184, -0.7364576755675863], [0.001027078306633562, -0.9999992156398905, 0.0007168191932964205, 0.08975286724955017], [0.0011809574072961211, -0.0007156061354565011, -0.9999990466232762, -0.0015182467964936642], [0.0, 0.0, 0.0, 1.0]]}, "mean_rme": {"type": "float", "data": 0.0014520742559191691}, "max_rme": {"type": "float", "data": 0.0036773343973479367}, "simu": {"type": "float", "data": 0.002}}, {"type": "dict", "image_number": {"type": "int", "data": 20}, "Hcamera2end": {"type": "ndarray", "data": [[0.9999994386190603, 0.0003050667912048257, -0.0010147392853456208, -0.014537642427310904], [0.0010141519316040463, 0.0019193571188003133, 0.9999976437792794, 0.025830740529290453], [0.0003070137194711856, -0.9999981114994686, 0.0019190466572343023, 0.03398463521311754], [0.0, 0.0, 0.0, 1.0]]}, "Hobj2base": {"type": "ndarray", "data": [[0.9999991037132434, 0.00080880655854307, 0.0010669604775383056, -0.7361506854016145], [0.0008079553439895654, -0.9999993552147781, 0.0007979838284425695, 0.08990902839892154], [0.0010676052041320128, -0.0007971210568005795, -0.9999991124081808, -0.0013288365863294098], [0.0, 0.0, 0.0, 1.0]]}, "mean_rme": {"type": "float", "data": 0.0014509803943770537}, "max_rme": {"type": "float", "data": 0.0035887389948437987}, "simu": {"type": "float", "data": 0.002}}, {"type": "dict", "image_number": {"type": "int", "data": 21}, "Hcamera2end": {"type": "ndarray", "data": [[0.9999994999472832, 0.000287945507879939, -0.0009577017113832436, -0.0145940816739202], [0.0009571296046613068, 0.00198047359607445, 0.9999975808107012, 0.02581570450496187], [0.00028984151423755737, -0.9999979974038545, 0.0019801970045632, 0.03396131056519099], [0.0, 0.0, 0.0, 1.0]]}, "Hobj2base": {"type": "ndarray", "data": [[0.9999991934774077, 0.0007733686266721375, 0.0010074450363801017, -0.7361524072460678], [0.0007725303779311352, -0.999999355338379, 0.000832177650251988, 0.08987139726423163], [0.001008087967005474, -0.0008313986971872128, -0.9999991462670641, -0.001330967054036281], [0.0, 0.0, 0.0, 1.0]]}, "mean_rme": {"type": "float", "data": 0.0014074588658536259}, "max_rme": {"type": "float", "data": 0.0036339384998984037}, "simu": {"type": "float", "data": 0.002}}, {"type": "dict", "image_number": {"type": "int", "data": 22}, "Hcamera2end": {"type": "ndarray", "data": [[0.9999987227790463, 0.0011034179101257753, -0.0011562478936983525, -0.014619850970500246], [0.0011542485561871888, 0.0018108693722203029, 0.9999976942285351, 0.02617961273684481], [0.001105509179793637, -0.9999977516079883, 0.001809593440810442, 0.03390552126623082], [0.0, 0.0, 0.0, 1.0]]}, "Hobj2base": {"type": "ndarray", "data": [[0.9999987575277245, 0.00149760383745922, 0.0004920627533413317, -0.7362787451814957], [0.0014972743888421894, -0.9999986551606279, 0.0006692132255610676, 0.08939662098860625], [0.000493064307890646, -0.0006684756411239073, -0.9999996550138937, -0.001432883075446014], [0.0, 0.0, 0.0, 1.0]]}, "mean_rme": {"type": "float", "data": 0.0014211940798430603}, "max_rme": {"type": "float", "data": 0.003643279083555606}, "simu": {"type": "float", "data": 0.002}}, {"type": "dict", "image_number": {"type": "int", "data": 23}, "Hcamera2end": {"type": "ndarray", "data": [[0.9999985382085945, 0.0010453689330041285, -0.0013530648425077146, -0.014645409089453965], [0.0013512264240903927, 0.0017573404438018247, 0.999997542967839, 0.026033084805832035], [0.0010477441600698649, -0.9999979094769939, 0.0017559253448113932, 0.03387833684970227], [0.0, 0.0, 0.0, 1.0]]}, "Hobj2base": {"type": "ndarray", "data": [[0.9999988712075527, 0.0014299562964575285, 0.00046131183655248907, -0.7362924356193815], [0.0014297151110918714, -0.9999988413324044, 0.0005227318142420542, 0.08922273930285074], [0.0004620587856945467, -0.0005220716796826858, -0.9999997569713901, -0.0014864239401243963], [0.0, 0.0, 0.0, 1.0]]}, "mean_rme": {"type": "float", "data": 0.0014844445065645673}, "max_rme": {"type": "float", "data": 0.004931099378575277}, "simu": {"type": "float", "data": 0.002}}, {"type": "dict", "image_number": {"type": "int", "data": 24}, "Hcamera2end": {"type": "ndarray", "data": [[0.9999982976183031, 0.0012302658111741998, -0.0013752114491004572, -0.01472738384069746], [0.0013731084886895884, 0.0017085691950585735, 0.9999975976793063, 0.02595258759841764], [0.0012326124995998078, -0.9999977836162135, 0.0017068769979929899, 0.03391881393018625], [0.0, 0.0, 0.0, 1.0]]}, "Hobj2base": {"type": "ndarray", "data": [[0.9999986502328225, 0.001596328496117899, 0.0003889316977419698, -0.736291783082275], [0.0015961551063617004, -0.9999986268132006, 0.00044571357325664575, 0.08920102215933218], [0.00038964266894419273, -0.00044509217633171725, -0.9999998250357571, -0.0012903638648959215], [0.0, 0.0, 0.0, 1.0]]}, "mean_rme": {"type": "float", "data": 0.0014849989617244303}, "max_rme": {"type": "float", "data": 0.005008404977192238}, "simu": {"type": "float", "data": 0.002}}, {"type": "dict", "image_number": {"type": "int", "data": 25}, "Hcamera2end": {"type": "ndarray", "data": [[0.999999111952647, 0.0007643919394115055, -0.0010916954155281234, -0.014985317472563316], [0.0010906048597560819, 0.001425663376794728, 0.9999983890311905, 0.025120611161434284], [0.000765947098172466, -0.9999986915935937, 0.00142482846117431, 0.03391808207697053], [0.0, 0.0, 0.0, 1.0]]}, "Hobj2base": {"type": "ndarray", "data": [[0.9999986506738403, 0.0013461048381094747, 0.0009416221448164832, -0.7362067364149288], [0.001345989272146386, -0.9999990865479593, 0.00012335366160687625, 0.0894591202783419], [0.0009417873316505011, -0.00012208608185721527, -0.9999995490657034, -0.0005358541587972954], [0.0, 0.0, 0.0, 1.0]]}, "mean_rme": {"type": "float", "data": 0.0014624418656874719}, "max_rme": {"type": "float", "data": 0.005191956959260224}, "simu": {"type": "float", "data": 0.002}}, {"type": "dict", "image_number": {"type": "int", "data": 26}, "Hcamera2end": {"type": "ndarray", "data": [[0.9999991146917864, 0.0007489342171463516, -0.0010998696203665295, -0.014916282916850964], [0.0010985599385724704, 0.0017468990383345817, 0.9999978707526387, 0.025016433761536817], [0.0007508539836622578, -0.9999981937190128, 0.001746074742662862, 0.033838847427268795], [0.0, 0.0, 0.0, 1.0]]}, "Hobj2base": {"type": "ndarray", "data": [[0.9999990137736554, 0.0012262674009026712, 0.0006846312715872936, -0.7362437349118246], [0.0012260734346298742, -0.9999992081393598, 0.0002836628034523699, 0.08958781807275835], [0.0006849785759034589, -0.00028282311548203016, -0.99999972540768, -0.0004861026851947631], [0.0, 0.0, 0.0, 1.0]]}, "mean_rme": {"type": "float", "data": 0.0014398735578004663}, "max_rme": {"type": "float", "data": 0.005113298089085894}, "simu": {"type": "float", "data": 0.002}}, {"type": "dict", "image_number": {"type": "int", "data": 27}, "Hcamera2end": {"type": "ndarray", "data": [[0.9999991087976361, 0.0004940477029305248, -0.0012402906113958697, -0.014545904497607932], [0.0012393462573418584, 0.0019072050865137635, 0.9999974132914606, 0.024892912996135035], [0.0004964119135359222, -0.9999980592409292, 0.0019065910906365113, 0.03378186096550365], [0.0, 0.0, 0.0, 1.0]]}, "Hobj2base": {"type": "ndarray", "data": [[0.9999993805420883, 0.000933708580540202, 0.0006058908535114848, -0.7360727573615788], [0.0009335538024322809, -0.9999995315503674, 0.0002556879822005568, 0.08990103494126275], [0.0006061293077450586, -0.0002551221921024587, -0.9999997837599415, -0.0005480165262739143], [0.0, 0.0, 0.0, 1.0]]}, "mean_rme": {"type": "float", "data": 0.0014727347241127533}, "max_rme": {"type": "float", "data": 0.0050488367464526784}, "simu": {"type": "float", "data": 0.002}}, {"type": "dict", "image_number": {"type": "int", "data": 28}, "Hcamera2end": {"type": "ndarray", "data": [[0.999999084794411, 0.00048847047939602, -0.0012616683126007902, -0.014410956970667445], [0.001260728605971201, 0.0019193256215144228, 0.9999973633727945, 0.02472456785736484], [0.0004908907437996925, -0.9999980387909515, 0.0019187080362302877, 0.03368990333163819], [0.0, 0.0, 0.0, 1.0]]}, "Hobj2base": {"type": "ndarray", "data": [[0.9999994248557849, 0.0009216913545286583, 0.0005484278863786125, -0.7360387330524454], [0.0009215107407561892, -0.9999995211264938, 0.0003294916341032412, 0.0899821931399], [0.0005487313133415705, -0.0003289860624102058, -0.9999997953310369, -0.0002568571416797426], [0.0, 0.0, 0.0, 1.0]]}, "mean_rme": {"type": "float", "data": 0.0015100424146886505}, "max_rme": {"type": "float", "data": 0.005220628671972094}, "simu": {"type": "float", "data": 0.002}}, {"type": "dict", "image_number": {"type": "int", "data": 29}, "Hcamera2end": {"type": "ndarray", "data": [[0.9999990958261289, 0.0004213677945543777, -0.0012770262747866155, -0.014492579448696365], [0.00127618678830663, 0.0019865793587036107, 0.9999972124209812, 0.02463236929662059], [0.00042390353399636747, -0.9999979379736906, 0.0019860398184780026, 0.03351344672385801], [0.0, 0.0, 0.0, 1.0]]}, "Hobj2base": {"type": "ndarray", "data": [[0.9999995236720777, 0.0008343378297272099, 0.000506493833868598, -0.73601976648952], [0.0008341399743971146, -0.9999995757729949, 0.00039072283290491586, 0.08991605414486538], [0.0005068196138406667, -0.00039030016003910523, -0.9999997953998105, -8.277729917400489e-05], [0.0, 0.0, 0.0, 1.0]]}, "mean_rme": {"type": "float", "data": 0.0015065226722366103}, "max_rme": {"type": "float", "data": 0.005247283906681499}, "simu": {"type": "float", "data": 0.002}}, {"type": "dict", "image_number": {"type": "int", "data": 30}, "Hcamera2end": {"type": "ndarray", "data": [[0.9999990510130637, 0.00038632057288316316, -0.0013223953217339753, -0.014436582242606768], [0.0013215996139126847, 0.00205275368168778, 0.9999970197839506, 0.02459391180934988], [0.00038903397342972783, -0.9999978184769892, 0.0020522411725314438, 0.033448119744855793], [0.0, 0.0, 0.0, 1.0]]}, "Hobj2base": {"type": "ndarray", "data": [[0.999999596893634, 0.0007715747356634424, 0.0004592221647615381, -0.7359751675769514], [0.0007713843051067879, -0.9999996164894382, 0.00041471343095388644, 0.08998099707825818], [0.0004595419710508521, -0.00041435902700980823, -0.9999998085638682, 1.0207322580061777e-05], [0.0, 0.0, 0.0, 1.0]]}, "mean_rme": {"type": "float", "data": 0.0014853819492165513}, "max_rme": {"type": "float", "data": 0.0053017309037560745}, "simu": {"type": "float", "data": 0.002}}]}