{"type": "list", "data": [{"type": "dict", "image_number": {"type": "int", "data": 5}, "Hcamera2end": {"type": "ndarray", "data": [[0.9999646166219837, -0.008330365112300392, -0.0011706925920131782, -0.013163133112545555], [0.0011889673985126612, 0.002189144081047756, 0.9999968969975445, 0.033396881872237154], [-0.008327776448398463, -0.9999629056446485, 0.0021989711542714785, 0.038901031597514665], [0.0, 0.0, 0.0, 1.0]]}, "Hobj2base": {"type": "ndarray", "data": [[0.9999666112932296, -0.008148554091754807, 0.000614300373347462, -0.7399259162512217], [-0.00814920562552518, -0.9999662268213017, 0.0010656755802335924, 0.09397654131332489], [0.0006055959113613828, -0.001070646058762377, -0.9999992434850185, -0.004540585709619261], [0.0, 0.0, 0.0, 1.0]]}, "mean_rme": {"type": "float", "data": 0.00177909665356145}, "max_rme": {"type": "float", "data": 0.00429018497620684}, "simu": {"type": "float", "data": 0.002}}, {"type": "dict", "image_number": {"type": "int", "data": 6}, "Hcamera2end": {"type": "ndarray", "data": [[0.9999697015568176, -0.007508938025013764, -0.0020522714502401265, -0.013578619596966945], [0.002055298741541675, 0.00039546392317924006, 0.9999978096752856, 0.03344018147616821], [-0.007508109978682087, -0.9999717293293958, 0.0004108850521111762, 0.03483337098111649], [0.0, 0.0, 0.0, 1.0]]}, "Hobj2base": {"type": "ndarray", "data": [[0.9999688484316748, -0.007537643755108294, 0.0023422409891590674, -0.7348902295799022], [-0.007537685756928786, -0.9999715912017331, 9.105164057487525e-06, 0.0923004794310091], [0.0023421058174243167, -2.675995696062637e-05, -0.9999972569083602, -0.004889786634747363], [0.0, 0.0, 0.0, 1.0]]}, "mean_rme": {"type": "float", "data": 0.0019010444444079427}, "max_rme": {"type": "float", "data": 0.003998648141638167}, "simu": {"type": "float", "data": 0.002}}, {"type": "dict", "image_number": {"type": "int", "data": 7}, "Hcamera2end": {"type": "ndarray", "data": [[0.9999721178247781, -0.007065131444751044, -0.0024181585341751903, -0.013973125538176282], [0.0024166109328716576, -0.00022757651750704433, 0.9999970540959245, 0.03340031333102785], [-0.007065660947649516, -0.9999750157511921, -0.00021049649828719375, 0.03531541507161739], [0.0, 0.0, 0.0, 1.0]]}, "Hobj2base": {"type": "ndarray", "data": [[0.9999698573430278, -0.007177471109664285, 0.0029611338764921604, -0.7351222940264567], [-0.007176322133704381, -0.9999741704808296, -0.0003984618047996761, 0.09167780314028871], [0.0029639173399201857, 0.00037719974352344495, -0.999995536447216, -0.0052590188988803], [0.0, 0.0, 0.0, 1.0]]}, "mean_rme": {"type": "float", "data": 0.0017189375248538308}, "max_rme": {"type": "float", "data": 0.0038309528597537668}, "simu": {"type": "float", "data": 0.002}}, {"type": "dict", "image_number": {"type": "int", "data": 8}, "Hcamera2end": {"type": "ndarray", "data": [[0.9999734763041469, -0.006764154806453404, -0.002700536604856821, -0.014417621108094802], [0.0026988207639917507, -0.0002627816035654096, 0.9999963236493986, 0.033425025858044], [-0.006764839590388325, -0.9999770883153191, -0.0002445193921836175, 0.03522235861485492], [0.0, 0.0, 0.0, 1.0]]}, "Hobj2base": {"type": "ndarray", "data": [[0.9999719587891674, -0.0068693225113131895, 0.0029822883145489364, -0.7351327396303972], [-0.0068673022155680994, -0.9999761837131083, -0.0006871439789001596, 0.09101450848007983], [0.002986937501117616, 0.0006666444354010103, -0.9999953168838147, -0.005320845452815276], [0.0, 0.0, 0.0, 1.0]]}, "mean_rme": {"type": "float", "data": 0.0016216295894062483}, "max_rme": {"type": "float", "data": 0.0037919048515843157}, "simu": {"type": "float", "data": 0.002}}, {"type": "dict", "image_number": {"type": "int", "data": 9}, "Hcamera2end": {"type": "ndarray", "data": [[0.9999743938214501, -0.006564987614907945, -0.002848269481543689, -0.014172969375695314], [0.0028453876127310256, -0.0004482738066913239, 0.9999958514013583, 0.03341717702214819], [-0.006566237184012218, -0.9999783497597385, -0.00042958239367507645, 0.03531156901237169], [0.0, 0.0, 0.0, 1.0]]}, "Hobj2base": {"type": "ndarray", "data": [[0.9999731883480423, -0.006668111386307887, 0.0030263634266999946, -0.7350103142378459], [-0.006665308228398508, -0.9999773491002719, -0.000935389017203866, 0.09093101525570058], [0.00303253215500172, 0.0009151922928289839, -0.9999949830733132, -0.005154169784605114], [0.0, 0.0, 0.0, 1.0]]}, "mean_rme": {"type": "float", "data": 0.0016202282676885211}, "max_rme": {"type": "float", "data": 0.003831617630075057}, "simu": {"type": "float", "data": 0.002}}, {"type": "dict", "image_number": {"type": "int", "data": 10}, "Hcamera2end": {"type": "ndarray", "data": [[0.9999740621008438, -0.00696514644321263, -0.0018335377177035564, -0.013891214971055322], [0.001832747194010961, -0.00011987813063307762, 0.9999983133320558, 0.033404975948383736], [-0.006965354496397442, -0.9999757358877555, -0.0001071096686466877, 0.035444812666038376], [0.0, 0.0, 0.0, 1.0]]}, "Hobj2base": {"type": "ndarray", "data": [[0.9999730817190157, -0.007043176525249737, 0.0020565752621736844, -0.7357466896756806], [-0.0070424235220415176, -0.9999751322032993, -0.0003731567113299316, 0.09142643386708982], [0.002059152328267642, 0.0003586633925915442, -0.9999978156237446, -0.0048509028167234795], [0.0, 0.0, 0.0, 1.0]]}, "mean_rme": {"type": "float", "data": 0.0016440496169004735}, "max_rme": {"type": "float", "data": 0.0042933467638974765}, "simu": {"type": "float", "data": 0.002}}, {"type": "dict", "image_number": {"type": "int", "data": 11}, "Hcamera2end": {"type": "ndarray", "data": [[0.9999705999230681, -0.007592628097851082, -0.001072980925755127, -0.01445530958557175], [0.0010735377385559636, 6.926081088132197e-05, 0.9999994213596646, 0.03364239670275762], [-0.007592549388921236, -0.9999711731852612, 7.740974740599871e-05, 0.03485122459706217], [0.0, 0.0, 0.0, 1.0]]}, "Hobj2base": {"type": "ndarray", "data": [[0.9999697184080986, -0.00765171925151217, 0.0014189641729089218, -0.7351306579629573], [-0.007651826412198524, -0.9999707218901914, 7.010682863684856e-05, 0.09178239586114167], [0.0014183861905497097, -8.09623732267022e-05, -0.9999989908123452, -0.004657876366132246], [0.0, 0.0, 0.0, 1.0]]}, "mean_rme": {"type": "float", "data": 0.0017385036913858025}, "max_rme": {"type": "float", "data": 0.003903571147165108}, "simu": {"type": "float", "data": 0.002}}, {"type": "dict", "image_number": {"type": "int", "data": 12}, "Hcamera2end": {"type": "ndarray", "data": [[0.9999706417363765, -0.007583989312769625, -0.0010948842144473223, -0.014467959677066853], [0.0010943901228930497, -6.929897067764479e-05, 0.9999993987537749, 0.03358941103953184], [-0.007584060627273754, -0.999971238738273, -6.0997093184189666e-05, 0.03484688693065632], [0.0, 0.0, 0.0, 1.0]]}, "Hobj2base": {"type": "ndarray", "data": [[0.999969710783689, -0.0076419505880549665, 0.0014758409111927822, -0.7351031635727002], [-0.0076418834684665185, -0.9999707990759261, -5.111271165677505e-05, 0.09169446954121574], [0.001476188416091291, 3.983295923146475e-05, -0.9999989096399537, -0.004691923786409836], [0.0, 0.0, 0.0, 1.0]]}, "mean_rme": {"type": "float", "data": 0.0016412980894024182}, "max_rme": {"type": "float", "data": 0.003980679579759172}, "simu": {"type": "float", "data": 0.002}}, {"type": "dict", "image_number": {"type": "int", "data": 13}, "Hcamera2end": {"type": "ndarray", "data": [[0.9999708784468057, -0.007567333545416701, -0.0009887979249252983, -0.014617683371866594], [0.0009891954724515007, 4.8792030338695724e-05, 0.9999995095557073, 0.03349023023789373], [-0.007567281588602801, -0.999971366131226, 5.62761815205981e-05, 0.03472505551837143], [0.0, 0.0, 0.0, 1.0]]}, "Hobj2base": {"type": "ndarray", "data": [[0.9999689584364775, -0.007752280476530725, 0.0014086556994685993, -0.734968844671132], [-0.007752115700897882, -0.9999699444090002, -0.00012239616362847992, 0.09176223849106607], [0.001409562210878736, 0.00011147230229518191, -0.9999990003536501, -0.00486759404337524], [0.0, 0.0, 0.0, 1.0]]}, "mean_rme": {"type": "float", "data": 0.0016390736456080607}, "max_rme": {"type": "float", "data": 0.0038864713324092692}, "simu": {"type": "float", "data": 0.002}}, {"type": "dict", "image_number": {"type": "int", "data": 14}, "Hcamera2end": {"type": "ndarray", "data": [[0.9999690837366213, -0.0077981656591452515, -0.0010100412341352456, -0.014497011508274926], [0.001010344914241843, 3.500312399085104e-05, 0.9999994889888375, 0.03336002904638968], [-0.007798126319596995, -0.9999695932312813, 4.2880878839191006e-05, 0.0345214620335794], [0.0, 0.0, 0.0, 1.0]]}, "Hobj2base": {"type": "ndarray", "data": [[0.9999673696402379, -0.007962130699981515, 0.0013653312785858712, -0.7347191770433469], [-0.007961909140654703, -0.9999682894480859, -0.00016763384179893718, 0.09169144928634378], [0.0013666227057356247, 0.00015675772825937635, -0.9999990538842498, -0.004801107994903979], [0.0, 0.0, 0.0, 1.0]]}, "mean_rme": {"type": "float", "data": 0.0016244830949990274}, "max_rme": {"type": "float", "data": 0.004132593177921057}, "simu": {"type": "float", "data": 0.002}}, {"type": "dict", "image_number": {"type": "int", "data": 15}, "Hcamera2end": {"type": "ndarray", "data": [[0.9999676726939254, -0.00800338272375677, -0.0007742299862081269, -0.014748154523165719], [0.0007754593784413373, 0.00015050701907959319, 0.9999996880051464, 0.03348612906869332], [-0.00800326369969524, -0.9999679610930615, 0.0001567084517855033, 0.03424496220874069], [0.0, 0.0, 0.0, 1.0]]}, "Hobj2base": {"type": "ndarray", "data": [[0.999965954885367, -0.00817179771214943, 0.0011448984006636608, -0.7344279727923542], [-0.008171736759004398, -0.9999666091250983, -5.790678419040768e-05, 0.09176629501228531], [0.0011453333740309535, 4.854900440127331e-05, -0.9999993429270129, -0.00474876441353318], [0.0, 0.0, 0.0, 1.0]]}, "mean_rme": {"type": "float", "data": 0.00160932557571922}, "max_rme": {"type": "float", "data": 0.003963654568750086}, "simu": {"type": "float", "data": 0.002}}, {"type": "dict", "image_number": {"type": "int", "data": 16}, "Hcamera2end": {"type": "ndarray", "data": [[0.9999673607509535, -0.008061323471917797, -0.000540829597495024, -0.014873911450187783], [0.0005430634332672835, 0.00027491897398401743, 0.9999998147508156, 0.03348556613675887], [-0.008061173294246153, -0.9999674692125935, 0.00027928781083641496, 0.03410665506143821], [0.0, 0.0, 0.0, 1.0]]}, "Hobj2base": {"type": "ndarray", "data": [[0.9999655905884256, -0.00824944666797581, 0.000874224692744008, -0.7344417792525539], [-0.008249283281680113, -0.9999659559696157, -0.00019033421006187042, 0.09183650530259502], [0.0008757650825270021, 0.0001831159336314146, -0.9999995997519575, -0.004841784333248916], [0.0, 0.0, 0.0, 1.0]]}, "mean_rme": {"type": "float", "data": 0.0015870115711927191}, "max_rme": {"type": "float", "data": 0.003927680381079712}, "simu": {"type": "float", "data": 0.002}}, {"type": "dict", "image_number": {"type": "int", "data": 17}, "Hcamera2end": {"type": "ndarray", "data": [[0.9999940064128909, -0.0033862983228948994, -0.0007211948165372207, -0.014606893721080165], [0.0007229299281307129, 0.0005111957585798299, 0.9999996080255308, 0.031803669181446975], [-0.0033859283238210883, -0.9999941358140879, 0.0005136407510867302, 0.03398399366121773], [0.0, 0.0, 0.0, 1.0]]}, "Hobj2base": {"type": "ndarray", "data": [[0.9999929524182409, -0.0036234339131605096, 0.0009827718588935777, -0.7355137229706408], [-0.0036230762662540347, -0.999993369859246, -0.00036545303222960187, 0.09081719370580037], [0.000984089537888472, 0.00036188979927237843, -0.9999994503016267, -0.003230809772892431], [0.0, 0.0, 0.0, 1.0]]}, "mean_rme": {"type": "float", "data": 0.0015959283767304577}, "max_rme": {"type": "float", "data": 0.0057012550967120434}, "simu": {"type": "float", "data": 0.002}}, {"type": "dict", "image_number": {"type": "int", "data": 18}, "Hcamera2end": {"type": "ndarray", "data": [[0.999993352959373, -0.003502114928432067, -0.0010145087969178393, -0.014063517900424108], [0.0010161594806665827, 0.00046959193744366967, 0.9999993734514647, 0.03166534356503517], [-0.0035016363290355907, -0.9999937573177347, 0.0004731475233338278, 0.033643126211467124], [0.0, 0.0, 0.0, 1.0]]}, "Hobj2base": {"type": "ndarray", "data": [[0.9999925705092461, -0.003721567827450091, 0.001004419840586224, -0.7350655769697796], [-0.0037209157049927235, -0.9999928658950261, -0.0006503425004679955, 0.09116535395838496], [0.001006832968676209, 0.000646600307195158, -0.9999992840974514, -0.003293159420842311], [0.0, 0.0, 0.0, 1.0]]}, "mean_rme": {"type": "float", "data": 0.0016057021776702213}, "max_rme": {"type": "float", "data": 0.0057865534269910535}, "simu": {"type": "float", "data": 0.002}}, {"type": "dict", "image_number": {"type": "int", "data": 19}, "Hcamera2end": {"type": "ndarray", "data": [[0.9999933498790059, -0.003459994989930059, -0.0011526631917871115, -0.014063388530981522], [0.0011541866258597897, 0.00043833505249790683, 0.9999992378575168, 0.03157805051851384], [-0.0034594871002402014, -0.9999939181300311, 0.00044232561745971566, 0.03330730562944037], [0.0, 0.0, 0.0, 1.0]]}, "Hobj2base": {"type": "ndarray", "data": [[0.9999927614402266, -0.0036624032979872814, 0.0010314403680316056, -0.7347252985739271], [-0.003661586547110251, -0.9999929822338745, -0.0007926329293022715, 0.09102732129306212], [0.0010343360710786998, 0.0007888504836057033, -0.9999991539315456, -0.0033242467848344096], [0.0, 0.0, 0.0, 1.0]]}, "mean_rme": {"type": "float", "data": 0.0015807624258982202}, "max_rme": {"type": "float", "data": 0.0057748487663421}, "simu": {"type": "float", "data": 0.002}}, {"type": "dict", "image_number": {"type": "int", "data": 20}, "Hcamera2end": {"type": "ndarray", "data": [[0.9999931624504763, -0.003570327871692207, -0.000963229559356165, -0.01385664759589581], [0.0009651781600838285, 0.0005440935896438015, 0.9999993861964539, 0.03172216455084948], [-0.0035698015931836984, -0.9999934783392609, 0.0005475358718630696, 0.03330897457233956], [0.0, 0.0, 0.0, 1.0]]}, "Hobj2base": {"type": "ndarray", "data": [[0.999992612817044, -0.003756810489949634, 0.0008128261094739623, -0.7349648121128984], [-0.003756231169552429, -0.9999926910953139, -0.0007130801871743997, 0.09125096501354799], [0.0008154990757327536, 0.0007100217567527626, -0.9999994154150105, -0.00329427967462029], [0.0, 0.0, 0.0, 1.0]]}, "mean_rme": {"type": "float", "data": 0.0016159511677477517}, "max_rme": {"type": "float", "data": 0.005590598576737271}, "simu": {"type": "float", "data": 0.002}}, {"type": "dict", "image_number": {"type": "int", "data": 21}, "Hcamera2end": {"type": "ndarray", "data": [[0.9999928602905612, -0.0037149673763059755, -0.0006916540283981999, -0.01387109136288191], [0.000693511759224463, 0.0004988016145051066, 0.9999996351191279, 0.03177451993632895], [-0.0037146210226393955, -0.9999929750824964, 0.0005013744267671205, 0.03308374926346784], [0.0, 0.0, 0.0, 1.0]]}, "Hobj2base": {"type": "ndarray", "data": [[0.9999921368352144, -0.003898615716509111, 0.0007259912098716703, -0.73478079935879], [-0.0038982882859419825, -0.9999922995459132, -0.00045188197117992707, 0.09150551967009221], [0.0007277473335645406, 0.0004490482949283844, -0.9999996343696567, -0.003349377416505872], [0.0, 0.0, 0.0, 1.0]]}, "mean_rme": {"type": "float", "data": 0.0015741990125252299}, "max_rme": {"type": "float", "data": 0.005525052377072487}, "simu": {"type": "float", "data": 0.002}}, {"type": "dict", "image_number": {"type": "int", "data": 22}, "Hcamera2end": {"type": "ndarray", "data": [[0.9999930185126366, -0.0037017970438434095, -0.0005095337398036818, -0.014364355916170553], [0.0005110927517513388, 0.0004202162565791756, 0.9999997811012247, 0.031865156823107164], [-0.003701582119163828, -0.9999930600343907, 0.000422105284482277, 0.03330310752567412], [0.0, 0.0, 0.0, 1.0]]}, "Hobj2base": {"type": "ndarray", "data": [[0.9999921746864397, -0.0038919251785567016, 0.0007095662686311668, -0.7347615206312327], [-0.0038917426307527375, -0.9999923937383279, -0.0002584662168099517, 0.09106426045292948], [0.0007105668026614628, 0.00025570274493378443, -0.9999997148554223, -0.0033208371689368225], [0.0, 0.0, 0.0, 1.0]]}, "mean_rme": {"type": "float", "data": 0.0016268846491189505}, "max_rme": {"type": "float", "data": 0.005724225443933029}, "simu": {"type": "float", "data": 0.002}}, {"type": "dict", "image_number": {"type": "int", "data": 23}, "Hcamera2end": {"type": "ndarray", "data": [[0.9999925435013043, -0.003811564899710531, -0.0006204150282835507, -0.014377457668142628], [0.0006217770257244037, 0.0003561582905534655, 0.9999997432722683, 0.031739005030332945], [-0.0038113429552202125, -0.9999926725352979, 0.0003585255783462582, 0.03331152757423217], [0.0, 0.0, 0.0, 1.0]]}, "Hobj2base": {"type": "ndarray", "data": [[0.9999918113269637, -0.003988281377892143, 0.0006862147397568518, -0.7347313644424631], [-0.003988052014913769, -0.9999919914794582, -0.00033528804571540487, 0.09104243241982271], [0.0006875464672609689, 0.00033254864007567465, -0.9999997083455863, -0.0034233335786105186], [0.0, 0.0, 0.0, 1.0]]}, "mean_rme": {"type": "float", "data": 0.0016234782205265046}, "max_rme": {"type": "float", "data": 0.005727944278746039}, "simu": {"type": "float", "data": 0.002}}, {"type": "dict", "image_number": {"type": "int", "data": 24}, "Hcamera2end": {"type": "ndarray", "data": [[0.9999934032983144, -0.0035825486704320975, -0.0005989197597105662, -0.014495608195679712], [0.0005999995661210801, 0.00030034015146862547, 0.9999997748981319, 0.031735932101084184], [-0.0035823679843423493, -0.9999935375495271, 0.0003024876978621194, 0.033266944443855695], [0.0, 0.0, 0.0, 1.0]]}, "Hobj2base": {"type": "ndarray", "data": [[0.9999926694200703, -0.0037596711345969248, 0.0007252441531584599, -0.7347341890737003], [-0.00375943005056125, -0.9999928777079969, -0.00033349508774704206, 0.09087693708164522], [0.0007264928196127602, 0.00033076613837126743, -0.9999996814009215, -0.003357581888059078], [0.0, 0.0, 0.0, 1.0]]}, "mean_rme": {"type": "float", "data": 0.0016087989805871528}, "max_rme": {"type": "float", "data": 0.005654754522121885}, "simu": {"type": "float", "data": 0.002}}, {"type": "dict", "image_number": {"type": "int", "data": 25}, "Hcamera2end": {"type": "ndarray", "data": [[0.9999933639276327, -0.003600096767165749, -0.0005580358089997007, -0.014440642808642584], [0.000558833540338027, 0.00022058395704560585, 0.99999981952388, 0.03176028385019323], [-0.0035999730236873292, -0.999993495301837, 0.00022259434805649292, 0.03328695564214482], [0.0, 0.0, 0.0, 1.0]]}, "Hobj2base": {"type": "ndarray", "data": [[0.9999926783125994, -0.0037720370396096482, 0.0006442497698158391, -0.7348179898007272], [-0.0037718482683180526, -0.9999928433444769, -0.0002939735871051775, 0.09085487683942352], [0.0006453540384013931, 0.0002915414223438245, -0.999999749260851, -0.0033300446054350917], [0.0, 0.0, 0.0, 1.0]]}, "mean_rme": {"type": "float", "data": 0.0016185449154801253}, "max_rme": {"type": "float", "data": 0.005551438381344892}, "simu": {"type": "float", "data": 0.002}}, {"type": "dict", "image_number": {"type": "int", "data": 26}, "Hcamera2end": {"type": "ndarray", "data": [[0.9999936897182896, -0.0034931895757177355, -0.0006466453349550014, -0.014387850042318287], [0.0006470501873406468, 0.00011476873314364422, 0.9999997840770732, 0.03172466979300882], [-0.0034931146067921325, -0.9999938922087105, 0.00011702827788995229, 0.03331232490387988], [0.0, 0.0, 0.0, 1.0]]}, "Hobj2base": {"type": "ndarray", "data": [[0.9999928982781726, -0.003708886291087958, 0.0006689960390019457, -0.7348388621908304], [-0.003708769204508914, -0.999993106973081, -0.00017617409721552016, 0.09084437175754564], [0.0006696448372882474, 0.0001736916941686997, -0.9999997607034654, -0.00335740131224215], [0.0, 0.0, 0.0, 1.0]]}, "mean_rme": {"type": "float", "data": 0.0015857906429635681}, "max_rme": {"type": "float", "data": 0.0055045595498908195}, "simu": {"type": "float", "data": 0.002}}, {"type": "dict", "image_number": {"type": "int", "data": 27}, "Hcamera2end": {"type": "ndarray", "data": [[0.9999937035111753, -0.00351722147228367, -0.0004712654437903992, -0.014652751461574322], [0.0004717202490058252, 0.0001284796423257628, 0.9999998804864868, 0.03174042735793092], [-0.0035171605039125173, -0.999993806303867, 0.00013013797794381166, 0.03290979263524438], [0.0, 0.0, 0.0, 1.0]]}, "Hobj2base": {"type": "ndarray", "data": [[0.9999928816817034, -0.003726488811710062, 0.0005914956119401148, -0.734396156295651], [-0.003726468688430366, -0.9999930560747592, -3.511946632538257e-05, 0.0908634984777325], [0.0005916223769371402, 3.2915026456604064e-05, -0.9999998244497663, -0.0033707797725216625], [0.0, 0.0, 0.0, 1.0]]}, "mean_rme": {"type": "float", "data": 0.0015997094549463511}, "max_rme": {"type": "float", "data": 0.0055501251580479805}, "simu": {"type": "float", "data": 0.002}}, {"type": "dict", "image_number": {"type": "int", "data": 28}, "Hcamera2end": {"type": "ndarray", "data": [[0.9999936553054303, -0.003544018773116631, -0.00035955503057590716, -0.014619430037069064], [0.0003601577976486139, 0.00016944336391133685, 0.9999999207876505, 0.03186001848306142], [-0.0035439575681726855, -0.9999937055901315, 0.0001707186948410877, 0.03285542392827486], [0.0, 0.0, 0.0, 1.0]]}, "Hobj2base": {"type": "ndarray", "data": [[0.9999928690186308, -0.0037429069355448593, 0.000502553041197586, -0.7344301327469801], [-0.0037429250675073203, -0.9999929946138799, 3.514403532507247e-05, 0.09096958941174485], [0.0005024179797659254, -3.7024803089261816e-05, -0.9999998731026605, -0.003278834434030401], [0.0, 0.0, 0.0, 1.0]]}, "mean_rme": {"type": "float", "data": 0.0016347083165354867}, "max_rme": {"type": "float", "data": 0.005483228058784234}, "simu": {"type": "float", "data": 0.002}}, {"type": "dict", "image_number": {"type": "int", "data": 29}, "Hcamera2end": {"type": "ndarray", "data": [[0.9999943870983381, -0.003325563997198485, -0.00040791655978036304, -0.01484178901390834], [0.0004085017352826936, 0.00017528543267741892, 0.9999999012006695, 0.031835187529019454], [-0.0033254921668043123, -0.9999944549341846, 0.0001766429474810982, 0.032686756097266484], [0.0, 0.0, 0.0, 1.0]]}, "Hobj2base": {"type": "ndarray", "data": [[0.9999936939172631, -0.0035180297931082854, 0.00048537828733148566, -0.7343886334138496], [-0.0035180215561777858, -0.9999938115841895, -1.782287039830714e-05, 0.09063668874054959], [0.00048543798499787826, 1.611518672807898e-05, -0.9999998820451248, -0.0032725392387666593], [0.0, 0.0, 0.0, 1.0]]}, "mean_rme": {"type": "float", "data": 0.0016410522191110852}, "max_rme": {"type": "float", "data": 0.005360400785105773}, "simu": {"type": "float", "data": 0.002}}, {"type": "dict", "image_number": {"type": "int", "data": 30}, "Hcamera2end": {"type": "ndarray", "data": [[0.9999944719288884, -0.00330858210562784, -0.00033075083385364313, -0.015218100507178754], [0.0003318508430915138, 0.00033192804051906943, 0.9999998898493909, 0.03182197040031385], [-0.003308471955709324, -0.9999944715388311, 0.0003330241613583862, 0.03257731918468323], [0.0, 0.0, 0.0, 1.0]]}, "Hobj2base": {"type": "ndarray", "data": [[0.9999938020220641, -0.0035069799319749173, 0.00031146302121115105, -0.7342143244112995], [-0.003506977686422786, -0.9999938505047712, -7.755546981842933e-06, 0.09035413685397632], [0.00031148830441841497, 6.663205047600525e-06, -0.999999951465318, -0.003322109421735188], [0.0, 0.0, 0.0, 1.0]]}, "mean_rme": {"type": "float", "data": 0.0016608474488749195}, "max_rme": {"type": "float", "data": 0.005502600668443464}, "simu": {"type": "float", "data": 0.002}}]}