{"type": "list", "data": [{"type": "dict", "image_number": {"type": "int", "data": 5}, "Hcamera2end": {"type": "ndarray", "data": [[0.9999986952738015, -0.001487974838568725, -0.0006287937455744142, -0.012777951470373233], [0.0006282091240725938, -0.0003933322065863276, 0.9999997253214985, 0.021807113574388748], [-0.00148822175468546, -0.9999988156096264, -0.00039239693402559617, 0.034334284105425966], [0.0, 0.0, 0.0, 1.0]]}, "Hobj2base": {"type": "ndarray", "data": [[0.9999985311555679, -0.001157169156834426, 0.0012643758337973288, -0.7342526248123927], [-0.0011614523577173409, -0.9999935722051869, 0.0033921345389123355, 0.09092227782735865], [0.0012604424331846406, -0.0033935980686876097, -0.9999934473670418, -0.00011170289065920436], [0.0, 0.0, 0.0, 1.0]]}, "mean_rme": {"type": "float", "data": 0.0015410726580957154}, "max_rme": {"type": "float", "data": 0.004110727033132422}, "simu": {"type": "float", "data": 0.002}}, {"type": "dict", "image_number": {"type": "int", "data": 6}, "Hcamera2end": {"type": "ndarray", "data": [[0.999997999441813, -0.001630851145696493, -0.0011582041755948485, -0.014041891346906445], [0.0011542409570288125, -0.0024290012267493832, 0.9999963838338887, 0.02174631890330436], [-0.0016336585276311927, -0.999995720129632, -0.0024271139722038537, 0.03572225101027436], [0.0, 0.0, 0.0, 1.0]]}, "Hobj2base": {"type": "ndarray", "data": [[0.9999944966480344, -0.001220730711920417, 0.003084880900998154, -0.7349774796015627], [-0.0012283802508361796, -0.9999961727882862, 0.0024790100322188728, 0.08962417138175253], [0.003081842890824345, -0.0024827857961291066, -0.9999921689788813, -0.00034671606939519944], [0.0, 0.0, 0.0, 1.0]]}, "mean_rme": {"type": "float", "data": 0.0014556111925789188}, "max_rme": {"type": "float", "data": 0.004538302485151302}, "simu": {"type": "float", "data": 0.002}}, {"type": "dict", "image_number": {"type": "int", "data": 7}, "Hcamera2end": {"type": "ndarray", "data": [[0.9999978959883113, -0.0014864193551228067, -0.001413710172247005, -0.014815501099382134], [0.0014091911830095235, -0.0030368492777208544, 0.9999943958476339, 0.02189888264508116], [-0.0014907042497177556, -0.9999942840356465, -0.0030347482391051006, 0.035761751453323255], [0.0, 0.0, 0.0, 1.0]]}, "Hobj2base": {"type": "ndarray", "data": [[0.999992995556315, -0.0011168543454370564, 0.003572320629344411, -0.7348767767576377], [-0.0011240340451778776, -0.9999973513585383, 0.002008438043170443, 0.08860410420209909], [0.0035700680347918222, -0.002012439385186949, -0.9999916023157134, -0.0003731112821014983], [0.0, 0.0, 0.0, 1.0]]}, "mean_rme": {"type": "float", "data": 0.0013942364474541457}, "max_rme": {"type": "float", "data": 0.004976054268849728}, "simu": {"type": "float", "data": 0.002}}, {"type": "dict", "image_number": {"type": "int", "data": 8}, "Hcamera2end": {"type": "ndarray", "data": [[0.999997338593944, -0.0011957853810628035, -0.0019730439304109187, -0.015371236096306397], [0.001969308296640217, -0.0031171673765153507, 0.999993202523087, 0.022099790570553127], [-0.0012019275609115912, -0.9999944266669037, -0.003114804210395228, 0.03535101864279215], [0.0, 0.0, 0.0, 1.0]]}, "Hobj2base": {"type": "ndarray", "data": [[0.9999928573127365, -0.000889159812865496, 0.003673515800477956, -0.7343548461094578], [-0.0008944564834626182, -0.9999985625073726, 0.0014404620048665522, 0.08769599799334298], [0.0036722297188993896, -0.0014437375161217762, -0.9999922151451361, -0.00012462873998383278], [0.0, 0.0, 0.0, 1.0]]}, "mean_rme": {"type": "float", "data": 0.0013514548527070788}, "max_rme": {"type": "float", "data": 0.005557364147489752}, "simu": {"type": "float", "data": 0.002}}, {"type": "dict", "image_number": {"type": "int", "data": 9}, "Hcamera2end": {"type": "ndarray", "data": [[0.9999984304813355, -0.0015436516644195513, -0.0008695828911056951, -0.014670768960932383], [0.0008679186073481126, -0.0010784898987310498, 0.9999990417879555, 0.021702547540657743], [-0.001544588021638101, -0.9999982269979667, -0.0010771484420182276, 0.03338101718376467], [0.0, 0.0, 0.0, 1.0]]}, "Hobj2base": {"type": "ndarray", "data": [[0.999998057058621, -0.0013594331841849745, 0.0014275224694597728, -0.7338352123787044], [-0.0013618386473049293, -0.9999976523348926, 0.0016854436218145898, 0.08936106471916903], [0.0014252278701255131, -0.0016873844023652415, -0.9999975607267235, 0.0002265438460759365], [0.0, 0.0, 0.0, 1.0]]}, "mean_rme": {"type": "float", "data": 0.0014658283359810227}, "max_rme": {"type": "float", "data": 0.005114297336969442}, "simu": {"type": "float", "data": 0.002}}, {"type": "dict", "image_number": {"type": "int", "data": 10}, "Hcamera2end": {"type": "ndarray", "data": [[0.9999982361459709, -0.0016017001881715018, -0.0009809492617967228, -0.014891131904231778], [0.0009789891893028913, -0.0012240707210662283, 0.999998771614764, 0.021349036428700525], [-0.0016028989719368554, -0.9999979681016242, -0.0012225005148154278, 0.03325561713630204], [0.0, 0.0, 0.0, 1.0]]}, "Hobj2base": {"type": "ndarray", "data": [[0.9999980842489616, -0.001461977987698211, 0.0013015831783381767, -0.733674068565428], [-0.0014641818499064147, -0.9999974934731268, 0.001693876906302188, 0.08961380046309537], [0.0012991035051340787, -0.001695779415721612, -0.9999977183285249, 0.00024517396130011027], [0.0, 0.0, 0.0, 1.0]]}, "mean_rme": {"type": "float", "data": 0.0015921559630461201}, "max_rme": {"type": "float", "data": 0.004770221113944539}, "simu": {"type": "float", "data": 0.002}}, {"type": "dict", "image_number": {"type": "int", "data": 11}, "Hcamera2end": {"type": "ndarray", "data": [[0.9999968089289272, -0.0024237387550598006, -0.0007124762522357596, -0.014862556165349646], [0.0007094452334575257, -0.0012511850481398135, 0.999998965611183, 0.021308569402631775], [-0.0024246276876054894, -0.999996280006292, -0.0012494615456124514, 0.033045100109474354], [0.0, 0.0, 0.0, 1.0]]}, "Hobj2base": {"type": "ndarray", "data": [[0.9999966303610813, -0.0022663891851527405, 0.0012659962654798964, -0.7337085656733077], [-0.0022686412677746597, -0.9999958418782062, 0.0017803070228014266, 0.08993569238005232], [0.0012619561327305057, -0.001783173115182312, -0.9999976138773332, 0.00014531809087586778], [0.0, 0.0, 0.0, 1.0]]}, "mean_rme": {"type": "float", "data": 0.0015428004212085637}, "max_rme": {"type": "float", "data": 0.0046798406084336275}, "simu": {"type": "float", "data": 0.002}}, {"type": "dict", "image_number": {"type": "int", "data": 12}, "Hcamera2end": {"type": "ndarray", "data": [[0.9999942897697116, -0.003349340525438155, -0.0004498288726064671, -0.014520218922318454], [0.00044659068730337997, -0.0009674979372034098, 0.9999994322520886, 0.021842858037442896], [-0.0033497738323634077, -0.9999939229144277, -0.0009659966282802301, 0.0329164389998853], [0.0, 0.0, 0.0, 1.0]]}, "Hobj2base": {"type": "ndarray", "data": [[0.9999938931317635, -0.0032935739451596356, 0.001168789907156694, -0.7336953032957213], [-0.0032957227333110543, -0.9999928738256305, 0.0018413336528622258, 0.09034799947737338], [0.001162717009612602, -0.0018451744155477089, -0.9999976217074376, -0.0005204087024164352], [0.0, 0.0, 0.0, 1.0]]}, "mean_rme": {"type": "float", "data": 0.001534215032658904}, "max_rme": {"type": "float", "data": 0.004514151824703494}, "simu": {"type": "float", "data": 0.002}}, {"type": "dict", "image_number": {"type": "int", "data": 13}, "Hcamera2end": {"type": "ndarray", "data": [[0.9999954359643922, -0.002962615062600308, -0.000592420776138626, -0.013619093181832331], [0.000589546046628684, -0.0009711143232860042, 0.9999993546860068, 0.02169401980531222], [-0.002963188459084472, -0.9999951399126706, -0.0009693632930878326, 0.03319355045686597], [0.0, 0.0, 0.0, 1.0]]}, "Hobj2base": {"type": "ndarray", "data": [[0.9999950484016872, -0.0029207269605952923, 0.0011715486028771793, -0.7338289861201278], [-0.002922675943527652, -0.9999943422753026, 0.0016653476256613872, 0.09111371844411532], [0.001166677948868682, -0.0016687634364471965, -0.9999979270434298, -0.000558097931815062], [0.0, 0.0, 0.0, 1.0]]}, "mean_rme": {"type": "float", "data": 0.0016511308841750864}, "max_rme": {"type": "float", "data": 0.004576677166564791}, "simu": {"type": "float", "data": 0.002}}, {"type": "dict", "image_number": {"type": "int", "data": 14}, "Hcamera2end": {"type": "ndarray", "data": [[0.9999950639560752, -0.0030907152496518243, -0.0005652811077522185, -0.01342828047432312], [0.0005621629122336534, -0.0010096669131987035, 0.9999993322725694, 0.021759540869291143], [-0.0030912839315276252, -0.9999947140120143, -0.0010079244439527013, 0.03356189265683213], [0.0, 0.0, 0.0, 1.0]]}, "Hobj2base": {"type": "ndarray", "data": [[0.9999946106267575, -0.003057160381781465, 0.0011968658402396859, -0.7339761530172695], [-0.003059102449845696, -0.9999940019574967, 0.0016241740150770194, 0.09148222082012213], [0.0011918933009354932, -0.0016278265970210556, -0.9999979647833934, -0.0004277148840944917], [0.0, 0.0, 0.0, 1.0]]}, "mean_rme": {"type": "float", "data": 0.0017483776920378085}, "max_rme": {"type": "float", "data": 0.00436589723531694}, "simu": {"type": "float", "data": 0.002}}, {"type": "dict", "image_number": {"type": "int", "data": 15}, "Hcamera2end": {"type": "ndarray", "data": [[0.9999942025348887, -0.0033799209098430314, -0.0004135592525027704, -0.013302685112916983], [0.0004114472126215689, -0.000625549936660752, 0.9999997196991945, 0.021812214909336547], [-0.003380178664412687, -0.99999409239351, -0.0006241556510195867, 0.03300102627961075], [0.0, 0.0, 0.0, 1.0]]}, "Hobj2base": {"type": "ndarray", "data": [[0.9999941236318732, -0.003330513161736455, 0.0008126400195678555, -0.7337708115312558], [-0.003331763967743177, -0.9999932596589911, 0.0015427201459345553, 0.09192093494581392], [0.0008074964923460951, -0.0015454186050790036, -0.9999984798142194, -0.00042842523194642026], [0.0, 0.0, 0.0, 1.0]]}, "mean_rme": {"type": "float", "data": 0.001693433608646438}, "max_rme": {"type": "float", "data": 0.004393873028442796}, "simu": {"type": "float", "data": 0.002}}, {"type": "dict", "image_number": {"type": "int", "data": 16}, "Hcamera2end": {"type": "ndarray", "data": [[0.9999944020485841, -0.0033223627580913416, -0.00039721178014659594, -0.013266728015222523], [0.00039470650009255925, -0.0007546874698276529, 0.9999996373267349, 0.021816930347711632], [-0.0033226613239125376, -0.9999941961594209, -0.0007533718869476846, 0.03311840420153201], [0.0, 0.0, 0.0, 1.0]]}, "Hobj2base": {"type": "ndarray", "data": [[0.9999941845290232, -0.003279479907479556, 0.0009359058019897889, -0.733785599337095], [-0.0032808473161856123, -0.9999935474086747, 0.001463277793983508, 0.09196026691071665], [0.0009311009728476998, -0.001466339848372627, -0.9999984914480757, -0.00041012609754118023], [0.0, 0.0, 0.0, 1.0]]}, "mean_rme": {"type": "float", "data": 0.001626552022501298}, "max_rme": {"type": "float", "data": 0.00433032491875085}, "simu": {"type": "float", "data": 0.002}}, {"type": "dict", "image_number": {"type": "int", "data": 17}, "Hcamera2end": {"type": "ndarray", "data": [[0.9999936540320778, -0.0035464373299373565, -0.00033864116391007907, -0.013306924735217242], [0.0003363142691998058, -0.0006566975705406541, 0.9999997278204696, 0.02181337379087054], [-0.0035466587494993335, -0.9999934957441302, -0.0006555006856800993, 0.032965388680489933], [0.0, 0.0, 0.0, 1.0]]}, "Hobj2base": {"type": "ndarray", "data": [[0.9999935495594771, -0.0034695255292789265, 0.0009291028141736141, -0.7337512654483903], [-0.0034708413980755574, -0.9999929706309965, 0.0014184317340725477, 0.09211330962545396], [0.000924174998054187, -0.0014216473530735136, -0.9999985624086549, -0.00048363465465811606], [0.0, 0.0, 0.0, 1.0]]}, "mean_rme": {"type": "float", "data": 0.001600166158927811}, "max_rme": {"type": "float", "data": 0.004426666829125625}, "simu": {"type": "float", "data": 0.002}}, {"type": "dict", "image_number": {"type": "int", "data": 18}, "Hcamera2end": {"type": "ndarray", "data": [[0.9999943754815532, -0.003318247069160631, -0.000488100037216875, -0.013770806039483868], [0.0004867856921366863, -0.00039689230911776896, 0.9999998027580732, 0.02192491278463582], [-0.003318440137814036, -0.9999944158408502, -0.0003952748015936258, 0.03277801129624834], [0.0, 0.0, 0.0, 1.0]]}, "Hobj2base": {"type": "ndarray", "data": [[0.9999944805430823, -0.0032482915732332533, 0.0006982014224423264, -0.7334699097478682], [-0.0032490959316555496, -0.9999940557968734, 0.0011540132350168308, 0.09165832153218528], [0.0006944487007245433, -0.0011562753888916311, -0.9999990903836999, -0.0003324412163848156], [0.0, 0.0, 0.0, 1.0]]}, "mean_rme": {"type": "float", "data": 0.0016718683675688102}, "max_rme": {"type": "float", "data": 0.004622468855453032}, "simu": {"type": "float", "data": 0.002}}, {"type": "dict", "image_number": {"type": "int", "data": 19}, "Hcamera2end": {"type": "ndarray", "data": [[0.9999935151297176, -0.003558647019020594, -0.0005529284811795422, -0.014184225756413631], [0.0005530033395299457, 2.0051680466703914e-05, 0.9999998468926066, 0.021772195384496644], [-0.0035586353870201994, -0.9999936677946137, 2.201949411995141e-05, 0.03278356257489788], [0.0, 0.0, 0.0, 1.0]]}, "Hobj2base": {"type": "ndarray", "data": [[0.9999939173464406, -0.003472658338405893, 0.00032544459566360176, -0.7335146334362973], [-0.0034729712223036838, -0.9999935028082889, 0.0009658219807151074, 0.09120063223543556], [0.0003220885114329262, -0.0009669463656697926, -0.9999994806367238, -0.0003640648592321944], [0.0, 0.0, 0.0, 1.0]]}, "mean_rme": {"type": "float", "data": 0.0017212417428190444}, "max_rme": {"type": "float", "data": 0.004630139091198304}, "simu": {"type": "float", "data": 0.002}}, {"type": "dict", "image_number": {"type": "int", "data": 20}, "Hcamera2end": {"type": "ndarray", "data": [[0.9999934668459803, -0.0035637138067269912, -0.0006051522626793128, -0.01422332533152117], [0.0006047423490065814, -0.00011610074080325994, 0.9999998104036366, 0.0218065009911428], [-0.0035637833896858097, -0.9999936432120565, -0.00011394485364046858, 0.033074801842210705], [0.0, 0.0, 0.0, 1.0]]}, "Hobj2base": {"type": "ndarray", "data": [[0.99999384844704, -0.0034810653360474865, 0.0004304093455231126, -0.7337525332796948], [-0.0034814395138128037, -0.9999935598539722, 0.0008716819901089942, 0.09119526938929477], [0.0004273721916642504, -0.0008731750720136862, -0.9999995274590401, -0.00037728416765958893], [0.0, 0.0, 0.0, 1.0]]}, "mean_rme": {"type": "float", "data": 0.0016922634541544786}, "max_rme": {"type": "float", "data": 0.004581144395627512}, "simu": {"type": "float", "data": 0.002}}, {"type": "dict", "image_number": {"type": "int", "data": 21}, "Hcamera2end": {"type": "ndarray", "data": [[0.9999934184140524, -0.003589811960115168, -0.000525717289925314, -0.014344925257415354], [0.0005262226551743623, 0.00013983456602251199, 0.9999998517679943, 0.02174182715663342], [-0.0035897379145410557, -0.9999935468273705, 0.0001417226860706, 0.03319706584897255], [0.0, 0.0, 0.0, 1.0]]}, "Hobj2base": {"type": "ndarray", "data": [[0.9999938216893827, -0.0035114695735984727, 0.0001617544336352259, -0.7339532289611833], [-0.003511603272976538, -0.9999934866675346, 0.0008338254972233535, 0.09101988921565059], [0.00015882542721163152, -0.0008343883629890029, -0.9999996392852064, -0.00037388710550461166], [0.0, 0.0, 0.0, 1.0]]}, "mean_rme": {"type": "float", "data": 0.0016744634383144333}, "max_rme": {"type": "float", "data": 0.00465372711426193}, "simu": {"type": "float", "data": 0.002}}, {"type": "dict", "image_number": {"type": "int", "data": 22}, "Hcamera2end": {"type": "ndarray", "data": [[0.9999936140711717, -0.0034998046538420712, -0.0007233147733935756, -0.014394927673715571], [0.000723360599046849, 1.1827977877243434e-05, 0.9999997383047371, 0.02175993791465112], [-0.003499795182608634, -0.9999938755949879, 1.4359523135665242e-05, 0.033453333640315865], [0.0, 0.0, 0.0, 1.0]]}, "Hobj2base": {"type": "ndarray", "data": [[0.9999940704661783, -0.00343753398041121, 0.00020589467609485632, -0.7341966281396829], [-0.003437657312057428, -0.999993910231012, 0.0006016752404501884, 0.09092654535134338], [0.00020382514315962349, -0.0006023794681352916, -0.9999997977971231, -0.0004002135861271824], [0.0, 0.0, 0.0, 1.0]]}, "mean_rme": {"type": "float", "data": 0.0016468136312572654}, "max_rme": {"type": "float", "data": 0.004615025349540114}, "simu": {"type": "float", "data": 0.002}}, {"type": "dict", "image_number": {"type": "int", "data": 23}, "Hcamera2end": {"type": "ndarray", "data": [[0.9999937104878306, -0.003478825692781131, -0.0006904756187754858, -0.014343715363741075], [0.0006902994344098194, -5.18452460345209e-05, 0.9999997603993519, 0.021786656935163948], [-0.003478860657130577, -0.9999939475236185, -4.944348854496461e-05, 0.033402703446138986], [0.0, 0.0, 0.0, 1.0]]}, "Hobj2base": {"type": "ndarray", "data": [[0.9999941123607804, -0.003420821115182613, 0.0002706042735330274, -0.7340929910904181], [-0.0034209747133076957, -0.9999939864536589, 0.0005691999039091665, 0.09089914160564669], [0.000268655515191636, -0.0005701222830425579, -0.9999998013923788, -0.0003783939564349371], [0.0, 0.0, 0.0, 1.0]]}, "mean_rme": {"type": "float", "data": 0.0016410126347503977}, "max_rme": {"type": "float", "data": 0.004578198993111404}, "simu": {"type": "float", "data": 0.002}}, {"type": "dict", "image_number": {"type": "int", "data": 24}, "Hcamera2end": {"type": "ndarray", "data": [[0.9999958811819071, -0.002769032072960943, -0.0007550368203862623, -0.014147416857513456], [0.0007550247177774646, -5.416043492578737e-06, 0.9999997149541306, 0.020125602024286197], [-0.002769035372972045, -0.999996166208674, -3.3253335254279648e-06, 0.03347821768537742], [0.0, 0.0, 0.0, 1.0]]}, "Hobj2base": {"type": "ndarray", "data": [[0.999996333211752, -0.00268630441816271, 0.0003425370399606577, -0.7342003762703765], [-0.002686530693706615, -0.9999961722483668, 0.0006618469958139218, 0.09075340015764179], [0.000340757806304941, -0.0006627648052327211, -0.9999997223134263, 0.001328301265548881], [0.0, 0.0, 0.0, 1.0]]}, "mean_rme": {"type": "float", "data": 0.0016658144661060254}, "max_rme": {"type": "float", "data": 0.004602378906242377}, "simu": {"type": "float", "data": 0.002}}, {"type": "dict", "image_number": {"type": "int", "data": 25}, "Hcamera2end": {"type": "ndarray", "data": [[0.9999960141216295, -0.0027352776784646633, -0.0006999977681493197, -0.014103960457550795], [0.0006998559558372426, -5.280248115147046e-05, 0.9999997537067393, 0.02010100005786791], [-0.0027353139664031637, -0.9999962577269577, -5.088797031316261e-05, 0.03343522710325826], [0.0, 0.0, 0.0, 1.0]]}, "Hobj2base": {"type": "ndarray", "data": [[0.9999963919574958, -0.0026588989487952267, 0.0003825289147970699, -0.7341198394630802], [-0.002659152957246763, -0.9999962432965688, 0.0006650551098320968, 0.09074542033369046], [0.00038075916341695975, -0.0006660699131800079, -0.9999997056866217, 0.0013003364240191306], [0.0, 0.0, 0.0, 1.0]]}, "mean_rme": {"type": "float", "data": 0.0016515348071635947}, "max_rme": {"type": "float", "data": 0.004581983736719197}, "simu": {"type": "float", "data": 0.002}}, {"type": "dict", "image_number": {"type": "int", "data": 26}, "Hcamera2end": {"type": "ndarray", "data": [[0.9999949962142783, -0.0030997063690003136, -0.0006319547700842137, -0.01402751545024545], [0.0006321727371126544, 6.933933189245955e-05, 0.9999997977748235, 0.020089960717336063], [-0.0030996619228401013, -0.9999951934946906, 7.129853479292958e-05, 0.03319204636754588], [0.0, 0.0, 0.0, 1.0]]}, "Hobj2base": {"type": "ndarray", "data": [[0.9999954008908822, -0.003022796283012315, 0.00024677867627994666, -0.7340321027574365], [-0.0030229536410547194, -0.9999952262016341, 0.0006397852970423893, 0.09101486313220336], [0.00024484355759047944, -0.0006405283550979914, -0.9999997648875014, 0.0013359496775517483], [0.0, 0.0, 0.0, 1.0]]}, "mean_rme": {"type": "float", "data": 0.0016509469839064714}, "max_rme": {"type": "float", "data": 0.00456567635183458}, "simu": {"type": "float", "data": 0.002}}, {"type": "dict", "image_number": {"type": "int", "data": 27}, "Hcamera2end": {"type": "ndarray", "data": [[0.9999944032949089, -0.0032854679597327926, -0.0006317271125758951, -0.013967906109160828], [0.0006321813690464452, 0.00013722566383234103, 0.9999997907578949, 0.020117519828840295], [-0.003285380583102177, -0.9999945934200857, 0.00013930190745359283, 0.03292854725305202], [0.0, 0.0, 0.0, 1.0]]}, "Hobj2base": {"type": "ndarray", "data": [[0.9999948395683788, -0.003207970653310854, 0.0001725134777097085, -0.733903276861058], [-0.0032080723796123847, -0.9999946784964642, 0.0005926637843800955, 0.09124320944433478], [0.00017061131165105531, -0.0005932141617021133, -0.9999998094943516, 0.00140495758480986], [0.0, 0.0, 0.0, 1.0]]}, "mean_rme": {"type": "float", "data": 0.0016797266509190197}, "max_rme": {"type": "float", "data": 0.004643626011695767}, "simu": {"type": "float", "data": 0.002}}, {"type": "dict", "image_number": {"type": "int", "data": 28}, "Hcamera2end": {"type": "ndarray", "data": [[0.999995706253854, -0.0028642239616168876, -0.0006194311530343484, -0.014357459843058636], [0.0006196471585946165, 7.452824745657338e-05, 0.9999998052414506, 0.02013210385093295], [-0.002864177238666528, -0.9999958953248947, 7.63027356905921e-05, 0.032939519785703815], [0.0, 0.0, 0.0, 1.0]]}, "Hobj2base": {"type": "ndarray", "data": [[0.9999960575542446, -0.002799276078897167, 0.00022119991442150444, -0.7342145575465219], [-0.002799399865041965, -0.9999959241440699, 0.0005612981768692538, 0.09089551750646782], [0.0002196277842828828, -0.0005619151909922178, -0.9999998180074607, 0.0013502834080297605], [0.0, 0.0, 0.0, 1.0]]}, "mean_rme": {"type": "float", "data": 0.0017332960642767433}, "max_rme": {"type": "float", "data": 0.008601899184308426}, "simu": {"type": "float", "data": 0.002}}, {"type": "dict", "image_number": {"type": "int", "data": 29}, "Hcamera2end": {"type": "ndarray", "data": [[0.9999980605514571, -0.0018509609108290112, -0.0006729316688697666, -0.01427166188135133], [0.0006731656420315015, 0.00012578622490011515, 0.9999997655128945, 0.020074235225154568], [-0.0018508758312683021, -0.9999982790592852, 0.0001270319842341383, 0.03295981068892257], [0.0, 0.0, 0.0, 1.0]]}, "Hobj2base": {"type": "ndarray", "data": [[0.9999983643593943, -0.0017764592513410144, 0.0003398103359453932, -0.7342502285053567], [-0.0017766666219157766, -0.9999982351094405, 0.0006109285707178158, 0.09081644604056723], [0.0003387244465059791, -0.0006115313011398945, -0.9999997556475786, 0.0014243155894553558], [0.0, 0.0, 0.0, 1.0]]}, "mean_rme": {"type": "float", "data": 0.0017322060549163536}, "max_rme": {"type": "float", "data": 0.008645105782446622}, "simu": {"type": "float", "data": 0.002}}, {"type": "dict", "image_number": {"type": "int", "data": 30}, "Hcamera2end": {"type": "ndarray", "data": [[0.999998491245582, -0.0016233469856409815, -0.0006182646066505895, -0.013967630766920265], [0.00061852520934594, 0.00016003705817624336, 0.9999997959073321, 0.020092654883332763], [-0.001623247709078941, -0.9999986695654672, 0.00016104089775381691, 0.032801549243127864], [0.0, 0.0, 0.0, 1.0]]}, "Hobj2base": {"type": "ndarray", "data": [[0.9999987466009366, -0.001559309198926853, 0.00027450205472837687, -0.7342802715001595], [-0.001559485013378558, -0.9999985782793681, 0.0006414403596486493, 0.09113627707410134], [0.0002735014606097791, -0.0006418676375083937, -0.9999997566014136, 0.0014570938507861139], [0.0, 0.0, 0.0, 1.0]]}, "mean_rme": {"type": "float", "data": 0.001750892120022404}, "max_rme": {"type": "float", "data": 0.008658020809701128}, "simu": {"type": "float", "data": 0.002}}]}