{"type": "list", "data": [{"type": "dict", "image_number": {"type": "int", "data": 5}, "Hcamera2end": {"type": "ndarray", "data": [[0.9999710273668394, 0.0014651800616302816, -0.007469784086214298, -0.020906404544656153], [0.007470810925714755, -0.000696611586356477, 0.9999718504620068, 0.029308714876025446], [0.0014599352793464317, -0.9999986839889765, -0.0007075374868972251, 0.03509650523335702], [0.0, 0.0, 0.0, 1.0]]}, "Hobj2base": {"type": "ndarray", "data": [[0.9999975459655746, 0.002143662925956586, 0.0005592603047611796, -0.7346803732132443], [0.002145635341663065, -0.9999913954316646, -0.003550395979682408, 0.08342655246096571], [0.0005516446403335596, 0.0035515872355635345, -0.9999935409372898, 0.009043041748347646], [0.0, 0.0, 0.0, 1.0]]}, "mean_rme": {"type": "float", "data": 0.0015838975955898822}, "max_rme": {"type": "float", "data": 0.003917346647187403}, "simu": {"type": "float", "data": 0.002}}, {"type": "dict", "image_number": {"type": "int", "data": 6}, "Hcamera2end": {"type": "ndarray", "data": [[0.9999699320394576, 0.0018369962541424129, -0.007533953926383811, -0.020187845633896355], [0.007535827024551274, -0.0010148719135496531, 0.9999710902551407, 0.02969486560471765], [0.0018292971488115344, -0.9999977977374556, -0.0010286846844369535, 0.035376038795097674], [0.0, 0.0, 0.0, 1.0]]}, "Hobj2base": {"type": "ndarray", "data": [[0.9999961696069337, 0.0026828715740114892, 0.0006804201481426294, -0.7347381351949097], [0.00268533609910119, -0.9999897427024778, -0.003647390829987756, 0.08393024996433113], [0.0006706276876936455, 0.0036492040158335737, -0.999993116760588, 0.008834447542503454], [0.0, 0.0, 0.0, 1.0]]}, "mean_rme": {"type": "float", "data": 0.0014773167628981943}, "max_rme": {"type": "float", "data": 0.003641967601375584}, "simu": {"type": "float", "data": 0.002}}, {"type": "dict", "image_number": {"type": "int", "data": 7}, "Hcamera2end": {"type": "ndarray", "data": [[0.9999791938814314, 9.30959531137655e-05, -0.006450049409594746, -0.018808501642192645], [0.006450081537860858, -0.0003490364874063623, 0.9999791370932122, 0.02920156997013335], [9.084270827205108e-05, -0.9999999347533347, -0.0003496297018001915, 0.03487335828570716], [0.0, 0.0, 0.0, 1.0]]}, "Hobj2base": {"type": "ndarray", "data": [[0.9999988889925049, 0.0009927337945215835, 0.0011119772340272623, -0.734715994121241], [0.0009967088816636546, -0.9999930952037865, -0.0035799603568876575, 0.08599703522092335], [0.001108415608421737, 0.0035810646971102316, -0.9999929736705528, 0.008115892938102966], [0.0, 0.0, 0.0, 1.0]]}, "mean_rme": {"type": "float", "data": 0.0015585022284693303}, "max_rme": {"type": "float", "data": 0.0041560375380735315}, "simu": {"type": "float", "data": 0.002}}, {"type": "dict", "image_number": {"type": "int", "data": 8}, "Hcamera2end": {"type": "ndarray", "data": [[0.999980420690412, 0.0005155628224201444, -0.006236379623049374, -0.014907718405400335], [0.006235854381128093, 0.0010141801848766452, 0.9999800425801961, 0.02961011203255446], [0.0005218773457555297, -0.9999993528165554, 0.001010945353243864, 0.03492423583180775], [0.0, 0.0, 0.0, 1.0]]}, "Hobj2base": {"type": "ndarray", "data": [[0.999999613755434, 0.0008573491827203031, -0.00019349770447673215, -0.7353584134409886], [0.0008567206976409749, -0.9999944324772365, -0.0032250649879213547, 0.08962835614365594], [-0.00019626163400547197, 0.003224897968769157, -0.9999947807436109, 0.006558634603877331], [0.0, 0.0, 0.0, 1.0]]}, "mean_rme": {"type": "float", "data": 0.0016987388709501904}, "max_rme": {"type": "float", "data": 0.005105530353705534}, "simu": {"type": "float", "data": 0.002}}, {"type": "dict", "image_number": {"type": "int", "data": 9}, "Hcamera2end": {"type": "ndarray", "data": [[0.9999873285954013, -7.032844466887955e-05, -0.005033656975088924, -0.01589921461811341], [0.005033722464867428, 0.0009643122954583472, 0.9999868657837178, 0.028984649157421702], [-6.547350364768034e-05, -0.9999995325777439, 0.0009646540901389056, 0.035855219168379075], [0.0, 0.0, 0.0, 1.0]]}, "Hobj2base": {"type": "ndarray", "data": [[0.9999999307993412, 2.1936575242271532e-05, -0.00037137595423768763, -0.7359161308707236], [2.1132602633452726e-05, -0.9999976567809512, -0.0021647138427635594, 0.08938163620498779], [-0.000371422570430567, 0.002164705844823467, -0.9999975880440317, 0.007511545283704235], [0.0, 0.0, 0.0, 1.0]]}, "mean_rme": {"type": "float", "data": 0.0017355435272513368}, "max_rme": {"type": "float", "data": 0.004489090576037413}, "simu": {"type": "float", "data": 0.002}}, {"type": "dict", "image_number": {"type": "int", "data": 10}, "Hcamera2end": {"type": "ndarray", "data": [[0.9999893401476814, 0.0008127716050075624, -0.0045452165320233094, -0.016502320202561822], [0.004544308624145841, 0.001115431033342995, 0.9999890524764447, 0.029131144205546296], [0.0008178325827443529, -0.9999990476075101, 0.0011117256579987744, 0.035269436608392934], [0.0, 0.0, 0.0, 1.0]]}, "Hobj2base": {"type": "ndarray", "data": [[0.9999995013134209, 0.0008341548700772182, -0.0005491434806500606, -0.7356900451123645], [0.0008331962377054323, -0.9999981328078043, -0.001743606874784017, 0.08867147598689716], [-0.0005505968934597407, 0.0017431484609886309, -0.9999983291368555, 0.007821168288273894], [0.0, 0.0, 0.0, 1.0]]}, "mean_rme": {"type": "float", "data": 0.001785508265846319}, "max_rme": {"type": "float", "data": 0.004258065409195599}, "simu": {"type": "float", "data": 0.002}}, {"type": "dict", "image_number": {"type": "int", "data": 11}, "Hcamera2end": {"type": "ndarray", "data": [[0.9999896045187944, 0.0011367749010484734, -0.004415721591026946, -0.016813108996678885], [0.004414484969676981, 0.0010880535189019547, 0.999989664177582, 0.02912432996878547], [0.0011415676929605759, -0.9999987619404161, 0.0010830239323474933, 0.034123881625590456], [0.0, 0.0, 0.0, 1.0]]}, "Hobj2base": {"type": "ndarray", "data": [[0.9999991745546241, 0.0011439153010414937, -0.0005851049945339114, -0.7345243852159444], [0.0011429889735764213, -0.9999980968897442, -0.0015810734000503248, 0.08819807750313817], [-0.0005869124950689829, 0.001580403326403461, -0.9999985789285148, 0.007790332457844546], [0.0, 0.0, 0.0, 1.0]]}, "mean_rme": {"type": "float", "data": 0.0017974811577410217}, "max_rme": {"type": "float", "data": 0.004158595923706376}, "simu": {"type": "float", "data": 0.002}}, {"type": "dict", "image_number": {"type": "int", "data": 12}, "Hcamera2end": {"type": "ndarray", "data": [[0.9999886574358556, 0.001373252625685569, -0.0045606114569328015, -0.016802603494145647], [0.004559097952895885, 0.0011032515647608765, 0.9999889986704056, 0.029208162082500475], [0.0013782690198069444, -0.9999984485054016, 0.0010969782578246212, 0.03462180836752966], [0.0, 0.0, 0.0, 1.0]]}, "Hobj2base": {"type": "ndarray", "data": [[0.9999988561607887, 0.001339074418366452, -0.0007032473366314495, -0.7349479860785889], [0.0013378511538005083, -0.9999975964017451, -0.001737050667648803, 0.08830668797009471], [-0.0007055716864198335, 0.0017361078404814177, -0.9999982440475386, 0.007566955033807489], [0.0, 0.0, 0.0, 1.0]]}, "mean_rme": {"type": "float", "data": 0.001822228183733132}, "max_rme": {"type": "float", "data": 0.004187001202548252}, "simu": {"type": "float", "data": 0.002}}, {"type": "dict", "image_number": {"type": "int", "data": 13}, "Hcamera2end": {"type": "ndarray", "data": [[0.9999916644945606, 0.00039567279002844383, -0.004063789418944426, -0.015525432629858116], [0.0040630871661304704, 0.0017597480348903183, 0.9999901972567203, 0.029825151366654895], [0.00040282015679385624, -0.9999983733636256, 0.0017581257134657857, 0.03308705132610521], [0.0, 0.0, 0.0, 1.0]]}, "Hobj2base": {"type": "ndarray", "data": [[0.9999995134180558, 0.00014646082110550106, -0.000975557727452462, -0.7343753431410754], [0.0001449392382392998, -0.9999987733292279, -0.0015595937472426542, 0.09010344883375285], [-0.0009757849501451237, 0.0015594515917786212, -0.9999983079758004, 0.006307384295050686], [0.0, 0.0, 0.0, 1.0]]}, "mean_rme": {"type": "float", "data": 0.0018678927537884773}, "max_rme": {"type": "float", "data": 0.004929102422218223}, "simu": {"type": "float", "data": 0.002}}, {"type": "dict", "image_number": {"type": "int", "data": 14}, "Hcamera2end": {"type": "ndarray", "data": [[0.9999915041944056, 0.0005077892055412249, -0.004090683211004325, -0.015595820867022572], [0.004089732529444759, 0.0018593262150793377, 0.999989908446012, 0.029665830774104708], [0.0005153899956908477, -0.9999981425263491, 0.0018572336965733127, 0.03311085827489201], [0.0, 0.0, 0.0, 1.0]]}, "Hobj2base": {"type": "ndarray", "data": [[0.999999354380261, 0.00020270533846163192, -0.0011181008929750764, -0.7344571379933514], [0.00020103667236838927, -0.9999988662796575, -0.001492321565794553, 0.08999959715430335], [-0.0011184021269094373, 0.0014920958230393974, -0.9999982614118572, 0.006152998674901282], [0.0, 0.0, 0.0, 1.0]]}, "mean_rme": {"type": "float", "data": 0.0018936510473260243}, "max_rme": {"type": "float", "data": 0.005259506130641856}, "simu": {"type": "float", "data": 0.002}}, {"type": "dict", "image_number": {"type": "int", "data": 15}, "Hcamera2end": {"type": "ndarray", "data": [[0.9999922918974481, 9.673314255691863e-05, -0.003925148199502721, -0.014957285970302502], [0.003924911393890777, 0.002337392931941462, 0.9999895657779794, 0.029777980914042084], [0.00010590674688017274, -0.9999972636147465, 0.002336995246063567, 0.03294049734596554], [0.0, 0.0, 0.0, 1.0]]}, "Hobj2base": {"type": "ndarray", "data": [[0.9999989924790554, -0.000403142149339446, -0.0013610721073653708, -0.734783348388143], [-0.000405261469274766, -0.9999987054768278, -0.0015571794405943055, 0.09061426397331772], [-0.0013604425807594003, 0.0015577294617854245, -0.9999978613351672, 0.00578369236701464], [0.0, 0.0, 0.0, 1.0]]}, "mean_rme": {"type": "float", "data": 0.0018299282726234685}, "max_rme": {"type": "float", "data": 0.00569083427975392}, "simu": {"type": "float", "data": 0.002}}, {"type": "dict", "image_number": {"type": "int", "data": 16}, "Hcamera2end": {"type": "ndarray", "data": [[0.999993084183, -0.0001691283372070901, -0.003715236436215962, -0.014664806799638757], [0.0037156302483104886, 0.002390973086307646, 0.9999902386221373, 0.02988918479981792], [-0.00016024365595321993, -0.9999971273175272, 0.0023915849691409363, 0.03280768540209021], [0.0, 0.0, 0.0, 1.0]]}, "Hobj2base": {"type": "ndarray", "data": [[0.9999988225919096, -0.0007387741358627758, -0.0013450009555834906, -0.734816457548435], [-0.0007406524021472729, -0.9999987505857719, -0.0013965174236390664, 0.09104317633542898], [-0.0013439675641672938, 0.001397511957556797, -0.9999981203539912, 0.005568850466197577], [0.0, 0.0, 0.0, 1.0]]}, "mean_rme": {"type": "float", "data": 0.0017665797728982982}, "max_rme": {"type": "float", "data": 0.005812308953621836}, "simu": {"type": "float", "data": 0.002}}, {"type": "dict", "image_number": {"type": "int", "data": 17}, "Hcamera2end": {"type": "ndarray", "data": [[0.9999935291304983, -0.00028799055095573775, -0.003585911121847336, -0.01465522964768243], [0.0035866239512416524, 0.0025140319702273706, 0.9999904078399379, 0.029985994532780263], [-0.00027897269330155847, -0.9999967983472223, 0.002515048616062332, 0.03266917876794733], [0.0, 0.0, 0.0, 1.0]]}, "Hobj2base": {"type": "ndarray", "data": [[0.9999985647440649, -0.000917862381526956, -0.0014240921525160574, -0.7347943677557374], [-0.0009198500104033805, -0.9999986029619421, -0.001395689837490443, 0.09119985240666295], [-0.0014228091118070102, 0.0013969977854996274, -0.9999980120037333, 0.0055431943421468234], [0.0, 0.0, 0.0, 1.0]]}, "mean_rme": {"type": "float", "data": 0.001720719450129079}, "max_rme": {"type": "float", "data": 0.005759200625550465}, "simu": {"type": "float", "data": 0.002}}, {"type": "dict", "image_number": {"type": "int", "data": 18}, "Hcamera2end": {"type": "ndarray", "data": [[0.999993733566267, -0.0007484484107200895, -0.0034601521894903364, -0.014953730199537526], [0.003462076115975687, 0.0025847160577840977, 0.9999906665923776, 0.030095760972038654], [-0.0007394979142194354, -0.9999963795273846, 0.002587291046199036, 0.03236358489802315], [0.0, 0.0, 0.0, 1.0]]}, "Hobj2base": {"type": "ndarray", "data": [[0.9999982492184303, -0.001357319970758987, -0.0012881158997776726, -0.7343540157920144], [-0.0013591197457480466, -0.999998100073755, -0.001397369813852548, 0.09126642463395876], [-0.0012862167744975902, 0.0013991180711174316, -0.9999981940558853, 0.0053725060499719085], [0.0, 0.0, 0.0, 1.0]]}, "mean_rme": {"type": "float", "data": 0.0018076775936810084}, "max_rme": {"type": "float", "data": 0.005806206650576962}, "simu": {"type": "float", "data": 0.002}}, {"type": "dict", "image_number": {"type": "int", "data": 19}, "Hcamera2end": {"type": "ndarray", "data": [[0.9999936128549493, -0.0009144723585683189, -0.003455139593599778, -0.014934767991829957], [0.0034575064289969907, 0.00259939719725244, 0.9999906443479879, 0.030278988964958453], [-0.0009054825229074389, -0.999996203430051, 0.0026025423885843724, 0.03235073132276537], [0.0, 0.0, 0.0, 1.0]]}, "Hobj2base": {"type": "ndarray", "data": [[0.9999982709367469, -0.001502941024488168, -0.0010951218167501405, -0.7343401985103784], [-0.0015047384724292524, -0.9999975192192703, -0.0016423511911718603, 0.09126906775674239], [-0.0010926507430112115, 0.0016439962233724273, -0.9999980516934879, 0.005470167176358699], [0.0, 0.0, 0.0, 1.0]]}, "mean_rme": {"type": "float", "data": 0.0018175961337254921}, "max_rme": {"type": "float", "data": 0.006510142075943137}, "simu": {"type": "float", "data": 0.002}}, {"type": "dict", "image_number": {"type": "int", "data": 20}, "Hcamera2end": {"type": "ndarray", "data": [[0.9999939281220631, -0.0009523114427313008, -0.0033521369187447915, -0.01475829695684277], [0.0033545928008603455, 0.0025890795766431163, 0.9999910216467378, 0.030181349605550085], [-0.0009436239433083186, -0.9999961948776916, 0.0025922584731778997, 0.0325581630949312], [0.0, 0.0, 0.0, 1.0]]}, "Hobj2base": {"type": "ndarray", "data": [[0.9999981521844294, -0.0015582069906797313, -0.001125885740590305, -0.7346320587837736], [-0.001559966227091618, -0.9999975612173535, -0.0015633504775077797, 0.09135456466317003], [-0.001123446971156764, 0.00156510393245531, -0.9999981441565697, 0.005590910968679144], [0.0, 0.0, 0.0, 1.0]]}, "mean_rme": {"type": "float", "data": 0.0018414509922212567}, "max_rme": {"type": "float", "data": 0.006392310259456746}, "simu": {"type": "float", "data": 0.002}}, {"type": "dict", "image_number": {"type": "int", "data": 21}, "Hcamera2end": {"type": "ndarray", "data": [[0.9999943414292274, -0.0009584220989133536, -0.003224676201747675, -0.014325183844378083], [0.003227159599114341, 0.002600979029305339, 0.9999914101376127, 0.030151720386697015], [-0.0009500265510223691, -0.9999961581602049, 0.0026040572925578598, 0.03270596204295201], [0.0, 0.0, 0.0, 1.0]]}, "Hobj2base": {"type": "ndarray", "data": [[0.9999980285865284, -0.0016059986536404102, -0.0011677291557350936, -0.7349527899342738], [-0.0016076847049378178, -0.9999976645703361, -0.001444369676593557, 0.09169611611292006], [-0.001165406772829816, 0.001446244169446904, -0.9999982751009404, 0.00535150555709432], [0.0, 0.0, 0.0, 1.0]]}, "mean_rme": {"type": "float", "data": 0.0018442052573974068}, "max_rme": {"type": "float", "data": 0.0064531099660141145}, "simu": {"type": "float", "data": 0.002}}, {"type": "dict", "image_number": {"type": "int", "data": 22}, "Hcamera2end": {"type": "ndarray", "data": [[0.9999946568479394, -0.0009245304810738062, -0.003135525308692275, -0.014304230410705703], [0.0031378824519098505, 0.002559225611112992, 0.9999918019953911, 0.03032531026058711], [-0.0009164983850943626, -0.9999962977969774, 0.002562113004754285, 0.03300785823615657], [0.0, 0.0, 0.0, 1.0]]}, "Hobj2base": {"type": "ndarray", "data": [[0.9999981604901071, -0.001558031407303129, -0.0011187289822789674, -0.7351351603458045], [-0.0015595941742511373, -0.9999978074644513, -0.0013974019830594706, 0.09193181149807796], [-0.0011165493332476698, 0.0013991441757280265, -0.9999983978552978, 0.005261070470307799], [0.0, 0.0, 0.0, 1.0]]}, "mean_rme": {"type": "float", "data": 0.0018877640662357332}, "max_rme": {"type": "float", "data": 0.006357489849763143}, "simu": {"type": "float", "data": 0.002}}, {"type": "dict", "image_number": {"type": "int", "data": 23}, "Hcamera2end": {"type": "ndarray", "data": [[0.9999944086147279, -0.0010195783849257412, -0.003184838959449779, -0.014273042657288262], [0.0031874203822924445, 0.0025403201573573897, 0.9999916935279038, 0.030265522813740314], [-0.0010114794052197087, -0.99999625360969, 0.0025435557783740625, 0.032964657468122105], [0.0, 0.0, 0.0, 1.0]]}, "Hobj2base": {"type": "ndarray", "data": [[0.999998012338882, -0.0016373296721933872, -0.0011377477003805248, -0.7351729871098673], [-0.0016388684031141175, -0.9999977419884778, -0.001352822347590333, 0.0919254229048171], [-0.0011355301151621912, 0.0013546842773948227, -0.9999984376997131, 0.00529935897941188], [0.0, 0.0, 0.0, 1.0]]}, "mean_rme": {"type": "float", "data": 0.0018531487287862475}, "max_rme": {"type": "float", "data": 0.006384255513917081}, "simu": {"type": "float", "data": 0.002}}, {"type": "dict", "image_number": {"type": "int", "data": 24}, "Hcamera2end": {"type": "ndarray", "data": [[0.9999940852218582, -0.0013281536490187696, -0.003172621815407818, -0.014379315009495684], [0.003176014319497318, 0.002560032354725683, 0.9999916795490775, 0.030181933533269756], [-0.0013200205836847634, -0.9999958411124654, 0.002564235447710117, 0.03298709560837102], [0.0, 0.0, 0.0, 1.0]]}, "Hobj2base": {"type": "ndarray", "data": [[0.9999975940048713, -0.0019287382747294017, -0.001044965614804913, -0.7351008407263412], [-0.001930171822382456, -0.9999971952074913, -0.0013725938532279758, 0.09189708629187189], [-0.0010423153095928059, 0.0013746075139589062, -0.9999985120153816, 0.005330511378705323], [0.0, 0.0, 0.0, 1.0]]}, "mean_rme": {"type": "float", "data": 0.0018356972447469717}, "max_rme": {"type": "float", "data": 0.006451060128252695}, "simu": {"type": "float", "data": 0.002}}, {"type": "dict", "image_number": {"type": "int", "data": 25}, "Hcamera2end": {"type": "ndarray", "data": [[0.9999939942837153, -0.0017560562611020829, -0.00298791949502518, -0.014395427255230315], [0.002992440992935591, 0.0025778399388651785, 0.9999921999886562, 0.030117617352553246], [-0.001748340185634938, -0.9999951354919966, 0.002583079351831552, 0.033123750666664085], [0.0, 0.0, 0.0, 1.0]]}, "Hobj2base": {"type": "ndarray", "data": [[0.9999967879413311, -0.002366643053182095, -0.0009072528200253124, -0.7351653343838962], [-0.0023677860358707684, -0.9999964019406784, -0.001260831069201162, 0.09204254159193592], [-0.0009042656185846853, 0.0012629751998960565, -0.9999987935979398, 0.005467627849209175], [0.0, 0.0, 0.0, 1.0]]}, "mean_rme": {"type": "float", "data": 0.0018338514085796862}, "max_rme": {"type": "float", "data": 0.0063284525819318205}, "simu": {"type": "float", "data": 0.002}}, {"type": "dict", "image_number": {"type": "int", "data": 26}, "Hcamera2end": {"type": "ndarray", "data": [[0.999994674475593, -0.0014054465803142683, -0.002945460976251511, -0.014279033939666135], [0.002949201540905321, 0.0026668694467739673, 0.9999920949775677, 0.030198360222536785], [-0.0013975803103432939, -0.999995456253309, 0.0026710001895159374, 0.032932223179667514], [0.0, 0.0, 0.0, 1.0]]}, "Hobj2base": {"type": "ndarray", "data": [[0.9999971320682848, -0.0021000685082222565, -0.0011513329084652279, -0.7352203312890003], [-0.0021015153054129453, -0.9999970019615083, -0.0012568617329330037, 0.09211756984425706], [-0.0011486899609803294, 0.0012592776720681436, -0.9999985473645037, 0.0053280602106691825], [0.0, 0.0, 0.0, 1.0]]}, "mean_rme": {"type": "float", "data": 0.0018425846269944687}, "max_rme": {"type": "float", "data": 0.006389998694837695}, "simu": {"type": "float", "data": 0.002}}, {"type": "dict", "image_number": {"type": "int", "data": 27}, "Hcamera2end": {"type": "ndarray", "data": [[0.9999957899506547, -0.0010387841944545415, -0.002709429527295793, -0.014338753299551692], [0.002711966016121646, 0.002448203142244698, 0.9999933257485779, 0.030154914646915897], [-0.0010321440274652389, -0.9999964636081328, 0.0024510099826220433, 0.03263490327476915], [0.0, 0.0, 0.0, 1.0]]}, "Hobj2base": {"type": "ndarray", "data": [[0.9999981478825346, -0.0016329741553357485, -0.0010186397344124673, -0.7348483887158227], [-0.0016341100910569428, -0.9999980428754127, -0.0011153158990794196, 0.09188467093109126], [-0.0010168164587693654, 0.0011169784028525183, -0.9999988592211178, 0.005276796849738966], [0.0, 0.0, 0.0, 1.0]]}, "mean_rme": {"type": "float", "data": 0.0018818964348116297}, "max_rme": {"type": "float", "data": 0.0064458534957025915}, "simu": {"type": "float", "data": 0.002}}, {"type": "dict", "image_number": {"type": "int", "data": 28}, "Hcamera2end": {"type": "ndarray", "data": [[0.9999958101693304, -0.0011005909551995408, -0.00267737620329666, -0.01437269798100115], [0.0026800576447354348, 0.0024421534549500246, 0.9999934265671566, 0.030171209083019086], [-0.0010940451569937271, -0.9999964122865901, 0.0024450928699437657, 0.03262745722809409], [0.0, 0.0, 0.0, 1.0]]}, "Hobj2base": {"type": "ndarray", "data": [[0.9999981127346487, -0.0016844068563762911, -0.0009681429042289984, -0.734855815644339], [-0.0016855061639693672, -0.9999979345244538, -0.0011357886238307924, 0.09187750959539409], [-0.0009662277744081294, 0.0011374182911289574, -0.9999988863411395, 0.005217930985342379], [0.0, 0.0, 0.0, 1.0]]}, "mean_rme": {"type": "float", "data": 0.0018335099305784592}, "max_rme": {"type": "float", "data": 0.00648284568501567}, "simu": {"type": "float", "data": 0.002}}, {"type": "dict", "image_number": {"type": "int", "data": 29}, "Hcamera2end": {"type": "ndarray", "data": [[0.99999581787712, -0.00119199085463002, -0.002635030563820155, -0.014362866797406827], [0.00263800156335314, 0.0024978008679488184, 0.9999934009475142, 0.030181518959064412], [-0.0011854012069904257, -0.999996170066979, 0.0025009348955766786, 0.032618585069161606], [0.0, 0.0, 0.0, 1.0]]}, "Hobj2base": {"type": "ndarray", "data": [[0.9999979059256603, -0.0017955733511590688, -0.000981865894600922, -0.7348709887878456], [-0.0017966697883425617, -0.9999977622001306, -0.001116947806449697, 0.09191074403062782], [-0.0009798581356656548, 0.0011187095562669902, -0.9999988941828697, 0.005194212978537798], [0.0, 0.0, 0.0, 1.0]]}, "mean_rme": {"type": "float", "data": 0.0017788893688054554}, "max_rme": {"type": "float", "data": 0.006490884131408192}, "simu": {"type": "float", "data": 0.002}}, {"type": "dict", "image_number": {"type": "int", "data": 30}, "Hcamera2end": {"type": "ndarray", "data": [[0.9999962504516194, -0.0009425346367332722, -0.00257113032741773, -0.014265992627720643], [0.002573549940289999, 0.002574973493828181, 0.9999933731541479, 0.030136674438246778], [-0.0009359077982592456, -0.9999962405629157, 0.002577389498798599, 0.03250720867071266], [0.0, 0.0, 0.0, 1.0]]}, "Hobj2base": {"type": "ndarray", "data": [[0.9999981389609213, -0.0015872753566646377, -0.0010966456292076682, -0.7347591127993475], [-0.0015883921052344864, -0.9999982201259106, -0.0010182119279086885, 0.09194573208961473], [-0.0010950274946154965, 0.0010199519362361735, -0.9999988803057895, 0.005277033170710529], [0.0, 0.0, 0.0, 1.0]]}, "mean_rme": {"type": "float", "data": 0.0017770000366170936}, "max_rme": {"type": "float", "data": 0.006429733813463789}, "simu": {"type": "float", "data": 0.002}}]}