{"type": "list", "data": [{"type": "dict", "image_number": {"type": "int", "data": 5}, "Hcamera2end": {"type": "ndarray", "data": [[0.9999964342182062, -0.0006782422666928177, -0.0025829321130237315, -0.013715674377537544], [0.002581777159600526, -0.001698252197445349, 0.9999952251716865, 0.01979196575285041], [-0.0006826254983392339, -0.9999983279620529, -0.0016964950714557503, 0.032124075603317606], [0.0, 0.0, 0.0, 1.0]]}, "Hobj2base": {"type": "ndarray", "data": [[0.9999969119090424, 0.0005500310444915938, 0.002423559000521623, -0.7331184787454902], [0.0005502536263742264, -0.9999998444540128, -9.117508773621106e-05, 0.08991491730579107], [0.002423508474418007, 9.250837830801599e-05, -0.9999970590201124, 0.0006489450526148243], [0.0, 0.0, 0.0, 1.0]]}, "mean_rme": {"type": "float", "data": 0.001511557625109497}, "max_rme": {"type": "float", "data": 0.004031984429514773}, "simu": {"type": "float", "data": 0.002}}, {"type": "dict", "image_number": {"type": "int", "data": 6}, "Hcamera2end": {"type": "ndarray", "data": [[0.9999980433232976, -0.0006059211969332894, -0.001883138093532426, -0.013666117942636231], [0.0018821462741871525, -0.0016333061053277476, 0.9999968949134634, 0.019924820843792403], [-0.0006089950564408807, -0.9999984825841832, -0.0016321624771524768, 0.03248695994397535], [0.0, 0.0, 0.0, 1.0]]}, "Hobj2base": {"type": "ndarray", "data": [[0.9999963748259915, 0.0005817197394071501, 0.002629056298353255, -0.7333883478154739], [0.000580112117485701, -0.9999996443382078, 0.0006122037152047361, 0.0903401132919975], [0.0026294114942840533, -0.0006106763484435131, -0.9999963566281582, 0.00037165613158278893], [0.0, 0.0, 0.0, 1.0]]}, "mean_rme": {"type": "float", "data": 0.0013545838559141728}, "max_rme": {"type": "float", "data": 0.004239896856331304}, "simu": {"type": "float", "data": 0.002}}, {"type": "dict", "image_number": {"type": "int", "data": 7}, "Hcamera2end": {"type": "ndarray", "data": [[0.9999982987528311, -0.0009498569558515908, -0.0015812220612256263, -0.013483359029832625], [0.001579446244119053, -0.001867412536904256, 0.9999970090555165, 0.019726808990572293], [-0.0009528069087829313, -0.9999978052686816, -0.0018659091119725968, 0.03190781521628303], [0.0, 0.0, 0.0, 1.0]]}, "Hobj2base": {"type": "ndarray", "data": [[0.9999956252528025, 0.0003922990149222424, 0.0029318214030723344, -0.7329880694968888], [0.00038963328714062726, -0.9999995102654331, 0.0009097553498868194, 0.090935324121293], [0.0029321768633856285, -0.0009086090347265639, -0.9999952883731327, -0.00024807684847160435], [0.0, 0.0, 0.0, 1.0]]}, "mean_rme": {"type": "float", "data": 0.0014549054853273636}, "max_rme": {"type": "float", "data": 0.003937867773669529}, "simu": {"type": "float", "data": 0.002}}, {"type": "dict", "image_number": {"type": "int", "data": 8}, "Hcamera2end": {"type": "ndarray", "data": [[0.9999978223696043, -0.0007329674166954528, -0.0019539741081463376, -0.013564094955520299], [0.0019541563418504293, 0.00024799084434934393, 0.9999980598848842, 0.01990405443162695], [-0.0007324814269653728, -0.9999997006296087, 0.00024942263724259117, 0.03226044213124908], [0.0, 0.0, 0.0, 1.0]]}, "Hobj2base": {"type": "ndarray", "data": [[0.9999993900309907, -0.0005406049436116465, 0.000963163507194626, -0.7344706760117624], [-0.0005411269106078866, -0.9999997068433719, 0.000541751637825958, 0.09088020329291199], [0.0009628703512232414, -0.0005422725010673066, -0.9999993894104242, 0.0002686731891433508], [0.0, 0.0, 0.0, 1.0]]}, "mean_rme": {"type": "float", "data": 0.0013759675262287065}, "max_rme": {"type": "float", "data": 0.003939664311405189}, "simu": {"type": "float", "data": 0.002}}, {"type": "dict", "image_number": {"type": "int", "data": 9}, "Hcamera2end": {"type": "ndarray", "data": [[0.9999980935259515, -0.0007135529255914623, -0.0018176321643005337, -0.013668350798943543], [0.0018177779948207312, 0.0002037770793354987, 0.9999983270776321, 0.019910282901688642], [-0.0007131813400990655, -0.999999724658524, 0.00020507377164602492, 0.03309354889392468], [0.0, 0.0, 0.0, 1.0]]}, "Hobj2base": {"type": "ndarray", "data": [[0.9999994015457514, -0.0004927686356632334, 0.0009767738790688355, -0.7352622108334431], [-0.0004934146297150288, -0.9999996596622587, 0.000661224145443081, 0.09125427602661994], [0.0009764477161158019, -0.000661705704252538, -0.9999993043474675, 0.00031499175933516786], [0.0, 0.0, 0.0, 1.0]]}, "mean_rme": {"type": "float", "data": 0.0014328425478519482}, "max_rme": {"type": "float", "data": 0.004161123567330442}, "simu": {"type": "float", "data": 0.002}}, {"type": "dict", "image_number": {"type": "int", "data": 10}, "Hcamera2end": {"type": "ndarray", "data": [[0.9999988614552683, -0.00038489161545541, -0.001459091022336277, -0.015163355365379168], [0.0014590533418242784, -9.816164922571424e-05, 0.9999989307632463, 0.01975512215909674], [-0.00038503443069627197, -0.999999921111364, -9.759996006653004e-05, 0.03380357086955356], [0.0, 0.0, 0.0, 1.0]]}, "Hobj2base": {"type": "ndarray", "data": [[0.9999995795197127, -0.0001278847546075113, 0.0009080781283216117, -0.7353816424430122], [-0.0001288835351695678, -0.9999993867926289, 0.001099910633010023, 0.09004638579103615], [0.0009079369096800171, -0.0011000272068386722, -0.9999989827948388, 0.0012406624216503958], [0.0, 0.0, 0.0, 1.0]]}, "mean_rme": {"type": "float", "data": 0.0014151826298585033}, "max_rme": {"type": "float", "data": 0.004131065588343728}, "simu": {"type": "float", "data": 0.002}}, {"type": "dict", "image_number": {"type": "int", "data": 11}, "Hcamera2end": {"type": "ndarray", "data": [[0.9999988007096317, -4.207385787773706e-05, -0.0015481631337855785, -0.015043614064005957], [0.0015481582956649905, -0.00011478144734899942, 0.9999987950148296, 0.019884271737305285], [-4.225150758459023e-05, -0.999999992527505, -0.00011471617270064627, 0.03363709584740206], [0.0, 0.0, 0.0, 1.0]]}, "Hobj2base": {"type": "ndarray", "data": [[0.9999996978647542, 0.00016714504094576764, 0.0007591659474004998, -0.7355933470724316], [0.00016625628533765613, -0.9999993010125827, 0.001170612315736334, 0.09001966707630214], [0.0007593610787965001, -0.0011704857459427244, -0.9999990266664616, 0.0010765165813733204], [0.0, 0.0, 0.0, 1.0]]}, "mean_rme": {"type": "float", "data": 0.0014068766523397667}, "max_rme": {"type": "float", "data": 0.004186586096386724}, "simu": {"type": "float", "data": 0.002}}, {"type": "dict", "image_number": {"type": "int", "data": 12}, "Hcamera2end": {"type": "ndarray", "data": [[0.999999517221126, -0.0001868371734588925, -0.0009647017080019285, -0.014935459150388727], [0.0009647285319911434, 0.0001435319314327943, 0.999999524348609, 0.02000690614056302], [-0.0001866986190901252, -0.9999999722452272, 0.00014371210929065015, 0.03275919380103569], [0.0, 0.0, 0.0, 1.0]]}, "Hobj2base": {"type": "ndarray", "data": [[0.9999997494876429, -7.646647516509433e-05, 0.0007036885174651617, -0.7347697530085598], [-7.771555776475461e-05, -0.9999984213214939, 0.001775194302492397, 0.09018502879844514], [0.0007035516637161796, -0.0017752485453299154, -0.9999981767521668, 0.0007988163829764314], [0.0, 0.0, 0.0, 1.0]]}, "mean_rme": {"type": "float", "data": 0.0014296041162990157}, "max_rme": {"type": "float", "data": 0.004600758853049187}, "simu": {"type": "float", "data": 0.002}}, {"type": "dict", "image_number": {"type": "int", "data": 13}, "Hcamera2end": {"type": "ndarray", "data": [[0.9999989112834741, -0.0012288260997880746, -0.000816956720366424, -0.01430964420070028], [0.0008175639398480956, 0.0004937248567957742, 0.9999995439123811, 0.01999260360972866], [-0.0012284221874959333, -0.9999991231107067, 0.0004947289631769269, 0.03225491652257187], [0.0, 0.0, 0.0, 1.0]]}, "Hobj2base": {"type": "ndarray", "data": [[0.9999989236854597, -0.0011090778182539702, 0.000960507321752782, -0.7347637016369647], [-0.0011106932073602573, -0.9999979670835581, 0.0016829109752343012, 0.09095872477331406], [0.0009586388898889264, -0.001683975992850639, -0.9999981226164052, 0.00022302636226227796], [0.0, 0.0, 0.0, 1.0]]}, "mean_rme": {"type": "float", "data": 0.0014851365733268053}, "max_rme": {"type": "float", "data": 0.0046660713182640375}, "simu": {"type": "float", "data": 0.002}}, {"type": "dict", "image_number": {"type": "int", "data": 14}, "Hcamera2end": {"type": "ndarray", "data": [[0.9999986086524932, -0.001370541300239788, -0.000950951955734212, -0.014761886344079583], [0.000951362713256513, 0.00029908381973287046, 0.9999995027288048, 0.02016117746096004], [-0.0013702562043657737, -0.9999990160822226, 0.00030038728549330873, 0.032443880400823216], [0.0, 0.0, 0.0, 1.0]]}, "Hobj2base": {"type": "ndarray", "data": [[0.9999986538022568, -0.0011473304046759815, 0.0011730416090881567, -0.7349542961520396], [-0.0011490899548024182, -0.9999982141681996, 0.0015004175040495293, 0.09050068087629001], [0.0011713180396110447, -0.00150176341452044, -0.9999981863587033, 0.00036002547870254774], [0.0, 0.0, 0.0, 1.0]]}, "mean_rme": {"type": "float", "data": 0.0014693391336202415}, "max_rme": {"type": "float", "data": 0.00462191421459035}, "simu": {"type": "float", "data": 0.002}}, {"type": "dict", "image_number": {"type": "int", "data": 15}, "Hcamera2end": {"type": "ndarray", "data": [[0.9999983364458025, -0.0015200124244117163, -0.001008299487896673, -0.015159842342931742], [0.001008785184704442, 0.00031880195001476874, 0.9999994403587273, 0.020257621673502396], [-0.0015196901259070883, -0.9999987939630459, 0.0003203347856847172, 0.032485111903267], [0.0, 0.0, 0.0, 1.0]]}, "Hobj2base": {"type": "ndarray", "data": [[0.9999983737932542, -0.0013216690761457034, 0.0012270296248472771, -0.7350880393915153], [-0.0013234496307570124, -0.999998070908926, 0.0014514336023724566, 0.09012744025615049], [0.0012251089428870455, -0.0014530551539452734, -0.999998193867768, 0.00044651548311060255], [0.0, 0.0, 0.0, 1.0]]}, "mean_rme": {"type": "float", "data": 0.0014576746606601168}, "max_rme": {"type": "float", "data": 0.0046418806956277404}, "simu": {"type": "float", "data": 0.002}}, {"type": "dict", "image_number": {"type": "int", "data": 16}, "Hcamera2end": {"type": "ndarray", "data": [[0.9999982109711004, -0.0014921804326158356, -0.0011625197439125354, -0.015141427182305458], [0.001162721644915259, 0.00013444566113984813, 0.9999993150011355, 0.020347130216036832], [-0.0014920231147383756, -0.9999988776603304, 0.00013618041109986212, 0.032645167190693644], [0.0, 0.0, 0.0, 1.0]]}, "Hobj2base": {"type": "ndarray", "data": [[0.9999984028650741, -0.0011963578308695298, 0.0013277783103762858, -0.7351776439849778], [-0.0011980330222132788, -0.9999984865747844, 0.0012615724390018627, 0.09004306112206056], [0.0013262670088165008, -0.001263161146362468, -0.9999983227184632, 0.0004082721723807879], [0.0, 0.0, 0.0, 1.0]]}, "mean_rme": {"type": "float", "data": 0.00140427311123507}, "max_rme": {"type": "float", "data": 0.004591152852350691}, "simu": {"type": "float", "data": 0.002}}, {"type": "dict", "image_number": {"type": "int", "data": 17}, "Hcamera2end": {"type": "ndarray", "data": [[0.999997729257416, -0.0016971756797114536, -0.0012888268789398147, -0.014674525077257434], [0.0012888309856455696, 1.3260440000495421e-06, 0.9999991694561213, 0.020430656119091728], [-0.0016971725610914312, -0.9999985597954401, 3.5134135930592336e-06, 0.03269982651016786], [0.0, 0.0, 0.0, 1.0]]}, "Hobj2base": {"type": "ndarray", "data": [[0.9999979652560049, -0.001258697506514566, 0.001576440432431288, -0.7353665565934188], [-0.0012606459678725034, -0.99999844202511, 0.0012356047492574143, 0.09029938168420655], [0.0015748827237597506, -0.0012375895683928062, -0.9999979940562214, 9.564798343875136e-05], [0.0, 0.0, 0.0, 1.0]]}, "mean_rme": {"type": "float", "data": 0.0013796986033269244}, "max_rme": {"type": "float", "data": 0.004654386707326763}, "simu": {"type": "float", "data": 0.002}}, {"type": "dict", "image_number": {"type": "int", "data": 18}, "Hcamera2end": {"type": "ndarray", "data": [[0.9999985947623665, -0.001340685805813664, -0.0010064963300056079, -0.014438995484570786], [0.0010064530833270588, -3.293141024518498e-05, 0.9999994929837281, 0.019827478165768662], [-0.0013407182714076987, -0.9999991007381419, -3.158202660569209e-05, 0.032598537968962234], [0.0, 0.0, 0.0, 1.0]]}, "Hobj2base": {"type": "ndarray", "data": [[0.9999986269799956, -0.0010059034196798894, 0.0013168889223866052, -0.7354261030008268], [-0.0010077943501033517, -0.9999984610800574, 0.0014360320558130916, 0.09081422733549216], [0.0013154423862442677, -0.001437357237328047, -0.9999981018059492, 0.0002733467711824342], [0.0, 0.0, 0.0, 1.0]]}, "mean_rme": {"type": "float", "data": 0.0014074981403881142}, "max_rme": {"type": "float", "data": 0.004688680166093362}, "simu": {"type": "float", "data": 0.002}}, {"type": "dict", "image_number": {"type": "int", "data": 19}, "Hcamera2end": {"type": "ndarray", "data": [[0.9999987708829865, -0.0012331545926751414, -0.0009682779904263765, -0.014450217220590495], [0.0009681920926601315, -7.025199331089915e-05, 0.9999995288342535, 0.01986188457616253], [-0.001233222035113844, -0.999999237196913, -6.905797643730338e-05, 0.032700548471556165], [0.0, 0.0, 0.0, 1.0]]}, "Hobj2base": {"type": "ndarray", "data": [[0.9999987302587502, -0.0008778767843472753, 0.0013299673826673312, -0.7354596860784104], [-0.0008797575832109299, -0.9999986129681719, 0.0014142447902969625, 0.09086178156463802], [0.0013287240052914557, -0.0014154130434623398, -0.9999981155474416, 0.00023915874706235596], [0.0, 0.0, 0.0, 1.0]]}, "mean_rme": {"type": "float", "data": 0.001386817741138503}, "max_rme": {"type": "float", "data": 0.004648460110001862}, "simu": {"type": "float", "data": 0.002}}, {"type": "dict", "image_number": {"type": "int", "data": 20}, "Hcamera2end": {"type": "ndarray", "data": [[0.9999987014616228, -0.0012497344382703846, -0.0010174669045537386, -0.014375322522237406], [0.0010173932038446722, -5.96074164636029e-05, 0.9999994806788775, 0.01990657931859554], [-0.001249794437830411, -0.9999992173050885, -5.8335867737069336e-05, 0.032653008633430965], [0.0, 0.0, 0.0, 1.0]]}, "Hobj2base": {"type": "ndarray", "data": [[0.9999987015947748, -0.0008892736707056688, 0.0013438754046110075, -0.7355456068099911], [-0.0008911985704867407, -0.9999985769529678, 0.001432430503485781, 0.09092285221424783], [0.0013425996694812355, -0.0014336263034500324, -0.9999980710690144, 0.00024617249708742684], [0.0, 0.0, 0.0, 1.0]]}, "mean_rme": {"type": "float", "data": 0.0013817402779335932}, "max_rme": {"type": "float", "data": 0.0047828230254572945}, "simu": {"type": "float", "data": 0.002}}, {"type": "dict", "image_number": {"type": "int", "data": 21}, "Hcamera2end": {"type": "ndarray", "data": [[0.9999986641866668, -0.001261189599220292, -0.001039723846357351, -0.014397446367361864], [0.0010396483567313918, -6.051001058993144e-05, 0.9999994577347695, 0.01985100588853627], [-0.0012612518290219768, -0.999999202869349, -5.9198736065635416e-05, 0.03267896511892021], [0.0, 0.0, 0.0, 1.0]]}, "Hobj2base": {"type": "ndarray", "data": [[0.9999986587785107, -0.000896000639825873, 0.0013709938122282537, -0.7355040052110468], [-0.0008979751362774988, -0.9999985596500305, 0.0014402564074021832, 0.09091650422190872], [0.0013697013668548124, -0.0014414855940547105, -0.9999980230167698, 0.0002685714275649443], [0.0, 0.0, 0.0, 1.0]]}, "mean_rme": {"type": "float", "data": 0.0013506595561895728}, "max_rme": {"type": "float", "data": 0.004700844904543866}, "simu": {"type": "float", "data": 0.002}}, {"type": "dict", "image_number": {"type": "int", "data": 22}, "Hcamera2end": {"type": "ndarray", "data": [[0.999998742986229, -0.0013338139217835977, -0.0008573018044300809, -0.014638576350346839], [0.0008572173562409309, -6.388371751220312e-05, 0.9999996305485692, 0.019834316099816778], [-0.0013338681966304328, -0.999999108429249, -6.274026876584848e-05, 0.03259639892449916], [0.0, 0.0, 0.0, 1.0]]}, "Hobj2base": {"type": "ndarray", "data": [[0.9999986388647569, -0.0009899761632513647, 0.0013199302366780085, -0.7353497749751483], [-0.0009920948715400391, -0.9999982190900414, 0.0016054795267976781, 0.09090299099154033], [0.0013183384995389877, -0.001606786837541511, -0.9999978401074969, 0.0003948942667628534], [0.0, 0.0, 0.0, 1.0]]}, "mean_rme": {"type": "float", "data": 0.001331665085241235}, "max_rme": {"type": "float", "data": 0.00463965018877871}, "simu": {"type": "float", "data": 0.002}}, {"type": "dict", "image_number": {"type": "int", "data": 23}, "Hcamera2end": {"type": "ndarray", "data": [[0.9999987372912498, -0.0012127118104552517, -0.0010270082623385231, -0.014357413069325559], [0.0010268527198844031, -0.00012887570435826667, 0.999999464482129, 0.019788288780937312], [-0.0012128435174395954, -0.9999992563602823, -0.00012763026520490328, 0.03272588536384795], [0.0, 0.0, 0.0, 1.0]]}, "Hobj2base": {"type": "ndarray", "data": [[0.9999987202346101, -0.0007884329026392699, 0.0013920857372767836, -0.7355735541711586], [-0.0007905622114648576, -0.9999985175219313, 0.0015296945216057981, 0.0908611795903957], [0.0013908776120483874, -0.0015307930943347025, -0.9999978610636977, 0.0002556616998494405], [0.0, 0.0, 0.0, 1.0]]}, "mean_rme": {"type": "float", "data": 0.001395572299781179}, "max_rme": {"type": "float", "data": 0.004736546563569088}, "simu": {"type": "float", "data": 0.002}}, {"type": "dict", "image_number": {"type": "int", "data": 24}, "Hcamera2end": {"type": "ndarray", "data": [[0.9999985848172335, -0.0013151989716103378, -0.0010491020901207703, -0.014474379677543545], [0.0010488734078989178, -0.0001745542038804615, 0.9999994346975423, 0.019783482643892476], [-0.001315381353305257, -0.9999991198908602, -0.00017317447962694743, 0.03279170449313155], [0.0, 0.0, 0.0, 1.0]]}, "Hobj2base": {"type": "ndarray", "data": [[0.9999985396411883, -0.0008331110209423064, 0.0014921935254475222, -0.7354891448973158], [-0.0008354129497518798, -0.999998461096383, 0.0015426892324730559, 0.09082615490587688], [0.001490905997704047, -0.0015439335773879364, -0.9999976967315543, 0.0003941462772008182], [0.0, 0.0, 0.0, 1.0]]}, "mean_rme": {"type": "float", "data": 0.0014150262182769432}, "max_rme": {"type": "float", "data": 0.004607265597657895}, "simu": {"type": "float", "data": 0.002}}, {"type": "dict", "image_number": {"type": "int", "data": 25}, "Hcamera2end": {"type": "ndarray", "data": [[0.9999984138477952, -0.0013995511483191165, -0.001101616302040893, -0.014479192513424208], [0.0011012343484355007, -0.0002736528126980886, 0.9999993561983166, 0.019696271191460703], [-0.0013998517076852992, -0.9999989831848436, -0.0002721111448460434, 0.0329310987274348], [0.0, 0.0, 0.0, 1.0]]}, "Hobj2base": {"type": "ndarray", "data": [[0.9999983688357338, -0.0008480527509993727, 0.0015947201645735499, -0.7355314453647912], [-0.0008505626419802719, -0.9999983997582076, 0.0015738564788493404, 0.09075688593230793], [0.0015933828993191289, -0.001575210321027291, -0.99999748991854, 0.0004358856726361382], [0.0, 0.0, 0.0, 1.0]]}, "mean_rme": {"type": "float", "data": 0.0014095554531462656}, "max_rme": {"type": "float", "data": 0.004602454800430582}, "simu": {"type": "float", "data": 0.002}}, {"type": "dict", "image_number": {"type": "int", "data": 26}, "Hcamera2end": {"type": "ndarray", "data": [[0.9999993949837925, -0.0005442534996577458, -0.0009559394212210123, -0.01447132712888428], [0.000955786471124962, -0.00028121807973224833, 0.9999995036941833, 0.018907846319350288], [-0.0005445220569899444, -0.9999998123522422, -0.0002806977194589333, 0.03296996694200684], [0.0, 0.0, 0.0, 1.0]]}, "Hobj2base": {"type": "ndarray", "data": [[0.9999993506501058, -0.00013223186398721179, 0.0011319072845801844, -0.7355931177100702], [-0.00013400453018374894, -0.9999987645994908, 0.0015661552533246738, 0.09104528133274391], [0.0011316987905929086, -0.0015663059170458074, -0.9999981329700676, 0.0010950547342335726], [0.0, 0.0, 0.0, 1.0]]}, "mean_rme": {"type": "float", "data": 0.001419350719098484}, "max_rme": {"type": "float", "data": 0.004625630925051225}, "simu": {"type": "float", "data": 0.002}}, {"type": "dict", "image_number": {"type": "int", "data": 27}, "Hcamera2end": {"type": "ndarray", "data": [[0.9999992662494341, -0.0006442546726299514, -0.0010258832828850077, -0.014331640657758455], [0.001025768841203966, -0.00017793954029277081, 0.9999994580677554, 0.018841608939180056], [-0.0006444368686873213, -0.9999997766366935, -0.00017727855336069354, 0.032743092606516436], [0.0, 0.0, 0.0, 1.0]]}, "Hobj2base": {"type": "ndarray", "data": [[0.9999993787108298, -0.0002674357703281465, 0.0010821534379286295, -0.7353710697150951], [-0.0002691043757314469, -0.9999987747871504, 0.0015420788022468782, 0.09110594291163837], [0.0010817397050279468, -0.0015423690563953782, -0.9999982254668773, 0.0010863473332483485], [0.0, 0.0, 0.0, 1.0]]}, "mean_rme": {"type": "float", "data": 0.001418451270735001}, "max_rme": {"type": "float", "data": 0.004781866316945528}, "simu": {"type": "float", "data": 0.002}}, {"type": "dict", "image_number": {"type": "int", "data": 28}, "Hcamera2end": {"type": "ndarray", "data": [[0.999999168219054, -0.0007442683029210695, -0.0010533878171482053, -0.01443192017814618], [0.0010532158851940916, -0.00023136221522457312, 0.9999994186037434, 0.01881556283605602], [-0.0007445115843451299, -0.9999996962680634, -0.00023057814758242756, 0.032832031016882146], [0.0, 0.0, 0.0, 1.0]]}, "Hobj2base": {"type": "ndarray", "data": [[0.9999992557224612, -0.00030667586875023675, 0.001180891373134699, -0.7353112600493331], [-0.00030852713336409056, -0.9999987233730785, 0.0015678211703706807, 0.09104882122172323], [0.0011804090526575117, -0.0015681843405067663, -0.9999980737143166, 0.0011886364892283907], [0.0, 0.0, 0.0, 1.0]]}, "mean_rme": {"type": "float", "data": 0.0014132173506550942}, "max_rme": {"type": "float", "data": 0.004742640473417867}, "simu": {"type": "float", "data": 0.002}}, {"type": "dict", "image_number": {"type": "int", "data": 29}, "Hcamera2end": {"type": "ndarray", "data": [[0.9999992788300561, -0.0007549017375337697, -0.0009340571365023723, -0.014637404635588856], [0.0009338521008073409, -0.0002719126664780802, 0.9999995269917658, 0.01881153743835634], [-0.0007551553624256614, -0.9999996780933823, -0.00027120750380937864, 0.03270045102590605], [0.0, 0.0, 0.0, 1.0]]}, "Hobj2base": {"type": "ndarray", "data": [[0.9999991669412488, -0.0002942251222015246, 0.0012568008536839956, -0.7352197459361302], [-0.00029631983789308013, -0.9999985669124161, 0.0016668436243898735, 0.09085762520947964], [0.0012563086253092196, -0.0016672146508364327, -0.9999978210395992, 0.0012193133504277975], [0.0, 0.0, 0.0, 1.0]]}, "mean_rme": {"type": "float", "data": 0.0014213461371384917}, "max_rme": {"type": "float", "data": 0.004891197448046801}, "simu": {"type": "float", "data": 0.002}}, {"type": "dict", "image_number": {"type": "int", "data": 30}, "Hcamera2end": {"type": "ndarray", "data": [[-0.9976018635339821, -0.0030681208520381142, -0.06914556029105573, 61.187661401622734], [-0.069173407330062, 0.07823564662621141, 0.9945321630371379, -1735.3206589878146], [0.002358302753265616, 0.9969301731974091, -0.07826025924253055, 68.32635123617294], [0.0, 0.0, 0.0, 1.0]]}, "Hobj2base": {"type": "ndarray", "data": [[-0.9984264641464435, 0.027463760168848772, 0.04889107862809436, -48.722832575969846], [-0.027658574107720664, 0.5172522035966095, -0.8553859720341335, 832.0881570870184], [-0.048781133344339936, -0.8553922490599499, -0.5156786802630124, 1477.4004216787655], [0.0, 0.0, 0.0, 1.0]]}, "mean_rme": {"type": "float", "data": 104.37636223879394}, "max_rme": {"type": "float", "data": 1087.9121564714949}, "simu": {"type": "float", "data": 0.002}}, {"type": "dict", "image_number": {"type": "int", "data": 30}, "Hcamera2end": {"type": "ndarray", "data": [[0.999998965715205, -0.0011495372172591022, -0.0008643683859007391, -0.014513220981005541], [0.0008641759299198356, -0.00016790656482523758, 0.9999996125035984, 0.018809635005223382], [-0.0011496819049439879, -0.9999993251855577, -0.000166912988768253, 0.03260908786448154], [0.0, 0.0, 0.0, 1.0]]}, "Hobj2base": {"type": "ndarray", "data": [[0.9999988585921105, -0.0006818530932398368, 0.0013482918213658524, -0.7352587953361956], [-0.0006840554964111302, -0.9999984315601316, 0.001633690715632457, 0.09102355908285502], [0.0013471757695833547, -0.0016346111573561565, -0.9999977565793883, 0.001084348754938654], [0.0, 0.0, 0.0, 1.0]]}, "mean_rme": {"type": "float", "data": 0.0014305585915036746}, "max_rme": {"type": "float", "data": 0.004928789449635287}, "simu": {"type": "float", "data": 0.002}}]}