{"type": "list", "data": [{"type": "dict", "image_number": {"type": "int", "data": 5}, "Hcamera2end": {"type": "ndarray", "data": [[0.9999987038753958, 0.0011329897632018314, -0.00114393257009899, -0.011165502841136774], [0.0011460625886073725, -0.001881136439157327, 0.9999975739301773, 0.03237832509439793], [0.0011308351212480053, -0.9999975888270402, -0.0018824324781510082, 0.03421670900524572], [0.0, 0.0, 0.0, 1.0]]}, "Hobj2base": {"type": "ndarray", "data": [[0.9999896441064652, 0.0026701455968003176, 0.0036853768215682494, -0.7335203854662982], [0.002668452011073142, -0.9999963318495337, 0.0004643827535553345, 0.09132555454844023], [0.0036866032726161784, -0.0004545436932659032, -0.9999931011493735, -0.00638024834870885], [0.0, 0.0, 0.0, 1.0]]}, "mean_rme": {"type": "float", "data": 0.001489166005116721}, "max_rme": {"type": "float", "data": 0.004118498527868053}, "simu": {"type": "float", "data": 0.002}}, {"type": "dict", "image_number": {"type": "int", "data": 6}, "Hcamera2end": {"type": "ndarray", "data": [[0.9999954889703899, 0.001904199323943516, -0.002322942919129603, -0.01115806361027601], [0.0023269156293711573, -0.002086735274617224, 0.9999951154878446, 0.032129947263493865], [0.0018993426559285017, -0.9999960097724534, -0.002091156772460856, 0.03331314160183366], [0.0, 0.0, 0.0, 1.0]]}, "Hobj2base": {"type": "ndarray", "data": [[0.999988683663495, 0.0034363444576603866, 0.0032899972216881308, -0.7333826823215372], [0.003435529299435924, -0.9999940664488516, 0.00025338808768233053, 0.08997073873673171], [0.0032908484290720815, -0.00024208233840729163, -0.9999945558415599, -0.0062425739016738575], [0.0, 0.0, 0.0, 1.0]]}, "mean_rme": {"type": "float", "data": 0.0016593739961529256}, "max_rme": {"type": "float", "data": 0.003829900606712733}, "simu": {"type": "float", "data": 0.002}}, {"type": "dict", "image_number": {"type": "int", "data": 7}, "Hcamera2end": {"type": "ndarray", "data": [[0.9999950969458219, 0.0027014271390553854, -0.0015837852533325792, -0.009713619455563021], [0.0015890801919998783, -0.001959033451521597, 0.9999968185009784, 0.031350094056332246], [0.002698315856176281, -0.9999944322241738, -0.0019633166306312066, 0.03320300632205231], [0.0, 0.0, 0.0, 1.0]]}, "Hobj2base": {"type": "ndarray", "data": [[0.9999889982409244, 0.0038884363166328123, 0.0026236349067961726, -0.7335706712743724], [0.0038845189339979953, -0.9999913353727174, 0.0014965601024321132, 0.0923934514071235], [0.0026294314526299012, -0.0014863520781670764, -0.9999954384134635, -0.0065341513790848306], [0.0, 0.0, 0.0, 1.0]]}, "mean_rme": {"type": "float", "data": 0.001840239923361302}, "max_rme": {"type": "float", "data": 0.004160353291513319}, "simu": {"type": "float", "data": 0.002}}, {"type": "dict", "image_number": {"type": "int", "data": 8}, "Hcamera2end": {"type": "ndarray", "data": [[0.9999973912433471, 0.0020209059939527226, -0.0010646339576373069, -0.011436031133053992], [0.001066707457336926, -0.0010252244000772404, 0.9999989055244661, 0.03120599182587389], [0.0020198122934100356, -0.9999974324236504, -0.0010273774410105574, 0.0319532550445304], [0.0, 0.0, 0.0, 1.0]]}, "Hobj2base": {"type": "ndarray", "data": [[0.999993677739655, 0.002985728401195784, 0.0019312966197558002, -0.7325139149078719], [0.002982281152136744, -0.9999939592188034, 0.0017853641173764868, 0.09149626898492424], [0.0019366155655672213, -0.0017795931603314429, -0.9999965412781862, -0.005757092499742926], [0.0, 0.0, 0.0, 1.0]]}, "mean_rme": {"type": "float", "data": 0.0017126407205730009}, "max_rme": {"type": "float", "data": 0.004681871926945025}, "simu": {"type": "float", "data": 0.002}}, {"type": "dict", "image_number": {"type": "int", "data": 9}, "Hcamera2end": {"type": "ndarray", "data": [[0.9999977543934491, 0.0019525187889413685, -0.0008239407975766336, -0.011363227667486622], [0.0008261949585099588, -0.0011539635064110598, 0.9999989928845511, 0.03138587308671231], [0.0019515660249176852, -0.9999974280159948, -0.0011555740762427824, 0.03207286596696128], [0.0, 0.0, 0.0, 1.0]]}, "Hobj2base": {"type": "ndarray", "data": [[0.99999321499499, 0.002985450685316167, 0.002158019506179856, -0.7325756622290786], [0.0029817807944612722, -0.9999941064050737, 0.0017018044577420727, 0.09159682871784657], [0.0021630874409716834, -0.0016953581698727013, -0.9999962233995681, -0.005859761508702315], [0.0, 0.0, 0.0, 1.0]]}, "mean_rme": {"type": "float", "data": 0.0016022859949515996}, "max_rme": {"type": "float", "data": 0.004513549517248028}, "simu": {"type": "float", "data": 0.002}}, {"type": "dict", "image_number": {"type": "int", "data": 10}, "Hcamera2end": {"type": "ndarray", "data": [[0.9999948350981922, 0.00222072543086851, -0.002323393100645108, -0.014367148330322321], [0.0023231031904345674, 0.00013311810558958026, 0.9999972927319039, 0.031079669158075744], [0.0022210287044574987, -0.9999975253260036, 0.00012795844371404907, 0.029498529697145125], [0.0, 0.0, 0.0, 1.0]]}, "Hobj2base": {"type": "ndarray", "data": [[0.999996285019198, 0.002658498688640101, 0.0006019406327506346, -0.7313368943269857], [0.002658285518098636, -0.9999964038598901, 0.00035466236327818965, 0.08798159029577984], [0.0006028813375154664, -0.0003530609156475228, -0.9999997559410116, -0.003707048426575932], [0.0, 0.0, 0.0, 1.0]]}, "mean_rme": {"type": "float", "data": 0.0016766892180287937}, "max_rme": {"type": "float", "data": 0.005144437086259113}, "simu": {"type": "float", "data": 0.002}}, {"type": "dict", "image_number": {"type": "int", "data": 11}, "Hcamera2end": {"type": "ndarray", "data": [[0.9999959698457668, 0.0020926295054479824, -0.0019186437858985804, -0.014141361763944534], [0.0019184296408653696, 0.00010433547454546943, 0.9999981543692077, 0.031239506749402724], [0.0020928258258364157, -0.9999978050055217, 0.00010032049158681389, 0.029929746950323573], [0.0, 0.0, 0.0, 1.0]]}, "Hobj2base": {"type": "ndarray", "data": [[0.9999965297917951, 0.0025573876835181435, 0.0006325919725613993, -0.7317812382989447], [0.0025569452018154824, -0.9999964865015316, 0.0006992966657163996, 0.08840383641833846], [0.0006343781226305011, -0.0006976767360024247, -0.9999995554056857, -0.0036210434661514915], [0.0, 0.0, 0.0, 1.0]]}, "mean_rme": {"type": "float", "data": 0.0017224850220455186}, "max_rme": {"type": "float", "data": 0.005246291692978966}, "simu": {"type": "float", "data": 0.002}}, {"type": "dict", "image_number": {"type": "int", "data": 12}, "Hcamera2end": {"type": "ndarray", "data": [[0.9999954940945767, 0.002135855200035436, -0.002109481715468418, -0.014545368699331387], [0.0021090815776550684, 0.0001895781596724655, 0.9999977579149966, 0.03132435626814514], [0.002136250322928004, -0.9999977010887005, 0.00018507261259625984, 0.030105319911649914], [0.0, 0.0, 0.0, 1.0]]}, "Hobj2base": {"type": "ndarray", "data": [[0.9999967172107189, 0.002519220613676465, 0.0004680761530504874, -0.7322044201492917], [0.0025189617674560203, -0.9999966746333502, 0.0005527692603781073, 0.08804200899237467], [0.00046946714424100987, -0.0005515883798193124, -0.9999997376753953, -0.0035127698673196963], [0.0, 0.0, 0.0, 1.0]]}, "mean_rme": {"type": "float", "data": 0.0016826691769801316}, "max_rme": {"type": "float", "data": 0.005403621791749025}, "simu": {"type": "float", "data": 0.002}}, {"type": "dict", "image_number": {"type": "int", "data": 13}, "Hcamera2end": {"type": "ndarray", "data": [[0.9999958336197934, 0.002152168777993238, -0.0019237756120329909, -0.014486136698064365], [0.0019234420071328722, 0.00015706776008150847, 0.9999981378485481, 0.03142625708363181], [0.002152466933455305, -0.9999976717469243, 0.00015292753384343882, 0.030180743372822925], [0.0, 0.0, 0.0, 1.0]]}, "Hobj2base": {"type": "ndarray", "data": [[0.9999967663124392, 0.002492230633318872, 0.0005061137572687421, -0.7322331422946067], [0.002491781748034676, -0.9999965033374039, 0.0008856278490032471, 0.08832504368754207], [0.0005083191764147036, -0.0008843638601366968, -0.9999994797559542, -0.0034935222122122276], [0.0, 0.0, 0.0, 1.0]]}, "mean_rme": {"type": "float", "data": 0.001675211830211551}, "max_rme": {"type": "float", "data": 0.005491469730838361}, "simu": {"type": "float", "data": 0.002}}, {"type": "dict", "image_number": {"type": "int", "data": 14}, "Hcamera2end": {"type": "ndarray", "data": [[0.9999965472583319, 0.0020390157791667185, -0.0016576748978821589, -0.014501600957306078], [0.001657190504622625, 0.00023922887642024993, 0.9999985982436054, 0.03151754318070284], [0.0020394094846666023, -0.9999978925898777, 0.00023584901283679738, 0.030125005759197288], [0.0, 0.0, 0.0, 1.0]]}, "Hobj2base": {"type": "ndarray", "data": [[0.9999971458033823, 0.002352871366045088, 0.0004151884196947935, -0.7322354692653065], [0.0023524120664408063, -0.9999966244529008, 0.0011032861250511476, 0.08852891444086278], [0.00041778290853891544, -0.0011023062818072845, -0.99999930518891, -0.003492350977324893], [0.0, 0.0, 0.0, 1.0]]}, "mean_rme": {"type": "float", "data": 0.0016244579756042202}, "max_rme": {"type": "float", "data": 0.005556581105499836}, "simu": {"type": "float", "data": 0.002}}, {"type": "dict", "image_number": {"type": "int", "data": 15}, "Hcamera2end": {"type": "ndarray", "data": [[0.9999965927513678, 0.0019715092202059197, -0.0017110339125049744, -0.014482524370967132], [0.0017110102411617217, 1.3693288468785703e-05, 0.999998536127153, 0.03128640921046011], [0.0019715297638480483, -0.9999980564800558, 1.0319969345973234e-05, 0.030231685019809384], [0.0, 0.0, 0.0, 1.0]]}, "Hobj2base": {"type": "ndarray", "data": [[0.9999969450678705, 0.002387550922613962, 0.0006398871136711567, -0.7319161740489484], [0.0023868952502437645, -0.9999966276030061, 0.0010234811572858488, 0.08844327929175565], [0.0006423285690991339, -0.0010219506871080636, -0.999999271515136, -0.003448749639396091], [0.0, 0.0, 0.0, 1.0]]}, "mean_rme": {"type": "float", "data": 0.0016941897263577485}, "max_rme": {"type": "float", "data": 0.005425588440567841}, "simu": {"type": "float", "data": 0.002}}, {"type": "dict", "image_number": {"type": "int", "data": 16}, "Hcamera2end": {"type": "ndarray", "data": [[0.9999963641153367, 0.0018155247040794206, -0.001993897228015597, -0.014639025143675587], [0.0019927713331358773, 0.0006217464020439323, 0.9999978211445391, 0.03129440280944497], [0.0018167604467410688, -0.999998158649035, 0.0006181262158608813, 0.03134094424617689], [0.0, 0.0, 0.0, 1.0]]}, "Hobj2base": {"type": "ndarray", "data": [[0.9999980163325672, 0.0019894465158832595, 9.71261607501175e-05, -0.7334053795859311], [0.0019893632853677564, -0.9999976602725347, 0.000849637084115105, 0.08843807103195976], [9.881624103812962e-05, -0.0008494421794994465, -0.9999996343416, -0.00341754147143453], [0.0, 0.0, 0.0, 1.0]]}, "mean_rme": {"type": "float", "data": 0.001766324387816314}, "max_rme": {"type": "float", "data": 0.00534842820035164}, "simu": {"type": "float", "data": 0.002}}, {"type": "dict", "image_number": {"type": "int", "data": 17}, "Hcamera2end": {"type": "ndarray", "data": [[0.9999965921908986, 0.0018689199646450838, -0.0018228397503256112, -0.014776043259426896], [0.0018214730383543912, 0.000732725863281658, 0.9999980726725324, 0.029913232950370253], [0.0018702520044539825, -0.9999979851234575, 0.0007293191789653486, 0.03136563540629728], [0.0, 0.0, 0.0, 1.0]]}, "Hobj2base": {"type": "ndarray", "data": [[0.9999980916057952, 0.0019536493509623104, -6.243479119808829e-06, -0.7334034019242964], [0.0019536537550007916, -0.9999977657011614, 0.0008073597039172817, 0.08916504674169182], [-4.666167408459559e-06, -0.0008073703607531282, -0.999999674065611, -0.002231752358878899], [0.0, 0.0, 0.0, 1.0]]}, "mean_rme": {"type": "float", "data": 0.001729161874690899}, "max_rme": {"type": "float", "data": 0.005160719440934325}, "simu": {"type": "float", "data": 0.002}}, {"type": "dict", "image_number": {"type": "int", "data": 18}, "Hcamera2end": {"type": "ndarray", "data": [[0.9999966480004865, 0.0017547508955106732, -0.0019039004926109738, -0.014597388778281106], [0.0019025999659538135, 0.0007425175719142363, 0.9999979143883375, 0.02991193433816767], [0.0017561609153526805, -0.9999981847568273, 0.000739176494001681, 0.031470262793608275], [0.0, 0.0, 0.0, 1.0]]}, "Hobj2base": {"type": "ndarray", "data": [[0.999998287470786, 0.0018506894471181472, 2.0163077968133596e-06, -0.733430042707581], [0.0018506873597777438, -0.9999979941196868, 0.0007659718658285276, 0.08935278725937795], [3.4338798012194977e-06, -0.0007659668225239774, -0.9999997066414748, -0.002315777364885619], [0.0, 0.0, 0.0, 1.0]]}, "mean_rme": {"type": "float", "data": 0.0016838297728027042}, "max_rme": {"type": "float", "data": 0.005074325946100577}, "simu": {"type": "float", "data": 0.002}}, {"type": "dict", "image_number": {"type": "int", "data": 19}, "Hcamera2end": {"type": "ndarray", "data": [[0.999996200695132, 0.001630262830381532, -0.0022227996772904127, -0.014091176292587953], [0.0022214084932451663, 0.0008546644255694735, 0.999997167442501, 0.030063714722053714], [0.0016321579603776736, -0.9999983058944766, 0.0008510396987411184, 0.0322676931558513], [0.0, 0.0, 0.0, 1.0]]}, "Hobj2base": {"type": "ndarray", "data": [[0.9999985751271556, 0.001685431657993245, -9.520391074542098e-05, -0.7342475550359344], [0.0016854759583537426, -0.9999984704588625, 0.00046717312642378435, 0.08981127925129125], [-9.441637675008469e-05, -0.00046733292466418554, -0.9999998863427364, -0.002492647774599145], [0.0, 0.0, 0.0, 1.0]]}, "mean_rme": {"type": "float", "data": 0.0017127850397617322}, "max_rme": {"type": "float", "data": 0.005820171641192612}, "simu": {"type": "float", "data": 0.002}}, {"type": "dict", "image_number": {"type": "int", "data": 20}, "Hcamera2end": {"type": "ndarray", "data": [[0.9999961562701731, 0.0017655607337114668, -0.0021378120064984487, -0.013951097103890779], [0.0021361614518436408, 0.0009362186892052371, 0.99999728015071, 0.030067080571048233], [0.0017675573912068502, -0.999998003142937, 0.0009324435678532694, 0.032283714556968914], [0.0, 0.0, 0.0, 1.0]]}, "Hobj2base": {"type": "ndarray", "data": [[0.9999983788413469, 0.0017839092884990254, -0.00024491289959844713, -0.7344511981080794], [0.0017840194438809326, -0.9999983072533514, 0.00045029441078687767, 0.08983956916543764], [-0.00024410920064099514, -0.0004507306101631381, -0.9999998686262992, -0.0023486598798742207], [0.0, 0.0, 0.0, 1.0]]}, "mean_rme": {"type": "float", "data": 0.0017555071153026295}, "max_rme": {"type": "float", "data": 0.0058447826420983395}, "simu": {"type": "float", "data": 0.002}}, {"type": "dict", "image_number": {"type": "int", "data": 21}, "Hcamera2end": {"type": "ndarray", "data": [[0.9999969523727462, 0.0002819854332612804, -0.0024526983987011998, -0.014345023631566235], [0.0024523932407792765, 0.0010774762281094974, 0.9999964123997498, 0.028859233600733038], [0.0002846271458295923, -0.9999993797644042, 0.0010767814051930724, 0.032300425273385606], [0.0, 0.0, 0.0, 1.0]]}, "Hobj2base": {"type": "ndarray", "data": [[0.9999998378360718, 0.0004394874923598466, 0.0003621858281532223, -0.7343796135756364], [0.0004394364339373284, -0.9999998935015899, 0.00014104052275533985, 0.09029225143863281], [0.00036224777512667444, -0.00014088134223490834, -0.9999999244644955, -0.0011120149667132515], [0.0, 0.0, 0.0, 1.0]]}, "mean_rme": {"type": "float", "data": 0.0017750170167916478}, "max_rme": {"type": "float", "data": 0.005655899604091491}, "simu": {"type": "float", "data": 0.002}}, {"type": "dict", "image_number": {"type": "int", "data": 22}, "Hcamera2end": {"type": "ndarray", "data": [[0.9999969549822859, 0.00025341331254168076, -0.002454752095241078, -0.014809183302591405], [0.0024544583801152263, 0.001152912512617399, 0.9999963232066398, 0.02869979991070505], [0.0002562424951992727, -0.999999303286973, 0.001152287009549724, 0.03230409920451017], [0.0, 0.0, 0.0, 1.0]]}, "Hobj2base": {"type": "ndarray", "data": [[0.9999998601215143, 0.0004043620926871735, 0.00034095197567456245, -0.7341774194365239], [0.00040432040781478184, -0.9999999107813708, 0.0001223203103717925, 0.0898632304287743], [0.0003410014069519747, -0.00012218243941996271, -0.9999999343947439, -0.0009722154463423404], [0.0, 0.0, 0.0, 1.0]]}, "mean_rme": {"type": "float", "data": 0.0018526079718279168}, "max_rme": {"type": "float", "data": 0.0055200017681791835}, "simu": {"type": "float", "data": 0.002}}, {"type": "dict", "image_number": {"type": "int", "data": 23}, "Hcamera2end": {"type": "ndarray", "data": [[0.9999968363396151, 0.0002951705742110424, -0.0024980362473449426, -0.014735955741383016], [0.0024976878333309647, 0.001174912954684748, 0.9999961905602622, 0.02870406391476074], [0.0002981044249248052, -0.9999992662266713, 0.0011741719937071737, 0.032241038884091196], [0.0, 0.0, 0.0, 1.0]]}, "Hobj2base": {"type": "ndarray", "data": [[0.9999998753610944, 0.0004207854184449143, 0.0002687330040718333, -0.734321261824843], [0.00042074772210742725, -0.9999999016414602, 0.00014031544548690075, 0.0898936262357214], [0.0002687920203330909, -0.00014020235919881888, -0.9999999540470732, -0.0009552454769576046], [0.0, 0.0, 0.0, 1.0]]}, "mean_rme": {"type": "float", "data": 0.0018383818861523503}, "max_rme": {"type": "float", "data": 0.005531499055184602}, "simu": {"type": "float", "data": 0.002}}, {"type": "dict", "image_number": {"type": "int", "data": 24}, "Hcamera2end": {"type": "ndarray", "data": [[0.999997151699831, 0.00037402259831512347, -0.0023572652207463304, -0.014828633736936218], [0.0023568128045413786, 0.001205460836381289, 0.9999964961426496, 0.028782659294256708], [0.000376862878697867, -0.9999992034853168, 0.0012045759016181545, 0.032292808091691], [0.0, 0.0, 0.0, 1.0]]}, "Hobj2base": {"type": "ndarray", "data": [[0.9999998580941454, 0.0004847904794933573, 0.00022088431376667803, -0.7344414475507839], [0.00048473422032112827, -0.9999998500848697, 0.0002546821024353776, 0.08989603309452705], [0.00022100774811133542, -0.00025457499610888134, -0.9999999431735713, -0.0009368317978406699], [0.0, 0.0, 0.0, 1.0]]}, "mean_rme": {"type": "float", "data": 0.0018122354627556068}, "max_rme": {"type": "float", "data": 0.005474233360191844}, "simu": {"type": "float", "data": 0.002}}, {"type": "dict", "image_number": {"type": "int", "data": 25}, "Hcamera2end": {"type": "ndarray", "data": [[0.9999975070819809, 0.0003249530419910837, -0.0022091254704269003, -0.014864797846842614], [0.0022087627951328922, 0.0011122418034418269, 0.9999969421378674, 0.028768448611644105], [0.00032740913002673837, -0.9999993286616202, 0.001111521286524808, 0.03241678693507133], [0.0, 0.0, 0.0, 1.0]]}, "Hobj2base": {"type": "ndarray", "data": [[0.9999998536449193, 0.00045997182903888625, 0.00028484391614246464, -0.7345141475964603], [0.00045985049281199036, -0.9999998035760964, 0.00042589352278483565, 0.089961784848916], [0.0002850397592149619, -0.0004257624748379421, -0.9999998687393168, -0.0008819390174131736], [0.0, 0.0, 0.0, 1.0]]}, "mean_rme": {"type": "float", "data": 0.0017628156646024382}, "max_rme": {"type": "float", "data": 0.005550067585732371}, "simu": {"type": "float", "data": 0.002}}, {"type": "dict", "image_number": {"type": "int", "data": 26}, "Hcamera2end": {"type": "ndarray", "data": [[0.9999973891640692, 0.0003431565553002145, -0.002259183176205144, -0.014802620286671926], [0.0022588045175994517, 0.0010998656006709906, 0.999996844043926, 0.028667076290783838], [0.0003456402701743223, -0.9999993362693993, 0.0010990876055249066, 0.032430949878931616], [0.0, 0.0, 0.0, 1.0]]}, "Hobj2base": {"type": "ndarray", "data": [[0.9999998404054126, 0.00048471190448933535, 0.0002902473410000705, -0.7345780025955091], [0.0004846036633388237, -0.9999998130593022, 0.00037288154950474887, 0.0899162164110466], [0.00029042802686703943, -0.0003727408350701488, -0.9999998883579091, -0.0009514285106748015], [0.0, 0.0, 0.0, 1.0]]}, "mean_rme": {"type": "float", "data": 0.001796614176877803}, "max_rme": {"type": "float", "data": 0.00546948431418387}, "simu": {"type": "float", "data": 0.002}}, {"type": "dict", "image_number": {"type": "int", "data": 27}, "Hcamera2end": {"type": "ndarray", "data": [[0.9999972477956859, 0.00036230507344958154, -0.002318002607302151, -0.014784590804434231], [0.0023175930344921294, 0.0011268249373357353, 0.9999966795085308, 0.02861676349897209], [0.00036491585356139306, -0.9999992995000518, 0.0011259821603687437, 0.032743460218626355], [0.0, 0.0, 0.0, 1.0]]}, "Hobj2base": {"type": "ndarray", "data": [[0.9999998312111668, 0.0005118312154807999, 0.000274966261330993, -0.7348803539454395], [0.0005117455253304215, -0.9999998205051046, 0.00031161879935114864, 0.08988035109315479], [0.0002751257082047912, -0.0003114780339995221, -0.9999999136436359, -0.0007986482052455947], [0.0, 0.0, 0.0, 1.0]]}, "mean_rme": {"type": "float", "data": 0.0017729701565498228}, "max_rme": {"type": "float", "data": 0.005656081837454446}, "simu": {"type": "float", "data": 0.002}}, {"type": "dict", "image_number": {"type": "int", "data": 28}, "Hcamera2end": {"type": "ndarray", "data": [[0.9999968396663295, 0.0009908634641480276, -0.002310594501149047, -0.014841481730639327], [0.0023095872323438274, 0.0010164988252155949, 0.9999968162634091, 0.028367887021387202], [0.0009932090260957277, -0.9999989924593592, 0.0010142071271342923, 0.03275160759947674], [0.0, 0.0, 0.0, 1.0]]}, "Hobj2base": {"type": "ndarray", "data": [[0.9999993925361671, 0.0011009738482751312, -5.276250736205951e-05, -0.7349434731598398], [0.0011009882899226657, -0.9999993562459821, 0.00027446749653243434, 0.0898492529325795], [-5.246029186009965e-05, -0.00027452542070610945, -0.9999999609418548, -0.0004945359712757427], [0.0, 0.0, 0.0, 1.0]]}, "mean_rme": {"type": "float", "data": 0.001731096040151102}, "max_rme": {"type": "float", "data": 0.005645913718720835}, "simu": {"type": "float", "data": 0.002}}, {"type": "dict", "image_number": {"type": "int", "data": 29}, "Hcamera2end": {"type": "ndarray", "data": [[0.9999967460627595, 0.0008972806352535152, -0.00238804341554586, -0.014636677072849835], [0.0023870956973938394, 0.0010558021175589571, 0.999996593522208, 0.028248107867667134], [0.0008997988799819142, -0.9999990400842144, 0.0010536567873012936, 0.03259958333907886], [0.0, 0.0, 0.0, 1.0]]}, "Hobj2base": {"type": "ndarray", "data": [[0.9999995051932946, 0.0009916043344824043, -7.958649215920683e-05, -0.7347270640169714], [0.0009916225556675935, -0.9999994820675944, 0.00022923623372718746, 0.08997417391247205], [-7.935913929579915e-05, -0.00022931504006031342, -0.9999999705583698, -0.00041781037337861087], [0.0, 0.0, 0.0, 1.0]]}, "mean_rme": {"type": "float", "data": 0.0017343649625233977}, "max_rme": {"type": "float", "data": 0.0055165318865127155}, "simu": {"type": "float", "data": 0.002}}, {"type": "dict", "image_number": {"type": "int", "data": 30}, "Hcamera2end": {"type": "ndarray", "data": [[0.9999966444570724, 0.0008691289470381214, -0.0024404281323030168, -0.01474213449729533], [0.0024394830081052913, 0.0010868433682413858, 0.9999964338407147, 0.028321068690920277], [0.0008717782107171204, -0.9999990316927146, 0.0010847194959936468, 0.03268342297509421], [0.0, 0.0, 0.0, 1.0]]}, "Hobj2base": {"type": "ndarray", "data": [[0.9999995384994711, 0.0009498973254423687, -0.00014386075177353074, -0.734901700052763], [0.0009499255966069582, -0.9999995294993309, 0.0001965769009470839, 0.08990460237473824], [-0.00014367395621449737, -0.00019671346723719693, -0.9999999703308027, -0.000435969696408219], [0.0, 0.0, 0.0, 1.0]]}, "mean_rme": {"type": "float", "data": 0.0017249984428025695}, "max_rme": {"type": "float", "data": 0.0056094018163015125}, "simu": {"type": "float", "data": 0.002}}]}