{"type": "list", "data": [{"type": "dict", "image_number": {"type": "int", "data": 5}, "Hcamera2end": {"type": "ndarray", "data": [[0.9999916657112704, 0.003385717557283023, -0.0022815399670000737, -0.016019091227965437], [0.002283166731828434, -0.00047669131412564347, 0.9999972799538336, 0.026510817438748474], [0.003384620757689861, -0.9999941548239236, -0.00048441749893290975, 0.02990653605049161], [0.0, 0.0, 0.0, 1.0]]}, "Hobj2base": {"type": "ndarray", "data": [[0.9999914439691592, 0.004129226597716816, -0.00024794390615968004, -0.73036104647257], [0.004129394645329955, -0.9999912420482571, 0.0006811216096995046, 0.0869514695486757], [-0.000245129229211864, -0.0006821396402404437, -0.9999997372985514, 0.0006197052522793567], [0.0, 0.0, 0.0, 1.0]]}, "mean_rme": {"type": "float", "data": 0.0010056152592655123}, "max_rme": {"type": "float", "data": 0.002764537669583539}, "simu": {"type": "float", "data": 0.002}}, {"type": "dict", "image_number": {"type": "int", "data": 6}, "Hcamera2end": {"type": "ndarray", "data": [[0.9999912090647768, 0.0033945668455294896, -0.002461444514305636, -0.017885990420358877], [0.0024620958056573512, -0.0001876973295111828, 0.999996951422331, 0.02651959575935429], [0.003394094490366733, -0.9999942208261223, -0.0001960534282685611, 0.03230445304008237], [0.0, 0.0, 0.0, 1.0]]}, "Hobj2base": {"type": "ndarray", "data": [[0.9999919537729045, 0.003977044813850364, -0.0005248847472814457, -0.7332759716382227], [0.003977344771534217, -0.9999919269271242, 0.0005716722361445244, 0.08602879545048697], [-0.0005226069437466487, -0.000573755283945146, -0.999999698843383, 0.001317332075379198], [0.0, 0.0, 0.0, 1.0]]}, "mean_rme": {"type": "float", "data": 0.0013308336524722288}, "max_rme": {"type": "float", "data": 0.0035436935253164437}, "simu": {"type": "float", "data": 0.002}}, {"type": "dict", "image_number": {"type": "int", "data": 7}, "Hcamera2end": {"type": "ndarray", "data": [[0.9999906420592993, 0.003588118482915857, -0.0024168573774458264, -0.01682355898108695], [0.00241490708964739, 0.0005477735676552298, 0.9999969340792335, 0.02628662659120179], [0.003589431372617045, -0.9999934126532389, 0.0005391034688597696, 0.030501695276176546], [0.0, 0.0, 0.0, 1.0]]}, "Hobj2base": {"type": "ndarray", "data": [[0.9999921133038823, 0.0037483490293728113, -0.0013127107790670497, -0.7318262133566362], [0.003749161325869159, -0.9999927815981262, 0.0006168800491659942, 0.08685846308253521], [-0.0013103890216595714, -0.0006217967485054351, -0.9999989481241545, 0.0008786118783439664], [0.0, 0.0, 0.0, 1.0]]}, "mean_rme": {"type": "float", "data": 0.001371320780036739}, "max_rme": {"type": "float", "data": 0.0036595330696246597}, "simu": {"type": "float", "data": 0.002}}, {"type": "dict", "image_number": {"type": "int", "data": 8}, "Hcamera2end": {"type": "ndarray", "data": [[0.9999911843569025, 0.0035018222039387486, -0.0023169915259764868, -0.01708282733409188], [0.00231439124124299, 0.0007464218891916063, 0.9999970432194015, 0.026194826502409684], [0.003503541303010857, -0.9999935900272637, 0.0007383107223654095, 0.029902737317182095], [0.0, 0.0, 0.0, 1.0]]}, "Hobj2base": {"type": "ndarray", "data": [[0.9999926609050845, 0.003561468702046223, -0.0014121177900264772, -0.731254230063616], [0.0035623183608883757, -0.9999934751426671, 0.0005996332110110694, 0.08698312873409841], [-0.0014099730012456368, -0.0006046592233771678, -0.9999988231809873, 0.0008596935917351833], [0.0, 0.0, 0.0, 1.0]]}, "mean_rme": {"type": "float", "data": 0.0013366587171784496}, "max_rme": {"type": "float", "data": 0.003689413748059339}, "simu": {"type": "float", "data": 0.002}}, {"type": "dict", "image_number": {"type": "int", "data": 9}, "Hcamera2end": {"type": "ndarray", "data": [[0.999991180211661, 0.0034731985891888226, -0.0023614382163136484, -0.016938311589333746], [0.002358404197018333, 0.0008773882801994537, 0.999996834054713, 0.026312378416509217], [0.003475259491447527, -0.9999935835200973, 0.0008691893356906899, 0.02982211660549726], [0.0, 0.0, 0.0, 1.0]]}, "Hobj2base": {"type": "ndarray", "data": [[0.9999930252133097, 0.003530333535209869, -0.001219126680543875, -0.7313061844609686], [0.0035309700853188293, -0.9999936307076289, 0.0005203791225172308, 0.08694433147461722], [-0.0012172818037023633, -0.0005246801928230677, -0.9999991214674671, 0.0007071280351518765], [0.0, 0.0, 0.0, 1.0]]}, "mean_rme": {"type": "float", "data": 0.0012351520174787817}, "max_rme": {"type": "float", "data": 0.00378069539977699}, "simu": {"type": "float", "data": 0.002}}, {"type": "dict", "image_number": {"type": "int", "data": 10}, "Hcamera2end": {"type": "ndarray", "data": [[0.9999930951891567, 0.003064080295470486, -0.0021026140761075617, -0.017309304416932205], [0.002099076711590082, 0.0011572210377875924, 0.9999971273540882, 0.02632589855700143], [0.0030665046826959716, -0.9999946361113206, 0.0011507813078045492, 0.030875352056636197], [0.0, 0.0, 0.0, 1.0]]}, "Hobj2base": {"type": "ndarray", "data": [[0.9999946976083303, 0.00300424478145603, -0.0012566895070912885, -0.7325491807190014], [0.003005244157551773, -0.9999951689335285, 0.0007941140709468124, 0.08739900641161823], [-0.0012542977228872227, -0.0007978865190420204, -0.9999988950565524, 0.0008012014864214378], [0.0, 0.0, 0.0, 1.0]]}, "mean_rme": {"type": "float", "data": 0.001453101022450809}, "max_rme": {"type": "float", "data": 0.005633999030024678}, "simu": {"type": "float", "data": 0.002}}, {"type": "dict", "image_number": {"type": "int", "data": 11}, "Hcamera2end": {"type": "ndarray", "data": [[0.9999947468253921, 0.002455686836679434, -0.0021156379132611673, -0.017406831609388225], [0.002112582988032428, 0.0012459486860891822, 0.999996992297972, 0.026324252532608748], [0.0024583154269834234, -0.9999962085998285, 0.0012407542986679898, 0.030785071059384484], [0.0, 0.0, 0.0, 1.0]]}, "Hobj2base": {"type": "ndarray", "data": [[0.9999963317631249, 0.002458435383781524, -0.001136906222170012, -0.7327178039897425], [0.0024589812824992894, -0.9999968619737212, 0.00047901332244417165, 0.08735226375226306], [-0.0011357250312272107, -0.00048180719643011165, -0.9999992389949499, 0.0009248516134211667], [0.0, 0.0, 0.0, 1.0]]}, "mean_rme": {"type": "float", "data": 0.0014934758337568597}, "max_rme": {"type": "float", "data": 0.0056993177640865395}, "simu": {"type": "float", "data": 0.002}}, {"type": "dict", "image_number": {"type": "int", "data": 12}, "Hcamera2end": {"type": "ndarray", "data": [[0.999994324641304, 0.0024255436616332565, -0.002338252152308634, -0.017086568678998104], [0.0023359970246186416, 0.000932157881497031, 0.9999968370947904, 0.02635824680320443], [0.0024277156100412753, -0.9999966239041157, 0.0009264865283900026, 0.03191779001595092], [0.0, 0.0, 0.0, 1.0]]}, "Hobj2base": {"type": "ndarray", "data": [[0.999996356311453, 0.002583668183057123, -0.0007823186930047371, -0.7336776315050212], [0.0025839922984570466, -0.9999965759642926, 0.00041357404826119007, 0.08719326974234941], [-0.0007812474762077667, -0.00041559404680383027, -0.9999996084669085, 0.001137116005929829], [0.0, 0.0, 0.0, 1.0]]}, "mean_rme": {"type": "float", "data": 0.0015356409786525652}, "max_rme": {"type": "float", "data": 0.005546757447215514}, "simu": {"type": "float", "data": 0.002}}, {"type": "dict", "image_number": {"type": "int", "data": 13}, "Hcamera2end": {"type": "ndarray", "data": [[0.9999945307518538, 0.0024005409864770798, -0.002275053703064824, -0.017071167463019926], [0.0022732094550245653, 0.0007707124980544933, 0.9999971192563605, 0.026189065994688447], [0.002402287483456599, -0.9999968216975584, 0.0007652513503689784, 0.03205699039370464], [0.0, 0.0, 0.0, 1.0]]}, "Hobj2base": {"type": "ndarray", "data": [[0.9999963493747511, 0.002610974840476933, -0.000695735260842026, -0.7337637317863959], [0.0026112829027167446, -0.9999964928035772, 0.00044224670424689223, 0.08716036442317554], [-0.0006945781257437355, -0.00044406185136136144, -0.999999660185092, 0.000951715683588479], [0.0, 0.0, 0.0, 1.0]]}, "mean_rme": {"type": "float", "data": 0.0015583080239918922}, "max_rme": {"type": "float", "data": 0.005663539048198621}, "simu": {"type": "float", "data": 0.002}}, {"type": "dict", "image_number": {"type": "int", "data": 14}, "Hcamera2end": {"type": "ndarray", "data": [[0.9999947358839657, 0.002336227075270809, -0.0022517209886054462, -0.0172451991028892], [0.0022496063607707023, 0.0009073798509580122, 0.9999970579621861, 0.026230550247883733], [0.0023382633682574516, -0.9999968593474976, 0.0009021194831164703, 0.03215876390299326], [0.0, 0.0, 0.0, 1.0]]}, "Hobj2base": {"type": "ndarray", "data": [[0.9999965949466336, 0.0024940054180327942, -0.0007681354784502125, -0.7340025584110845], [0.0024944121595220736, -0.9999967490198187, 0.0005290158524695049, 0.0871370073655193], [-0.0007668136128547113, -0.0005309300976199021, -0.9999995650549629, 0.0009699088654330025], [0.0, 0.0, 0.0, 1.0]]}, "mean_rme": {"type": "float", "data": 0.0015361719006183828}, "max_rme": {"type": "float", "data": 0.005486726331683012}, "simu": {"type": "float", "data": 0.002}}, {"type": "dict", "image_number": {"type": "int", "data": 15}, "Hcamera2end": {"type": "ndarray", "data": [[0.9999943652213283, 0.0024240113837474993, -0.0023224328631819484, -0.01653838086717932], [0.002320879966431111, 0.000643247407845049, 0.9999970998702715, 0.026457575838497893], [0.0024254982527191593, -0.999996855195847, 0.0006376179438293272, 0.03235133286641992], [0.0, 0.0, 0.0, 1.0]]}, "Hobj2base": {"type": "ndarray", "data": [[0.999996187285084, 0.0027036322054215045, -0.0005619503474122299, -0.7343108345055871], [0.0027039382586527176, -0.9999961960666648, 0.0005445824948126196, 0.08762923002878184], [-0.0005604758590190865, -0.0005460998975186498, -0.9999996938208096, 0.0006517693135867697], [0.0, 0.0, 0.0, 1.0]]}, "mean_rme": {"type": "float", "data": 0.0016012795699207917}, "max_rme": {"type": "float", "data": 0.0053311518642290695}, "simu": {"type": "float", "data": 0.002}}, {"type": "dict", "image_number": {"type": "int", "data": 16}, "Hcamera2end": {"type": "ndarray", "data": [[0.9999939657407316, 0.0025459571095378985, -0.002363595676268732, -0.016480807131522147], [0.002361727043929213, 0.0007367172027151758, 0.999996939741884, 0.026408285747389775], [0.0025476906198469615, -0.9999964876689116, 0.0007306999014142779, 0.03259151101877612], [0.0, 0.0, 0.0, 1.0]]}, "Hobj2base": {"type": "ndarray", "data": [[0.999995967552211, 0.002756443775167399, -0.0006832986402781509, -0.7345073481598015], [0.0027568166871053817, -0.9999960512355666, 0.0005454127138606372, 0.08778998460943081], [-0.0006817925426127641, -0.0005472942436061403, -0.999999617813897, 0.0005659485645448901], [0.0, 0.0, 0.0, 1.0]]}, "mean_rme": {"type": "float", "data": 0.0016089071603527327}, "max_rme": {"type": "float", "data": 0.005088597639637177}, "simu": {"type": "float", "data": 0.002}}, {"type": "dict", "image_number": {"type": "int", "data": 17}, "Hcamera2end": {"type": "ndarray", "data": [[0.999994001662628, 0.002450110829726221, -0.0024481821186319117, -0.016370375376280277], [0.0024462224645064937, 0.0008025000612693622, 0.9999966859891614, 0.026300140675047434], [0.002452067376332576, -0.9999966764697636, 0.0007965017314510714, 0.03253396404886581], [0.0, 0.0, 0.0, 1.0]]}, "Hobj2base": {"type": "ndarray", "data": [[0.999996262798805, 0.0026463737769654933, -0.0006863630641982849, -0.7344084008675812], [0.0026467297796874695, -0.9999963630912054, 0.0005182912643445186, 0.08783095485012313], [-0.0006849889755476291, -0.0005201059449474773, -0.9999996301398861, 0.0005113716699656049], [0.0, 0.0, 0.0, 1.0]]}, "mean_rme": {"type": "float", "data": 0.0016022956868607485}, "max_rme": {"type": "float", "data": 0.0051785088313935496}, "simu": {"type": "float", "data": 0.002}}, {"type": "dict", "image_number": {"type": "int", "data": 18}, "Hcamera2end": {"type": "ndarray", "data": [[0.999995440402406, 0.001993701029454584, -0.002268111682296274, -0.015954585419054375], [0.002266161252949942, 0.0009800110396337436, 0.9999969520411238, 0.02631192738886982], [0.0019959177272236076, -0.9999975323642389, 0.0009754885231548771, 0.03301303793772789], [0.0, 0.0, 0.0, 1.0]]}, "Hobj2base": {"type": "ndarray", "data": [[0.9999974935572244, 0.0021544777934665435, -0.0006091836393126324, -0.7348601436061375], [0.0021549229357113375, -0.9999974109627152, 0.0007310095812961745, 0.08848367027838812], [-0.0006076071182037629, -0.0007323204928589054, -0.9999995472600405, 0.0002592891036440183], [0.0, 0.0, 0.0, 1.0]]}, "mean_rme": {"type": "float", "data": 0.001624811459248886}, "max_rme": {"type": "float", "data": 0.004716089175241078}, "simu": {"type": "float", "data": 0.002}}, {"type": "dict", "image_number": {"type": "int", "data": 19}, "Hcamera2end": {"type": "ndarray", "data": [[0.9999954412838914, 0.0019893012932682016, -0.0022715835445842173, -0.015915158037458875], [0.002269441396689329, 0.0010784303760286162, 0.9999968433068532, 0.02627985266120255], [0.0019917447583506086, -0.9999974398308672, 0.0010739108570652078, 0.033025025414766304], [0.0, 0.0, 0.0, 1.0]]}, "Hobj2base": {"type": "ndarray", "data": [[0.9999975847736252, 0.002101809309251295, -0.0006425297998469964, -0.7349185077784524], [0.0021022372101134994, -0.9999975685088975, 0.0006660142676402433, 0.08845382732566069], [-0.0006411284025536849, -0.0006673634091188633, -0.9999995717901338, 0.0002287967820694666], [0.0, 0.0, 0.0, 1.0]]}, "mean_rme": {"type": "float", "data": 0.0015763203516548964}, "max_rme": {"type": "float", "data": 0.004770673176120593}, "simu": {"type": "float", "data": 0.002}}, {"type": "dict", "image_number": {"type": "int", "data": 20}, "Hcamera2end": {"type": "ndarray", "data": [[0.9999955610208054, 0.0019710281770053376, -0.002234499185507826, -0.015889439898047093], [0.0022325696342632034, 0.000980614307352079, 0.9999970270097847, 0.026313120410515842], [0.001973213499028929, -0.9999975767188165, 0.0009762094967692425, 0.03307549778936929], [0.0, 0.0, 0.0, 1.0]]}, "Hobj2base": {"type": "ndarray", "data": [[0.9999975931855979, 0.0021280566234245166, -0.0005338520572258133, -0.7349044006390678], [0.0021284177880493043, -0.9999975058377364, 0.0006768722379849804, 0.08849789189055625], [-0.0005324103032629014, -0.0006780068690939157, -0.9999996284229085, 0.0002162245080042341], [0.0, 0.0, 0.0, 1.0]]}, "mean_rme": {"type": "float", "data": 0.001529993707836341}, "max_rme": {"type": "float", "data": 0.004737989618457575}, "simu": {"type": "float", "data": 0.002}}, {"type": "dict", "image_number": {"type": "int", "data": 21}, "Hcamera2end": {"type": "ndarray", "data": [[0.9999954704191132, 0.0020050741888148317, -0.002244731332223557, -0.016043418850060994], [0.002242629021692446, 0.0010501288087636507, 0.9999969339175778, 0.026292165024416798], [0.0020074252981320084, -0.9999974384502106, 0.0010456274145538291, 0.03257914656235084], [0.0, 0.0, 0.0, 1.0]]}, "Hobj2base": {"type": "ndarray", "data": [[0.9999975750195177, 0.002112199067224404, -0.0006233539800073923, -0.7344927689903674], [0.002112626263600818, -0.9999975334756295, 0.0006854581877015326, 0.08827877905436249], [-0.0006219046183449248, -0.0006867734394684897, -0.999999570788352, 0.0003514432933049031], [0.0, 0.0, 0.0, 1.0]]}, "mean_rme": {"type": "float", "data": 0.001570438297424471}, "max_rme": {"type": "float", "data": 0.005052219863036125}, "simu": {"type": "float", "data": 0.002}}, {"type": "dict", "image_number": {"type": "int", "data": 22}, "Hcamera2end": {"type": "ndarray", "data": [[0.9999951643007617, 0.0020850030424600955, -0.002307409241002112, -0.015701800229781543], [0.002305095015625796, 0.0011116608272067063, 0.9999967253682256, 0.026338393510587334], [0.00208756127130844, -0.999997208482363, 0.0011068493214285713, 0.032780573792712625], [0.0, 0.0, 0.0, 1.0]]}, "Hobj2base": {"type": "ndarray", "data": [[0.9999974062531444, 0.002164450941757486, -0.0007089704539116032, -0.7346552922439873], [0.00216490249911382, -0.9999974538554979, 0.0006367728720693711, 0.08861135120745556], [-0.0007075903851277437, -0.0006383060723492074, -0.9999995459404993, 0.0002744075189998297], [0.0, 0.0, 0.0, 1.0]]}, "mean_rme": {"type": "float", "data": 0.0015970497215727036}, "max_rme": {"type": "float", "data": 0.004823026847878095}, "simu": {"type": "float", "data": 0.002}}, {"type": "dict", "image_number": {"type": "int", "data": 23}, "Hcamera2end": {"type": "ndarray", "data": [[0.9999952223748391, 0.002120759764442254, -0.0022489120742341696, -0.015709516112836545], [0.0022467402620931966, 0.001025899640910266, 0.9999969498394089, 0.026451011597348594], [0.002123060453873793, -0.9999972249501236, 0.001021129943197363, 0.03241710561957845], [0.0, 0.0, 0.0, 1.0]]}, "Hobj2base": {"type": "ndarray", "data": [[0.9999973071425888, 0.0022150331232129784, -0.0006923408365909266, -0.7343272585817746], [0.0022155399860249374, -0.9999972776346082, 0.0007321925580750106, 0.08880388278135794], [-0.0006907171210174877, -0.0007337244951922793, -0.9999994922789828, 0.00014146262325653858], [0.0, 0.0, 0.0, 1.0]]}, "mean_rme": {"type": "float", "data": 0.0016013085387694944}, "max_rme": {"type": "float", "data": 0.004760388851869954}, "simu": {"type": "float", "data": 0.002}}, {"type": "dict", "image_number": {"type": "int", "data": 24}, "Hcamera2end": {"type": "ndarray", "data": [[0.9999953111149837, 0.0020432975168685275, -0.002280939127738948, -0.01566670544765899], [0.002278811832143091, 0.0010428329467027098, 0.999996859753109, 0.026455248140432874], [0.0020456697388816824, -0.9999973687138897, 0.0010381717664209589, 0.03235439178420974], [0.0, 0.0, 0.0, 1.0]]}, "Hobj2base": {"type": "ndarray", "data": [[0.9999975012793102, 0.002132204320616485, -0.0006716694656857131, -0.7342714127687701], [0.0021326995961312304, -0.9999974538187217, 0.0007375286478994566, 0.08880935481019252], [-0.0006700951937238646, -0.0007389592742195663, -0.9999995024556876, 0.00019271130120785082], [0.0, 0.0, 0.0, 1.0]]}, "mean_rme": {"type": "float", "data": 0.0015754040959451896}, "max_rme": {"type": "float", "data": 0.0048065822852742385}, "simu": {"type": "float", "data": 0.002}}, {"type": "dict", "image_number": {"type": "int", "data": 25}, "Hcamera2end": {"type": "ndarray", "data": [[0.9999949656849122, 0.002195189603462333, -0.0022912327328602805, -0.015332687049458865], [0.0022891266633866757, 0.0009614347392727929, 0.9999969177664305, 0.026571910287620886], [0.0021973857081203766, -0.9999971283888005, 0.0009564048320548357, 0.032329743923854806], [0.0, 0.0, 0.0, 1.0]]}, "Hobj2base": {"type": "ndarray", "data": [[0.9999971082897213, 0.002306895862806963, -0.0006794436500583078, -0.7344084562191944], [0.002307418907103516, -0.9999970414258068, 0.0007700374153230232, 0.08903211855187969], [-0.0006776652437462435, -0.0007716029497223702, -0.9999994726992139, 1.1830030414796689e-05], [0.0, 0.0, 0.0, 1.0]]}, "mean_rme": {"type": "float", "data": 0.0016126878911630396}, "max_rme": {"type": "float", "data": 0.004779117125801577}, "simu": {"type": "float", "data": 0.002}}, {"type": "dict", "image_number": {"type": "int", "data": 26}, "Hcamera2end": {"type": "ndarray", "data": [[0.9999947826303068, 0.0022757754407904244, -0.0022925004489488384, -0.01529010996592795], [0.002290256611731417, 0.0009880829146535763, 0.9999968892035643, 0.026517587860947902], [0.002278033541841737, -0.999996922264412, 0.0009828656497096189, 0.03235082056259918], [0.0, 0.0, 0.0, 1.0]]}, "Hobj2base": {"type": "ndarray", "data": [[0.9999969456835405, 0.002357835783394056, -0.0007411032376238209, -0.7343953478264356], [0.0023584254069786044, -0.9999969023104747, 0.0007957380568311338, 0.08906089618187099], [-0.0007392247222514795, -0.0007974834631000955, -0.9999994087832935, -2.6719024385288496e-06], [0.0, 0.0, 0.0, 1.0]]}, "mean_rme": {"type": "float", "data": 0.0015878075908155119}, "max_rme": {"type": "float", "data": 0.004786152135537666}, "simu": {"type": "float", "data": 0.002}}, {"type": "dict", "image_number": {"type": "int", "data": 27}, "Hcamera2end": {"type": "ndarray", "data": [[0.9999950799987806, 0.002199799506191862, -0.0022362603526914038, -0.015221684200837641], [0.00223368618953592, 0.0011719424581710935, 0.9999968185933801, 0.026525950403508667], [0.0022024132761899943, -0.9999968937116792, 0.0011670230304360318, 0.03231711623648131], [0.0, 0.0, 0.0, 1.0]]}, "Hobj2base": {"type": "ndarray", "data": [[0.9999971948776081, 0.002204482650816211, -0.0008663100815696162, -0.7344865043581362], [0.002205128742899643, -0.9999972907763526, 0.0007455515960012068, 0.08911993378287739], [-0.0008646641789831842, -0.0007474598298988634, -0.9999993468296169, -3.26170721256863e-05], [0.0, 0.0, 0.0, 1.0]]}, "mean_rme": {"type": "float", "data": 0.0015545352695023101}, "max_rme": {"type": "float", "data": 0.004792227636193594}, "simu": {"type": "float", "data": 0.002}}, {"type": "dict", "image_number": {"type": "int", "data": 28}, "Hcamera2end": {"type": "ndarray", "data": [[0.9999954043318309, 0.002125318405510359, -0.0021620214830586856, -0.015273013118115663], [0.0021594368550319036, 0.0012176567657995463, 0.9999969270675134, 0.025914182060935327], [0.0021279444746370372, -0.9999970001623385, 0.001213061678959626, 0.0323171298349131], [0.0, 0.0, 0.0, 1.0]]}, "Hobj2base": {"type": "ndarray", "data": [[0.9999973753301441, 0.0021183005960974783, -0.00087300366974244, -0.7344850523449974], [0.00211887331606257, -0.9999975402582857, 0.0006556319456003855, 0.08940961928991534], [-0.0008716126968377112, -0.0006574800089636234, -0.9999994040054945, 0.0005185470625381018], [0.0, 0.0, 0.0, 1.0]]}, "mean_rme": {"type": "float", "data": 0.0015178478914321533}, "max_rme": {"type": "float", "data": 0.004794151675698952}, "simu": {"type": "float", "data": 0.002}}, {"type": "dict", "image_number": {"type": "int", "data": 29}, "Hcamera2end": {"type": "ndarray", "data": [[0.9999951332365506, 0.002176056317408375, -0.0022356838141395926, -0.015085004081992688], [0.0022331072878890705, 0.0011857451154920762, 0.9999968036150727, 0.02590900944997273], [0.002178700313057162, -0.9999969293889982, 0.001180879977529803, 0.032540119113442775], [0.0, 0.0, 0.0, 1.0]]}, "Hobj2base": {"type": "ndarray", "data": [[0.9999972327939032, 0.002197978864919015, -0.0008386259270705634, -0.7347451010847368], [0.002198490548898416, -0.9999973974416287, 0.0006097124531205399, 0.0894433627385382], [-0.0008372836094119998, -0.0006115544770952481, -0.9999994624784949, 0.0005563960125720671], [0.0, 0.0, 0.0, 1.0]]}, "mean_rme": {"type": "float", "data": 0.0015265215380950044}, "max_rme": {"type": "float", "data": 0.004776840395753559}, "simu": {"type": "float", "data": 0.002}}, {"type": "dict", "image_number": {"type": "int", "data": 30}, "Hcamera2end": {"type": "ndarray", "data": [[0.9999952748477562, 0.0020608123839223787, -0.002281081865856601, -0.015022111779854453], [0.0022786400526254146, 0.001186450907125658, 0.9999967000614328, 0.025868050975283215], [0.002063511975017087, -0.9999971726892846, 0.0011817494513255422, 0.03243813758883068], [0.0, 0.0, 0.0, 1.0]]}, "Hobj2base": {"type": "ndarray", "data": [[0.9999974957991694, 0.00208429006021436, -0.0008149419213224545, -0.7346547490344985], [0.0020847723906144296, -0.9999976519481355, 0.000591457771245122, 0.08944424012583055], [-0.000813707238242914, -0.0005931552585336073, -0.9999994930235565, 0.0006529993540330107], [0.0, 0.0, 0.0, 1.0]]}, "mean_rme": {"type": "float", "data": 0.0015320080622912252}, "max_rme": {"type": "float", "data": 0.004883697767285325}, "simu": {"type": "float", "data": 0.002}}]}