{"type": "list", "data": [{"type": "dict", "image_number": {"type": "int", "data": 5}, "Hcamera2end": {"type": "ndarray", "data": [[0.9999948334269133, -0.0014993127555504998, 0.0028434452238474553, -0.012966466485717629], [-0.0028443753251929946, -0.0006185848271675898, 0.9999957634319364, 0.03629714105493517], [-0.0014975474915376085, -0.9999986847061714, -0.0006228462394106682, 0.03571711454372158], [0.0, 0.0, 0.0, 1.0]]}, "Hobj2base": {"type": "ndarray", "data": [[0.999998300669795, -0.0014305755626679774, 0.0011628031139178025, -0.7392896824645734], [-0.001433743375097027, -0.9999952510862538, 0.0027280368169059002, 0.09411465327485509], [0.0011588949290617866, -0.002729699342331659, -0.9999956028423544, -0.004931485215822961], [0.0, 0.0, 0.0, 1.0]]}, "mean_rme": {"type": "float", "data": 0.0012993296443777316}, "max_rme": {"type": "float", "data": 0.003609991445352373}, "simu": {"type": "float", "data": 0.002}}, {"type": "dict", "image_number": {"type": "int", "data": 6}, "Hcamera2end": {"type": "ndarray", "data": [[0.9999977519855693, -0.0016223796304213967, 0.0013652502124934678, -0.013337466353901609], [-0.0013650837269388251, 0.00010372103722722237, 0.9999990628937435, 0.03580746793456323], [-0.0016225197152474093, -0.9999986785622678, 0.00010150612002834958, 0.03377029114097506], [0.0, 0.0, 0.0, 1.0]]}, "Hobj2base": {"type": "ndarray", "data": [[0.9999988712791154, -0.0014774965301003618, 0.0002728451920082646, -0.7377079133838024], [-0.0014778397118094787, -0.9999981117968133, 0.001261900390079123, 0.09271519415044956], [0.00027098022337342933, -0.0012623021872057243, -0.9999991665811061, -0.005036227855733877], [0.0, 0.0, 0.0, 1.0]]}, "mean_rme": {"type": "float", "data": 0.0013000460652136453}, "max_rme": {"type": "float", "data": 0.0031766965657552826}, "simu": {"type": "float", "data": 0.002}}, {"type": "dict", "image_number": {"type": "int", "data": 7}, "Hcamera2end": {"type": "ndarray", "data": [[0.9999975730302108, -0.001308496283653034, 0.0017725042070256653, -0.013449954281711446], [-0.0017712149547681496, 0.0009857951833741607, 0.9999979455006099, 0.035944291753551155], [-0.0013102409214580137, -0.9999986580217658, 0.0009834751626931482, 0.03324142626066774], [0.0, 0.0, 0.0, 1.0]]}, "Hobj2base": {"type": "ndarray", "data": [[0.9999992745899585, -0.0011776307795602424, -0.0002529926952806002, -0.7378827054219107], [-0.0011775211188771748, -0.9999992129050874, 0.00043316650464549083, 0.09284615859359291], [-0.00025350260635988175, -0.00043286828618054415, -0.9999998741807299, -0.005139591840695036], [0.0, 0.0, 0.0, 1.0]]}, "mean_rme": {"type": "float", "data": 0.0012492220190294687}, "max_rme": {"type": "float", "data": 0.003338758771952499}, "simu": {"type": "float", "data": 0.002}}, {"type": "dict", "image_number": {"type": "int", "data": 8}, "Hcamera2end": {"type": "ndarray", "data": [[0.9999976984789049, -0.001279612531377963, 0.0017221000734321899, -0.014347723481629812], [-0.001721652312531815, 0.00035093829932442144, 0.9999984563766212, 0.036240005771692035], [-0.0012802149070091804, -0.9999991197166526, 0.00034873444375871365, 0.033970919446677336], [0.0, 0.0, 0.0, 1.0]]}, "Hobj2base": {"type": "ndarray", "data": [[0.999999201268625, -0.0011962872821183314, 0.00040787112017554413, -0.7380031235623814], [-0.0011965199567979896, -0.9999991213230475, 0.0005706953009847836, 0.09182514323375132], [0.00040718804625805837, -0.0005711828710876328, -0.9999997539739816, -0.00509784099810659], [0.0, 0.0, 0.0, 1.0]]}, "mean_rme": {"type": "float", "data": 0.001386294668076993}, "max_rme": {"type": "float", "data": 0.0032499745641022537}, "simu": {"type": "float", "data": 0.002}}, {"type": "dict", "image_number": {"type": "int", "data": 9}, "Hcamera2end": {"type": "ndarray", "data": [[0.9999964779520584, -0.002300417133499855, 0.0013236935031480336, -0.014586550718298738], [-0.0013227560014275243, 0.0004090092073214535, 0.9999990415135552, 0.035862528463355005], [-0.0023009563314116744, -0.9999972703925147, 0.0004059648762023693, 0.034190336024436975], [0.0, 0.0, 0.0, 1.0]]}, "Hobj2base": {"type": "ndarray", "data": [[0.9999975592936844, -0.0021707195704907313, 0.0004115619279193537, -0.7376992497274255], [-0.002170915673781601, -0.9999975299671429, 0.0004766390150048883, 0.09160549995052426], [0.0004105262617099385, -0.00047753131790908594, -0.9999998017159948, -0.0049627127891498125], [0.0, 0.0, 0.0, 1.0]]}, "mean_rme": {"type": "float", "data": 0.0013510397424451276}, "max_rme": {"type": "float", "data": 0.003387184290962686}, "simu": {"type": "float", "data": 0.002}}, {"type": "dict", "image_number": {"type": "int", "data": 10}, "Hcamera2end": {"type": "ndarray", "data": [[0.9999968142353926, -0.0023185004762534024, 0.0009980353738512986, -0.014355907939321967], [-0.0009970074610181586, 0.00044446592018532183, 0.9999994042129069, 0.035659041957202], [-0.0023189426876315594, -0.9999972134989116, 0.0004421529419483816, 0.03402578062638982], [0.0, 0.0, 0.0, 1.0]]}, "Hobj2base": {"type": "ndarray", "data": [[0.9999975640030746, -0.0021946318884005526, 0.0002357515452751151, -0.7375442065144829], [-0.002194682163717031, -0.9999975689531246, 0.00021320891199647297, 0.09158888468376976], [0.00023528305707489906, -0.0002137257923317029, -0.9999999494815828, -0.005108221110584804], [0.0, 0.0, 0.0, 1.0]]}, "mean_rme": {"type": "float", "data": 0.0013316689781647628}, "max_rme": {"type": "float", "data": 0.0037290606241451862}, "simu": {"type": "float", "data": 0.002}}, {"type": "dict", "image_number": {"type": "int", "data": 11}, "Hcamera2end": {"type": "ndarray", "data": [[0.9999969570120466, -0.0022104223340666676, 0.001095445001797563, -0.014045252618781026], [-0.0010945136095278304, 0.0004225296277254875, 0.9999993117540992, 0.03559592967981643], [-0.0022108836707213607, -0.9999974677477032, 0.00042010900464550804, 0.03354596755992908], [0.0, 0.0, 0.0, 1.0]]}, "Hobj2base": {"type": "ndarray", "data": [[0.9999977638881185, -0.0021064981755586467, 0.0001867731225470284, -0.7370094420601667], [-0.0021065480960054247, -0.999997745450669, 0.00026748588298979264, 0.09158639727288936], [0.00018620924293330428, -0.000267878731427118, -0.9999999467835499, -0.005250367192030541], [0.0, 0.0, 0.0, 1.0]]}, "mean_rme": {"type": "float", "data": 0.0013968169996030743}, "max_rme": {"type": "float", "data": 0.003961822030700668}, "simu": {"type": "float", "data": 0.002}}, {"type": "dict", "image_number": {"type": "int", "data": 12}, "Hcamera2end": {"type": "ndarray", "data": [[0.9999963360328071, -0.0024409733834432606, 0.0011702862480575042, -0.014096986436702607], [-0.0011695405660482707, 0.0003068905580668746, 0.9999992689962577, 0.035727806060728284], [-0.0024413307488823466, -0.9999969737289841, 0.000304034616237292, 0.03372887757594101], [0.0, 0.0, 0.0, 1.0]]}, "Hobj2base": {"type": "ndarray", "data": [[0.9999972044241893, -0.0023568320997030463, 0.00019101376917613999, -0.7369005824908489], [-0.002356946509216924, -0.9999970418182413, 0.0006009641579753124, 0.09164058191251993], [0.0001895968325044051, -0.0006014126871709212, -0.9999998011778906, -0.00510600440277], [0.0, 0.0, 0.0, 1.0]]}, "mean_rme": {"type": "float", "data": 0.0014280599528589887}, "max_rme": {"type": "float", "data": 0.003716383392466105}, "simu": {"type": "float", "data": 0.002}}, {"type": "dict", "image_number": {"type": "int", "data": 13}, "Hcamera2end": {"type": "ndarray", "data": [[0.9999977758503134, -0.0019180526608746713, 0.0008771364868596099, -0.01431774568392275], [-0.0008769894731407302, 7.748709770960538e-05, 0.9999996124425318, 0.03498339469399637], [-0.0019181198842796998, -0.9999981575331726, 7.580481337421396e-05, 0.03361108684585358], [0.0, 0.0, 0.0, 1.0]]}, "Hobj2base": {"type": "ndarray", "data": [[0.999998145169573, -0.001863839049798459, 0.0004855526850932301, -0.7368858497538766], [-0.0018642125666980924, -0.999997965943825, 0.0007699478681698792, 0.09129736496360723], [0.0004841166385487883, -0.0007708516134644908, -0.9999995857093498, -0.004596344495424091], [0.0, 0.0, 0.0, 1.0]]}, "mean_rme": {"type": "float", "data": 0.001418625266929872}, "max_rme": {"type": "float", "data": 0.0038526289788743395}, "simu": {"type": "float", "data": 0.002}}, {"type": "dict", "image_number": {"type": "int", "data": 14}, "Hcamera2end": {"type": "ndarray", "data": [[0.9999977780458773, -0.001929140985309929, 0.000849893150367081, -0.014409013888579278], [-0.0008495781521205686, 0.000164097808460828, 0.9999996256443662, 0.034975054441464155], [-0.0019292797287285338, -0.9999981257417274, 0.00016245848780960248, 0.03349710509479389], [0.0, 0.0, 0.0, 1.0]]}, "Hobj2base": {"type": "ndarray", "data": [[0.9999981252292719, -0.0018264867363682886, 0.0006430273269582669, -0.7368155077419072], [-0.0018268821882513498, -0.9999981421763113, 0.000614935278112292, 0.09132114189795246], [0.0006419029611976694, -0.0006161088604198119, -0.999999604185152, -0.004492425437622909], [0.0, 0.0, 0.0, 1.0]]}, "mean_rme": {"type": "float", "data": 0.0013910105353554833}, "max_rme": {"type": "float", "data": 0.0037446318290594305}, "simu": {"type": "float", "data": 0.002}}, {"type": "dict", "image_number": {"type": "int", "data": 15}, "Hcamera2end": {"type": "ndarray", "data": [[0.9999980740456488, -0.0017349320000914245, 0.0009175597790918115, -0.014627727655577391], [-0.0009170539815363285, 0.0002923104366352458, 0.9999995367831945, 0.034921700599985415], [-0.001735199408741431, -0.9999984522815842, 0.00029071884736031617, 0.033491493226630975], [0.0, 0.0, 0.0, 1.0]]}, "Hobj2base": {"type": "ndarray", "data": [[0.9999984136485375, -0.0016866333148223716, 0.0005726853148285276, -0.7367199430098292], [-0.001686799177780503, -0.999998535516412, 0.0002892638318245502, 0.09119758481181361], [0.0005721965941247546, -0.0002902293780686273, -0.9999997941789613, -0.004289981637983179], [0.0, 0.0, 0.0, 1.0]]}, "mean_rme": {"type": "float", "data": 0.001419565342782646}, "max_rme": {"type": "float", "data": 0.003608386813781783}, "simu": {"type": "float", "data": 0.002}}, {"type": "dict", "image_number": {"type": "int", "data": 16}, "Hcamera2end": {"type": "ndarray", "data": [[0.9999981054750162, -0.0017322334206291055, 0.0008879266607505662, -0.014462293780034302], [-0.0008874678091971258, 0.00026564081052826705, 0.9999995709178318, 0.035013236406233994], [-0.0017324685469164848, -0.9999984643999893, 0.00026410300586632296, 0.033740618135750744], [0.0, 0.0, 0.0, 1.0]]}, "Hobj2base": {"type": "ndarray", "data": [[0.9999983952172332, -0.0016892679115213997, 0.0005966044597292263, -0.7369980752291059], [-0.0016894302614537096, -0.9999985359946078, 0.00027172418581313337, 0.09127749934167177], [0.0005961445713492016, -0.0002727316713832274, -0.9999997851145197, -0.0043413985454236505], [0.0, 0.0, 0.0, 1.0]]}, "mean_rme": {"type": "float", "data": 0.0013804348069410945}, "max_rme": {"type": "float", "data": 0.003571543421976575}, "simu": {"type": "float", "data": 0.002}}, {"type": "dict", "image_number": {"type": "int", "data": 17}, "Hcamera2end": {"type": "ndarray", "data": [[0.9999984168266293, -0.0014911084618929617, 0.0009710508688122372, -0.014984114610703654], [-0.000970164887210491, 0.0005947848954894752, 0.9999993525053, 0.03492671852919799], [-0.0014916850627976572, -0.999998711412411, 0.0005933373327691172, 0.03298675616389372], [0.0, 0.0, 0.0, 1.0]]}, "Hobj2base": {"type": "ndarray", "data": [[0.9999988374658358, -0.0015061426315369011, 0.0002379103827111197, -0.7363296850648037], [-0.001506209875821076, -0.999998825700031, 0.0002827195947271295, 0.09094774295080303], [0.00023748428729857525, -0.0002830776090239416, -0.9999999317341379, -0.0042152969690528105], [0.0, 0.0, 0.0, 1.0]]}, "mean_rme": {"type": "float", "data": 0.0014153485126839054}, "max_rme": {"type": "float", "data": 0.0035460722906301423}, "simu": {"type": "float", "data": 0.002}}, {"type": "dict", "image_number": {"type": "int", "data": 18}, "Hcamera2end": {"type": "ndarray", "data": [[0.9999984163540715, -0.0015696650872517395, 0.0008387138146159701, -0.014823230900916886], [-0.0008378710656245234, 0.0005374779270799213, 0.999999504544655, 0.035151855762452694], [-0.001570115099715275, -0.9999986236335487, 0.0005361618989458972, 0.03270068991585467], [0.0, 0.0, 0.0, 1.0]]}, "Hobj2base": {"type": "ndarray", "data": [[0.9999987132390449, -0.0015910274589529783, 0.00020530922867459717, -0.7359953179676966], [-0.0015910602653026811, -0.9999987215066546, 0.0001597256670180725, 0.09083515155442415], [0.00020505483826598918, -0.00016005212084516476, -0.9999999661679153, -0.004127533495717712], [0.0, 0.0, 0.0, 1.0]]}, "mean_rme": {"type": "float", "data": 0.0015425509501916308}, "max_rme": {"type": "float", "data": 0.005622862452964061}, "simu": {"type": "float", "data": 0.002}}, {"type": "dict", "image_number": {"type": "int", "data": 19}, "Hcamera2end": {"type": "ndarray", "data": [[0.999998230513086, -0.0016716628327181917, 0.0008628522878559318, -0.015047094879559037], [-0.0008618873004662703, 0.0005778963934793824, 0.9999994615928748, 0.03510243854292145], [-0.0016721605719082692, -0.9999984357883426, 0.0005764545859330283, 0.03265628052531215], [0.0, 0.0, 0.0, 1.0]]}, "Hobj2base": {"type": "ndarray", "data": [[0.9999985498318892, -0.0016981456069238823, 0.00012897913129614636, -0.7358510530763214], [-0.0016981688726156517, -0.9999985418221136, 0.00018048857641809454, 0.09071423169422703], [0.00012867244733848497, -0.00018070734302530077, -0.9999999753941282, -0.00412264537576159], [0.0, 0.0, 0.0, 1.0]]}, "mean_rme": {"type": "float", "data": 0.001528654972171608}, "max_rme": {"type": "float", "data": 0.005680327545653507}, "simu": {"type": "float", "data": 0.002}}, {"type": "dict", "image_number": {"type": "int", "data": 20}, "Hcamera2end": {"type": "ndarray", "data": [[0.9999974901106429, -0.0020315457759563843, 0.000944772022659372, -0.015375280828648311], [-0.0009436667066145424, 0.0005449661045329179, 0.9999994062523697, 0.03511220892985811], [-0.0020320594384597547, -0.9999977879144061, 0.0005430476346165447, 0.032593872188445075], [0.0, 0.0, 0.0, 1.0]]}, "Hobj2base": {"type": "ndarray", "data": [[0.9999979096658544, -0.002038335300142965, 0.00016078907264561527, -0.7355565244862058], [-0.0020383787873509166, -0.9999978858475327, 0.0002707625963516126, 0.09059001292612331], [0.00016023682775489882, -0.0002710897794022307, -0.9999999504172437, -0.004059413652091745], [0.0, 0.0, 0.0, 1.0]]}, "mean_rme": {"type": "float", "data": 0.0015550999756131167}, "max_rme": {"type": "float", "data": 0.00561847986665287}, "simu": {"type": "float", "data": 0.002}}, {"type": "dict", "image_number": {"type": "int", "data": 21}, "Hcamera2end": {"type": "ndarray", "data": [[0.999997823354877, -0.001929822773993367, 0.0007931390604447318, -0.01540519898658393], [-0.0007921535054718175, 0.0005114079152505058, 0.9999995554772849, 0.034399887242018964], [-0.0019302275337367142, -0.9999980071210166, 0.0005098780862216046, 0.03252305284356481], [0.0, 0.0, 0.0, 1.0]]}, "Hobj2base": {"type": "ndarray", "data": [[0.9999980641822118, -0.001964099300909429, 0.00011809218884006115, -0.7356012441635459], [-0.001964131633335581, -0.9999980334712957, 0.00027429996149803677, 0.09043495783840505], [0.00011755320424576423, -0.0002745313791070426, -0.9999999554068824, -0.0033924553503739234], [0.0, 0.0, 0.0, 1.0]]}, "mean_rme": {"type": "float", "data": 0.0015610992127477934}, "max_rme": {"type": "float", "data": 0.005647044084536645}, "simu": {"type": "float", "data": 0.002}}, {"type": "dict", "image_number": {"type": "int", "data": 22}, "Hcamera2end": {"type": "ndarray", "data": [[0.9999972997524553, -0.0021657821275158705, 0.0008425411408669152, -0.01562149024825727], [-0.000841395658773184, 0.0005297567064740383, 0.9999995057054663, 0.034425926958281595], [-0.0021662273988014586, -0.9999975143697146, 0.0005279329963198132, 0.03247708260812669], [0.0, 0.0, 0.0, 1.0]]}, "Hobj2base": {"type": "ndarray", "data": [[0.999997589984347, -0.002190326087633938, 0.0001499904258500194, -0.7356519150836422], [-0.0021903762060707234, -0.9999975450777687, 0.00033479920976973917, 0.09030397589216806], [0.00014925673819191068, -0.0003351269383583233, -0.9999999327061779, -0.003368980262405538], [0.0, 0.0, 0.0, 1.0]]}, "mean_rme": {"type": "float", "data": 0.0015408808123023596}, "max_rme": {"type": "float", "data": 0.005616286176261753}, "simu": {"type": "float", "data": 0.002}}, {"type": "dict", "image_number": {"type": "int", "data": 23}, "Hcamera2end": {"type": "ndarray", "data": [[0.9999976254734219, -0.002048467505848286, 0.0007435243072297213, -0.015686257653314932], [-0.0007425818360062169, 0.0004608081697929922, 0.999999618113951, 0.03452817005897428], [-0.002048809345642334, -0.9999977957159247, 0.00045928592083022135, 0.032650214325307604], [0.0, 0.0, 0.0, 1.0]]}, "Hobj2base": {"type": "ndarray", "data": [[0.9999978275431545, -0.002073333942021858, 0.00021493100393216773, -0.7357861557610592], [-0.0020733908073885714, -0.9999978154923217, 0.00026469065669605256, 0.09013157491381814], [0.0002143817422910754, -0.0002651357176347992, -0.9999999418717578, -0.0033689038150102844], [0.0, 0.0, 0.0, 1.0]]}, "mean_rme": {"type": "float", "data": 0.0015267884817528796}, "max_rme": {"type": "float", "data": 0.005475571731924034}, "simu": {"type": "float", "data": 0.002}}, {"type": "dict", "image_number": {"type": "int", "data": 24}, "Hcamera2end": {"type": "ndarray", "data": [[0.9999980510626584, -0.0018104680795201404, 0.000787449184291443, -0.01581044407864983], [-0.0007866855498403824, 0.00042246186215988413, 0.999999601325831, 0.034495911230621235], [-0.0018108000249820353, -0.9999982718641609, 0.00042103676973159754, 0.03261248493393622], [0.0, 0.0, 0.0, 1.0]]}, "Hobj2base": {"type": "ndarray", "data": [[0.9999982692429794, -0.0018451305173641385, 0.00023875598333560692, -0.735684960526232], [-0.0018452076047052466, -0.9999982454208474, 0.00032305436519078844, 0.09004669299666267], [0.0002381594869513547, -0.00032349436041829755, -0.9999999193157258, -0.003359360427023908], [0.0, 0.0, 0.0, 1.0]]}, "mean_rme": {"type": "float", "data": 0.0015120677292468924}, "max_rme": {"type": "float", "data": 0.005499849413220015}, "simu": {"type": "float", "data": 0.002}}, {"type": "dict", "image_number": {"type": "int", "data": 25}, "Hcamera2end": {"type": "ndarray", "data": [[0.99999804295796, -0.0018490109167482384, 0.0007037321079346227, -0.01578500873915752], [-0.0007031258375260646, 0.00032851862433780354, 0.9999996988447396, 0.03434707456554776], [-0.0018492415490128755, -0.9999982366155168, 0.0003272178940636472, 0.032789388666871505], [0.0, 0.0, 0.0, 1.0]]}, "Hobj2base": {"type": "ndarray", "data": [[0.999998225379569, -0.0018642275217929658, 0.00027183351500863185, -0.7358036384615165], [-0.0018642835255337955, -0.9999982410215162, 0.00020591456978342063, 0.09012245747505254], [0.00027144916525119933, -0.00020642097910693658, -0.9999999418528636, -0.0033396902518834136], [0.0, 0.0, 0.0, 1.0]]}, "mean_rme": {"type": "float", "data": 0.0015065223135796932}, "max_rme": {"type": "float", "data": 0.005576126341285903}, "simu": {"type": "float", "data": 0.002}}, {"type": "dict", "image_number": {"type": "int", "data": 26}, "Hcamera2end": {"type": "ndarray", "data": [[0.9999981615431921, -0.0017867198998983425, 0.000696090680213228, -0.015720200817871066], [-0.0006956758898125307, 0.00023276288154194802, 0.9999997309282127, 0.034456902983465876], [-0.0017868814432149662, -0.9999983767254028, 0.00023151947566124598, 0.03295910374571063], [0.0, 0.0, 0.0, 1.0]]}, "Hobj2base": {"type": "ndarray", "data": [[0.9999982879222009, -0.0018239778076778034, 0.0003118615462788572, -0.7359652168140232], [-0.0018240592565073046, -0.9999983023197365, 0.0002610851842435691, 0.09008223159094865], [0.0003113848032556914, -0.0002616535911856601, -0.9999999172884477, -0.0033993344916701806], [0.0, 0.0, 0.0, 1.0]]}, "mean_rme": {"type": "float", "data": 0.0015117357583735182}, "max_rme": {"type": "float", "data": 0.005510659967788101}, "simu": {"type": "float", "data": 0.002}}, {"type": "dict", "image_number": {"type": "int", "data": 27}, "Hcamera2end": {"type": "ndarray", "data": [[0.9999981153331636, -0.001826259220913813, 0.0006588682560627966, -0.015604248756127254], [-0.0006585372143806198, 0.00018186303441014573, 0.9999997666272599, 0.03450806917710808], [-0.0018263786184950185, -0.9999983158501292, 0.00018066003199890268, 0.033125546490749266], [0.0, 0.0, 0.0, 1.0]]}, "Hobj2base": {"type": "ndarray", "data": [[0.9999982152301748, -0.001857260727652576, 0.0003465819593260707, -0.7361397177044127], [-0.0018573547493281044, -0.9999982383517114, 0.00027115827142734725, 0.09008716131969502], [0.0003460777371620552, -0.0002718015131204322, -0.9999999031770637, -0.0035309268263021584], [0.0, 0.0, 0.0, 1.0]]}, "mean_rme": {"type": "float", "data": 0.0015327455182272904}, "max_rme": {"type": "float", "data": 0.005578547115703936}, "simu": {"type": "float", "data": 0.002}}, {"type": "dict", "image_number": {"type": "int", "data": 28}, "Hcamera2end": {"type": "ndarray", "data": [[0.9999981260894136, -0.0019031380846692154, 0.00035480007325875817, -0.014981436478006432], [-0.0003543030124706435, 0.00026151035659283117, 0.9999999030408495, 0.03441617890795181], [-0.0019032306840362405, -0.9999981548371795, 0.00026083557898926024, 0.03336188769457859], [0.0, 0.0, 0.0, 1.0]]}, "Hobj2base": {"type": "ndarray", "data": [[0.9999981445036656, -0.0019192084723191603, 0.00016621692343859218, -0.7362220720504518], [-0.0019192128717027274, -0.9999981579631121, 2.631226610111445e-05, 0.09063971584536393], [0.00016616611853686067, -2.6631222937759324e-05, -0.999999985839799, -0.0034149367597831764], [0.0, 0.0, 0.0, 1.0]]}, "mean_rme": {"type": "float", "data": 0.0015721413109964686}, "max_rme": {"type": "float", "data": 0.005515510278063185}, "simu": {"type": "float", "data": 0.002}}, {"type": "dict", "image_number": {"type": "int", "data": 29}, "Hcamera2end": {"type": "ndarray", "data": [[0.999998038041946, -0.0019603339789548814, 0.00028461017168171347, -0.014847015600146733], [-0.0002841900179081138, 0.00021460286875218948, 0.9999999365908194, 0.03451892594626775], [-0.001960394932811029, -0.9999980555162595, 0.00021404534036173484, 0.033406718388441704], [0.0, 0.0, 0.0, 1.0]]}, "Hobj2base": {"type": "ndarray", "data": [[0.9999980131065395, -0.001986963821782024, 0.0001604921934757934, -0.7360966481565229], [-0.0019869659544302556, -0.9999980258950034, 1.3129821046319172e-05, 0.0905777822015249], [0.00016046578816794683, -1.3448687483151832e-05, -0.9999999870349319, -0.00353347699688355], [0.0, 0.0, 0.0, 1.0]]}, "mean_rme": {"type": "float", "data": 0.0016213255883187362}, "max_rme": {"type": "float", "data": 0.0055138176637657965}, "simu": {"type": "float", "data": 0.002}}, {"type": "dict", "image_number": {"type": "int", "data": 30}, "Hcamera2end": {"type": "ndarray", "data": [[0.9999976000895798, -0.002175240600058488, 0.0002610429325921801, -0.014980493455735044], [-0.00026057398968941457, 0.00021586270174600575, 0.9999999427522432, 0.03447424573487453], [-0.0021752968249635443, -0.9999976108629589, 0.00021529537257325426, 0.033512211949984966], [0.0, 0.0, 0.0, 1.0]]}, "Hobj2base": {"type": "ndarray", "data": [[0.9999975656435998, -0.002200407274102742, 0.00016405700965320665, -0.7362462508171829], [-0.002200406044838254, -0.9999975790742508, -7.673030248419464e-06, 0.09056345474894228], [0.0001640734962749407, 7.312019533790167e-06, -0.9999999865132112, -0.003468695273721926], [0.0, 0.0, 0.0, 1.0]]}, "mean_rme": {"type": "float", "data": 0.0016113828508220326}, "max_rme": {"type": "float", "data": 0.0054875322991287945}, "simu": {"type": "float", "data": 0.002}}]}