{"type": "list", "data": [{"type": "dict", "image_number": {"type": "int", "data": 5}, "Hcamera2end": {"type": "ndarray", "data": [[0.9999597176875058, 0.008494957591978929, 0.0028980506955669266, -0.011857754446297691], [-0.002878995640202318, -0.002254473008654445, 0.9999933143454296, 0.03056017902178534], [0.008501434374697745, -0.9999613757775667, -0.00222992524739718, 0.03572197351773378], [0.0, 0.0, 0.0, 1.0]]}, "Hobj2base": {"type": "ndarray", "data": [[0.9999644400797401, 0.008431311086910896, 0.0001776777074839339, -0.737652639995776], [0.008430218848448568, -0.9999496413010747, 0.005444839026100707, 0.09049642433966752], [0.0002235758915129649, -0.00544314754610053, -0.9999851609692081, -0.00787418778628073], [0.0, 0.0, 0.0, 1.0]]}, "mean_rme": {"type": "float", "data": 0.002317144222429872}, "max_rme": {"type": "float", "data": 0.005708993631068998}, "simu": {"type": "float", "data": 0.002}}, {"type": "dict", "image_number": {"type": "int", "data": 6}, "Hcamera2end": {"type": "ndarray", "data": [[0.9999645306895573, 0.008248016893489482, 0.0017051627893262577, -0.012338157477675188], [-0.0016967814323780275, -0.0010230572671081628, 0.9999980371413728, 0.029817363522701586], [0.008249745182981591, -0.9999654611891116, -0.0010090258980535172, 0.03326026179486318], [0.0, 0.0, 0.0, 1.0]]}, "Hobj2base": {"type": "ndarray", "data": [[0.9999690143442255, 0.007796658994397213, -0.0010874097494460858, -0.7358565136156554], [0.0078013688524685475, -0.9999599041370526, 0.004396448822005389, 0.08912319718704947], [-0.0010530885365623089, -0.004404795879704759, -0.9999897443363068, -0.006763088957386569], [0.0, 0.0, 0.0, 1.0]]}, "mean_rme": {"type": "float", "data": 0.002096969521562357}, "max_rme": {"type": "float", "data": 0.005508179970174443}, "simu": {"type": "float", "data": 0.002}}, {"type": "dict", "image_number": {"type": "int", "data": 7}, "Hcamera2end": {"type": "ndarray", "data": [[0.9999662872698792, 0.008020254887751254, 0.0017606348937046989, -0.012402043439898607], [-0.0017525397371933953, -0.0010162552871575414, 0.9999979479127249, 0.02963763117365762], [0.008022027684007737, -0.9999673208343994, -0.001002165211024142, 0.0335328550929375], [0.0, 0.0, 0.0, 1.0]]}, "Hobj2base": {"type": "ndarray", "data": [[0.9999703194591022, 0.007633983934069721, -0.001040427871335386, -0.7357965921595426], [0.007638473963712235, -0.9999612244159384, 0.004382166140498454, 0.08910300498436542], [-0.0010069341422240116, -0.004389983356643415, -0.9999898570134407, -0.006354350474395872], [0.0, 0.0, 0.0, 1.0]]}, "mean_rme": {"type": "float", "data": 0.001921578128330806}, "max_rme": {"type": "float", "data": 0.005769318336102142}, "simu": {"type": "float", "data": 0.002}}, {"type": "dict", "image_number": {"type": "int", "data": 8}, "Hcamera2end": {"type": "ndarray", "data": [[0.999989241506035, 0.004333564801707661, 0.0016544147890561567, -0.01243322530823825], [-0.0016557546653782386, 0.0003056162832555387, 0.9999985825365835, 0.026769342774364536], [0.004333053042939294, -0.9999905633628737, 0.00031278831542280727, 0.03358622656921456], [0.0, 0.0, 0.0, 1.0]]}, "Hobj2base": {"type": "ndarray", "data": [[0.9999925862949034, 0.003848811264058132, -0.00011835152629789095, -0.7355272376866623], [0.003849261417293192, -0.9999842964559267, 0.0040730858187185024, 0.09140123873025668], [-0.00010267312918092237, -0.0040735111880252665, -0.9999916979479526, -0.004044776519622123], [0.0, 0.0, 0.0, 1.0]]}, "mean_rme": {"type": "float", "data": 0.0015817773909511334}, "max_rme": {"type": "float", "data": 0.005517201612937034}, "simu": {"type": "float", "data": 0.002}}, {"type": "dict", "image_number": {"type": "int", "data": 9}, "Hcamera2end": {"type": "ndarray", "data": [[0.9999882714387522, 0.004377515086017872, 0.0020722805331703353, -0.012456945724350164], [-0.002073732364557466, 0.00032714362830399413, 0.9999977963031351, 0.027096677021248183], [0.004376827505929116, -0.9999903651229435, 0.0003362175860901484, 0.03354341902784035], [0.0, 0.0, 0.0, 1.0]]}, "Hobj2base": {"type": "ndarray", "data": [[0.9999923157430307, 0.0039110122727189015, -0.0002691428865216976, -0.7356501327191424], [0.003912216400422778, -0.9999816326426916, 0.0046291403190672755, 0.09187843839779498], [-0.00025103331847812376, -0.004630157692778224, -0.9999892492532174, -0.004222864693629924], [0.0, 0.0, 0.0, 1.0]]}, "mean_rme": {"type": "float", "data": 0.0016469179284598807}, "max_rme": {"type": "float", "data": 0.005378617161814536}, "simu": {"type": "float", "data": 0.002}}, {"type": "dict", "image_number": {"type": "int", "data": 10}, "Hcamera2end": {"type": "ndarray", "data": [[0.9999878194917311, 0.004511612080197249, 0.0020015555477765753, -0.012359434071389737], [-0.0020031903701338265, 0.00035786909835389125, 0.9999979295768815, 0.02709917300935373], [0.004510886444372108, -0.9999897585906299, 0.00036690235719927244, 0.033510033663839055], [0.0, 0.0, 0.0, 1.0]]}, "Hobj2base": {"type": "ndarray", "data": [[0.9999917778097615, 0.004044868955600167, -0.0002887005450712923, -0.7357801929534864], [0.00404616792786219, -0.9999810013258528, 0.004650323907444318, 0.09188411440741281], [-0.0002698851093370037, -0.004651453802482704, -0.9999891455108656, -0.004209000757583942], [0.0, 0.0, 0.0, 1.0]]}, "mean_rme": {"type": "float", "data": 0.0015419208218802446}, "max_rme": {"type": "float", "data": 0.005271497659112778}, "simu": {"type": "float", "data": 0.002}}, {"type": "dict", "image_number": {"type": "int", "data": 11}, "Hcamera2end": {"type": "ndarray", "data": [[0.999990434728283, 0.004300171141704966, 0.0007993623030707563, -0.013573791525504194], [-0.0008008937934490356, 0.00035443616989527804, 0.9999996164719929, 0.02683153228515956], [0.004299886169555839, -0.9999906914082517, 0.0003578767599952126, 0.03358948355493435], [0.0, 0.0, 0.0, 1.0]]}, "Hobj2base": {"type": "ndarray", "data": [[0.9999914960957722, 0.004122945606710987, -9.5161248613822e-05, -0.7355017927983543], [0.004123248064023625, -0.9999856045136246, 0.0034335973735454815, 0.09010677176481266], [-8.100334351489038e-05, -0.003433960547996377, -0.9999941006593056, -0.003647300811487014], [0.0, 0.0, 0.0, 1.0]]}, "mean_rme": {"type": "float", "data": 0.0015906459027817356}, "max_rme": {"type": "float", "data": 0.005547297676597229}, "simu": {"type": "float", "data": 0.002}}, {"type": "dict", "image_number": {"type": "int", "data": 12}, "Hcamera2end": {"type": "ndarray", "data": [[0.9999908050712125, 0.004181177409589206, 0.0009526429015124219, -0.0136782591823235], [-0.0009547409575687599, 0.0004998186520434045, 0.9999994193253409, 0.02692774153860533], [0.004180698832994527, -0.9999911339290887, 0.0005038059975702724, 0.03354551728792541], [0.0, 0.0, 0.0, 1.0]]}, "Hobj2base": {"type": "ndarray", "data": [[0.9999919274362267, 0.004013082057788552, -0.00020058608562245408, -0.7354519095189201], [0.004013770966350304, -0.9999856045295261, 0.0035609516069295974, 0.09018025889544908], [-0.00018629280708895864, -0.0035617279675273818, -0.9999936396742102, -0.003576464126145073], [0.0, 0.0, 0.0, 1.0]]}, "mean_rme": {"type": "float", "data": 0.0015465626058569885}, "max_rme": {"type": "float", "data": 0.005581649522511528}, "simu": {"type": "float", "data": 0.002}}, {"type": "dict", "image_number": {"type": "int", "data": 13}, "Hcamera2end": {"type": "ndarray", "data": [[0.9999908336405292, 0.004215389797040982, 0.0007504157370844279, -0.013801270728297536], [-0.0007530624050277246, 0.0006263062706318712, 0.9999995203186197, 0.02701871907380655], [0.0042149177849152685, -0.9999909190734256, 0.0006294749812622014, 0.033152561970851605], [0.0, 0.0, 0.0, 1.0]]}, "Hobj2base": {"type": "ndarray", "data": [[0.9999916018520977, 0.004087617477161228, -0.000295987560882426, -0.7350824486297504], [0.004088584655762517, -0.9999860495249233, 0.0033442833388929983, 0.09001755552470891], [-0.0002823132806906967, -0.0033454654233066113, -0.999994364064275, -0.003696293440874858], [0.0, 0.0, 0.0, 1.0]]}, "mean_rme": {"type": "float", "data": 0.001534472373520723}, "max_rme": {"type": "float", "data": 0.005624644754108954}, "simu": {"type": "float", "data": 0.002}}, {"type": "dict", "image_number": {"type": "int", "data": 14}, "Hcamera2end": {"type": "ndarray", "data": [[0.9999908928814051, 0.004179623545629728, 0.0008630766287828137, -0.01434088726984203], [-0.0008677673441489133, 0.0011205983774790207, 0.9999989956190521, 0.026915466709131388], [0.0041786521854256155, -0.999990637459318, 0.0011242151128804112, 0.032408450827428596], [0.0, 0.0, 0.0, 1.0]]}, "Hobj2base": {"type": "ndarray", "data": [[0.999992049167188, 0.003917308865162824, -0.0007458509658394394, -0.734528278384195], [0.003919800786753879, -0.9999866409864688, 0.0033694228573561283, 0.08961175450021816], [-0.0007326419319766909, -0.003372319654841015, -0.9999940453302436, -0.0034505888764303732], [0.0, 0.0, 0.0, 1.0]]}, "mean_rme": {"type": "float", "data": 0.0014925560378586714}, "max_rme": {"type": "float", "data": 0.005645660036709355}, "simu": {"type": "float", "data": 0.002}}, {"type": "dict", "image_number": {"type": "int", "data": 15}, "Hcamera2end": {"type": "ndarray", "data": [[0.9999900253127465, 0.004385788354956843, 0.0008450653928697937, -0.014369183751622022], [-0.0008500247225313594, 0.0011290318720383885, 0.999999001372003, 0.026611396005389826], [0.004384829869423296, -0.9999897450211865, 0.0011327486388280628, 0.031970644012091376], [0.0, 0.0, 0.0, 1.0]]}, "Hobj2base": {"type": "ndarray", "data": [[0.9999912441436324, 0.004101097960713107, -0.0008322449079632937, -0.7343827515307294], [0.004103871397546212, -0.999985938956657, 0.0033585902587492025, 0.08920949542532315], [-0.0008184592980705434, -0.0033619762774888436, -0.9999940136020253, -0.003184111704687542], [0.0, 0.0, 0.0, 1.0]]}, "mean_rme": {"type": "float", "data": 0.0015917285492852045}, "max_rme": {"type": "float", "data": 0.005489250603859908}, "simu": {"type": "float", "data": 0.002}}, {"type": "dict", "image_number": {"type": "int", "data": 16}, "Hcamera2end": {"type": "ndarray", "data": [[0.9999900178622808, 0.004447996250963797, 0.0004236804770982668, -0.01386155781516471], [-0.00042814087020953337, 0.0010018827734447067, 0.9999994064629756, 0.026718344598063652], [0.004447569132741889, -0.9999896057261093, 0.001003777141498463, 0.0321656564140614], [0.0, 0.0, 0.0, 1.0]]}, "Hobj2base": {"type": "ndarray", "data": [[0.9999905752684218, 0.004280036616941192, -0.000728464747597253, -0.7345466269543466], [0.004282184295928413, -0.9999864130219807, 0.0029726535432810417, 0.0894569907231259], [-0.0007157317839480168, -0.00297574494712162, -0.9999953163240431, -0.003351203273633807], [0.0, 0.0, 0.0, 1.0]]}, "mean_rme": {"type": "float", "data": 0.0015855187497234786}, "max_rme": {"type": "float", "data": 0.005578566652184591}, "simu": {"type": "float", "data": 0.002}}, {"type": "dict", "image_number": {"type": "int", "data": 17}, "Hcamera2end": {"type": "ndarray", "data": [[0.9999906207536897, 0.004299631008662851, 0.0005211313075752946, -0.014011789737727636], [-0.0005252789691006195, 0.0009635823687781375, 0.9999993977953302, 0.026690896153935953], [0.004299126266465182, -0.9999902922939842, 0.0009658318368455099, 0.03229572290591077], [0.0, 0.0, 0.0, 1.0]]}, "Hobj2base": {"type": "ndarray", "data": [[0.9999910055403528, 0.004186365785386996, -0.0006805732180398479, -0.7345155874538143], [0.004188430472458336, -0.9999865430546482, 0.003061169677037045, 0.08941502919045734], [-0.0006677488836040328, -0.003063992677075088, -0.9999950830180633, -0.003206912844603276], [0.0, 0.0, 0.0, 1.0]]}, "mean_rme": {"type": "float", "data": 0.0015586600981108163}, "max_rme": {"type": "float", "data": 0.005585940929535127}, "simu": {"type": "float", "data": 0.002}}, {"type": "dict", "image_number": {"type": "int", "data": 18}, "Hcamera2end": {"type": "ndarray", "data": [[0.9999897257238417, 0.004514754585979775, 0.0004067404384200386, -0.014109334583716465], [-0.0004113570002652186, 0.0010216684106130192, 0.9999993934893546, 0.026621703196704538], [0.004514336293875805, -0.9999892865349543, 0.0010235150896129586, 0.0321398026425345], [0.0, 0.0, 0.0, 1.0]]}, "Hobj2base": {"type": "ndarray", "data": [[0.9999902088709439, 0.004338356327179925, -0.0008722537614188991, -0.7345966036357434], [0.004340993275539901, -0.9999859438259393, 0.0030443271714128053, 0.08921406229421311], [-0.0008590341248220992, -0.0030480838117254647, -0.9999949856101522, -0.0031073577216715487], [0.0, 0.0, 0.0, 1.0]]}, "mean_rme": {"type": "float", "data": 0.0015588932972121587}, "max_rme": {"type": "float", "data": 0.00552032662037516}, "simu": {"type": "float", "data": 0.002}}, {"type": "dict", "image_number": {"type": "int", "data": 19}, "Hcamera2end": {"type": "ndarray", "data": [[0.9999977705476755, 0.0020687771540816536, 0.0004231557223977224, -0.013947658893906895], [-0.0004258937289873822, 0.0013232289958919896, 0.9999990338393114, 0.02513502482403463], [0.0020682152233888395, -0.9999969846085095, 0.0013241071250326142, 0.03229355438467351], [0.0, 0.0, 0.0, 1.0]]}, "Hobj2base": {"type": "ndarray", "data": [[0.999997904457218, 0.002040970060311303, 0.0001597572705947693, -0.7345466360168204], [0.0020404732523905986, -0.9999932654509203, 0.003050495322339308, 0.09056924264198048], [0.00016598216432360383, -0.0030501629494583305, -0.999995334467068, -0.0021309961195033916], [0.0, 0.0, 0.0, 1.0]]}, "mean_rme": {"type": "float", "data": 0.0014619321171807612}, "max_rme": {"type": "float", "data": 0.005612475374821457}, "simu": {"type": "float", "data": 0.002}}, {"type": "dict", "image_number": {"type": "int", "data": 20}, "Hcamera2end": {"type": "ndarray", "data": [[0.9999978609918609, 0.002023282014605072, 0.0004293501975981376, -0.014044072807777907], [-0.00043202964496843045, 0.00132405648726297, 0.9999990301119314, 0.025082480907697435], [0.0020227115683335503, -0.9999970765978804, 0.0013249277729058262, 0.03230865918530933], [0.0, 0.0, 0.0, 1.0]]}, "Hobj2base": {"type": "ndarray", "data": [[0.9999979300801916, 0.0020288475140824, 0.00015366553565214483, -0.7345142763136913], [0.0020283703486425296, -0.9999933092408209, 0.0030442055319749774, 0.09047704108648785], [0.00015984073633895497, -0.003043887540097521, -0.9999953545890012, -0.002095089340542075], [0.0, 0.0, 0.0, 1.0]]}, "mean_rme": {"type": "float", "data": 0.0014285532581890012}, "max_rme": {"type": "float", "data": 0.0055677319103434875}, "simu": {"type": "float", "data": 0.002}}, {"type": "dict", "image_number": {"type": "int", "data": 21}, "Hcamera2end": {"type": "ndarray", "data": [[0.9999984302408299, 0.0017605619484410365, 0.00019984369331958306, -0.013901895156889565], [-0.00020201681094194864, 0.0012342404653222783, 0.9999992179195352, 0.024946682686967717], [0.001760313916366895, -0.9999976885333783, 0.0012345941909722713, 0.03237454317994363], [0.0, 0.0, 0.0, 1.0]]}, "Hobj2base": {"type": "ndarray", "data": [[0.9999983139933035, 0.0018255069043720963, 0.00019883433403984497, -0.734356237361345], [0.0018249337211788598, -0.9999942857063524, 0.002845728651118324, 0.09049489914513734], [0.000204028095142659, -0.0028453609937196447, -0.9999959311383981, -0.002144892516127708], [0.0, 0.0, 0.0, 1.0]]}, "mean_rme": {"type": "float", "data": 0.001446169222363994}, "max_rme": {"type": "float", "data": 0.00547919972401445}, "simu": {"type": "float", "data": 0.002}}, {"type": "dict", "image_number": {"type": "int", "data": 22}, "Hcamera2end": {"type": "ndarray", "data": [[0.9999993802109742, 0.0011133606193851377, 2.408015250151261e-06, -0.014033829333409159], [-4.054177208667742e-06, 0.0014785524557302532, 0.9999989069325022, 0.024419730990571473], [0.00111335584202997, -0.9999982871539164, 0.0014785560531009878, 0.03245174820239314], [0.0, 0.0, 0.0, 1.0]]}, "Hobj2base": {"type": "ndarray", "data": [[0.999999316392499, 0.0011113181409047473, 0.00036357464780218345, -0.7343706986518133], [0.0011103151322563642, -0.9999956094614753, 0.0027474093396322257, 0.09077394420168694], [0.0003666262973533101, -0.0027470037790494326, -0.9999961597703242, -0.0016092318729495222], [0.0, 0.0, 0.0, 1.0]]}, "mean_rme": {"type": "float", "data": 0.0014354847808212663}, "max_rme": {"type": "float", "data": 0.0055987597646020015}, "simu": {"type": "float", "data": 0.002}}, {"type": "dict", "image_number": {"type": "int", "data": 23}, "Hcamera2end": {"type": "ndarray", "data": [[0.9999993016313864, 0.0011168879299057915, -0.00038639111202511003, -0.014086995454925498], [0.0003848220049782116, 0.0014047657751771192, 0.9999989392720082, 0.024428797680800505], [0.001117429534201506, -0.9999983895959378, 0.0014043349910802805, 0.03256392706983717], [0.0, 0.0, 0.0, 1.0]]}, "Hobj2base": {"type": "ndarray", "data": [[0.9999992199124205, 0.001160549500087205, 0.0004618434890953492, -0.7343912108340287], [0.001159457267122806, -0.9999965472136891, 0.002358223811531139, 0.09052780310254313], [0.00046457872991403866, -0.002357686484120329, -0.9999971127363547, -0.0015713986185460155], [0.0, 0.0, 0.0, 1.0]]}, "mean_rme": {"type": "float", "data": 0.0014177335993219434}, "max_rme": {"type": "float", "data": 0.005604976362664937}, "simu": {"type": "float", "data": 0.002}}, {"type": "dict", "image_number": {"type": "int", "data": 24}, "Hcamera2end": {"type": "ndarray", "data": [[0.9999995542979074, 0.0007860478026082893, -0.0005230036695931575, -0.014341744777063986], [0.0005219752848586309, 0.0013079341726695004, 0.9999990084245093, 0.02435123624481341], [0.0007867310775544462, -0.9999988357178481, 0.0013075232921948565, 0.03255440700366387], [0.0, 0.0, 0.0, 1.0]]}, "Hobj2base": {"type": "ndarray", "data": [[0.9999994217787702, 0.0008862290875896732, 0.000609130634246667, -0.7341519508783501], [0.0008848454451393774, -0.9999970365352733, 0.0022680320121898968, 0.09030588452841248], [0.0006111388250503061, -0.00226749171429843, -0.9999972424915287, -0.0015881535504426423], [0.0, 0.0, 0.0, 1.0]]}, "mean_rme": {"type": "float", "data": 0.0014594546458498493}, "max_rme": {"type": "float", "data": 0.005595045283499356}, "simu": {"type": "float", "data": 0.002}}, {"type": "dict", "image_number": {"type": "int", "data": 25}, "Hcamera2end": {"type": "ndarray", "data": [[0.9999995930853852, 0.0006999827716700296, -0.0005690809988960048, -0.014422887433645133], [0.0005681978752077859, 0.0012611888160839468, 0.9999990432765148, 0.02427603235150862], [0.0007006998205713261, -0.9999989597129036, 0.0012607905741641723, 0.032603232620855835], [0.0, 0.0, 0.0, 1.0]]}, "Hobj2base": {"type": "ndarray", "data": [[0.9999994416821069, 0.0008376772155091829, 0.0006441524331162688, -0.7341328630480972], [0.0008362249497009504, -0.9999971157078416, 0.002251511454741211, 0.09020212663830648], [0.000646036615038552, -0.0022509715413460973, -0.9999972578781462, -0.001561696081241244], [0.0, 0.0, 0.0, 1.0]]}, "mean_rme": {"type": "float", "data": 0.001449832518790994}, "max_rme": {"type": "float", "data": 0.00553913308446724}, "simu": {"type": "float", "data": 0.002}}, {"type": "dict", "image_number": {"type": "int", "data": 26}, "Hcamera2end": {"type": "ndarray", "data": [[0.999999636471008, 0.0006834365916243257, -0.0005098747661185449, -0.014477949723119176], [0.0005089940814018286, 0.0012881672956424062, 0.9999990407745616, 0.02421448209822783], [0.0006840927400531488, -0.9999989367691564, 0.0012878189621761127, 0.0327852536639214], [0.0, 0.0, 0.0, 1.0]]}, "Hobj2base": {"type": "ndarray", "data": [[0.9999994608699911, 0.0008193692116847948, 0.0006378822947992065, -0.7342149862750973], [0.000817899947131959, -0.9999970200302903, 0.0023002109068906134, 0.09016811784697525], [0.0006397651159267773, -0.0022996879428826937, -0.999997151063923, -0.0014024656357665571], [0.0, 0.0, 0.0, 1.0]]}, "mean_rme": {"type": "float", "data": 0.0014840786172289988}, "max_rme": {"type": "float", "data": 0.005488451887699586}, "simu": {"type": "float", "data": 0.002}}, {"type": "dict", "image_number": {"type": "int", "data": 27}, "Hcamera2end": {"type": "ndarray", "data": [[0.9999995435984593, 0.0006289792701806852, -0.0007191578065932403, -0.014427864829567007], [0.0007184386628771364, 0.001142830004888018, 0.9999990888923186, 0.024143624242657313], [0.0006298005722324648, -0.9999991491619667, 0.0011423776002728037, 0.032478360990849185], [0.0, 0.0, 0.0, 1.0]]}, "Hobj2base": {"type": "ndarray", "data": [[0.9999994483715207, 0.0007926536218110646, 0.0006891711618435013, -0.7339033143941336], [0.0007912484144608689, -0.9999976125423933, 0.002036869033639534, 0.09003764104882363], [0.0006907840480932377, -0.002036322604455466, -0.9999976881011523, -0.0012208995193183512], [0.0, 0.0, 0.0, 1.0]]}, "mean_rme": {"type": "float", "data": 0.0014647846204611926}, "max_rme": {"type": "float", "data": 0.005389426134233266}, "simu": {"type": "float", "data": 0.002}}, {"type": "dict", "image_number": {"type": "int", "data": 28}, "Hcamera2end": {"type": "ndarray", "data": [[0.9999994904503137, 0.0007103808676565764, -0.0007172573707367691, -0.014347659846620816], [0.0007164582774669007, 0.0011244964571357485, 0.9999991110972323, 0.02413134944444401], [0.000711186789569305, -0.9999991154329791, 0.0011239869258962143, 0.03253976880932182], [0.0, 0.0, 0.0, 1.0]]}, "Hobj2base": {"type": "ndarray", "data": [[0.9999993735735582, 0.0008883283934651224, 0.000680973682686951, -0.7340047150794898], [0.0008869139945738867, -0.9999974548717958, 0.0020745200642563757, 0.09008496281335697], [0.0006828148045975169, -0.002073914799633042, -0.9999976163178323, -0.0011889639417473538], [0.0, 0.0, 0.0, 1.0]]}, "mean_rme": {"type": "float", "data": 0.0014565947584861906}, "max_rme": {"type": "float", "data": 0.005373204635774342}, "simu": {"type": "float", "data": 0.002}}, {"type": "dict", "image_number": {"type": "int", "data": 29}, "Hcamera2end": {"type": "ndarray", "data": [[0.9999993660007519, 0.0006744490805086402, -0.0009017297444918892, -0.01425399216630965], [0.0009009687670811581, 0.0011277489148971975, 0.9999989582182903, 0.02414830082975611], [0.0006754653026208051, -0.9999991366500388, 0.001127140542348748, 0.032706424588245235], [0.0, 0.0, 0.0, 1.0]]}, "Hobj2base": {"type": "ndarray", "data": [[0.9999993868947302, 0.0008659073438999801, 0.000690227959078308, -0.7341723954497907], [0.0008646000493870187, -0.9999978362901218, 0.0018920575649793094, 0.09008711092336019], [0.000691864812165852, -0.0018914596338213381, -0.999997971849711, -0.001199449311985317], [0.0, 0.0, 0.0, 1.0]]}, "mean_rme": {"type": "float", "data": 0.001433845884441072}, "max_rme": {"type": "float", "data": 0.005389403150000471}, "simu": {"type": "float", "data": 0.002}}, {"type": "dict", "image_number": {"type": "int", "data": 30}, "Hcamera2end": {"type": "ndarray", "data": [[0.9999993975615691, 0.0007158543081631868, -0.0008321232531433344, -0.014532503592764787], [0.0008313053190519018, 0.0011421383105910676, 0.9999990022252749, 0.024203962545909], [0.0007168039937484, -0.9999990915359316, 0.0011415425290289827, 0.03268306338783351], [0.0, 0.0, 0.0, 1.0]]}, "Hobj2base": {"type": "ndarray", "data": [[0.9999993645894559, 0.0008956317549116311, 0.0006845907127999017, -0.7343301761669332], [0.000894279817088885, -0.999997654606092, 0.001972573426808796, 0.08988529728550079], [0.0006863558065649592, -0.001971959957757418, -0.9999978201424402, -0.0011521304297088494], [0.0, 0.0, 0.0, 1.0]]}, "mean_rme": {"type": "float", "data": 0.0014335425052210918}, "max_rme": {"type": "float", "data": 0.005427318564099948}, "simu": {"type": "float", "data": 0.002}}]}