{"type": "list", "data": [{"type": "dict", "image_number": {"type": "int", "data": 5}, "Hcamera2end": {"type": "ndarray", "data": [[0.9999686241097868, -0.0077574963845847, 0.001603759901952463, -0.010763990379625011], [-0.0016137725422519992, -0.001284617853640535, 0.9999978727453133, 0.018397589802071415], [-0.007755419663811159, -0.9999690850255386, -0.0012970963822738213, 0.037173176147760154], [0.0, 0.0, 0.0, 1.0]]}, "Hobj2base": {"type": "ndarray", "data": [[0.999969299001298, -0.007659250730642879, 0.0016543678846435775, -0.7360737242656896], [-0.007661105768952136, -0.9999700284457249, 0.0011178857962223466, 0.0963792548236223], [0.0016457561330652402, -0.00113052576335698, -0.9999980066971379, 0.006023426801098042], [0.0, 0.0, 0.0, 1.0]]}, "mean_rme": {"type": "float", "data": 0.00226305793994746}, "max_rme": {"type": "float", "data": 0.005560153892733455}, "simu": {"type": "float", "data": 0.002}}, {"type": "dict", "image_number": {"type": "int", "data": 6}, "Hcamera2end": {"type": "ndarray", "data": [[0.9999680029597907, -0.007897375702016502, 0.0012745640937713658, -0.011351209903338245], [-0.0012770074517956336, -0.0003043537417106723, 0.9999991383100131, 0.01761352474811821], [-0.007896980978575944, -0.9999687689252208, -0.0003144290109129422, 0.0354871991490776], [0.0, 0.0, 0.0, 1.0]]}, "Hobj2base": {"type": "ndarray", "data": [[0.9999701046466299, -0.007709462837510596, 0.0005949754322402315, -0.7349603527168701], [-0.007710028654483069, -0.9999698216133728, 0.0009546311675652508, 0.09528510628349791], [0.0005875977833317301, -0.000959189906160444, -0.9999993673415841, 0.005920004768667793], [0.0, 0.0, 0.0, 1.0]]}, "mean_rme": {"type": "float", "data": 0.0023844042366277813}, "max_rme": {"type": "float", "data": 0.004513597514080536}, "simu": {"type": "float", "data": 0.002}}, {"type": "dict", "image_number": {"type": "int", "data": 7}, "Hcamera2end": {"type": "ndarray", "data": [[0.9999657501920765, -0.008021737550810946, 0.0020371964715230847, -0.012080797289521985], [-0.0020394680148522115, -0.00027500348312692324, 0.9999978824694086, 0.017782485265036986], [-0.008021160328410803, -0.9999677875310536, -0.0002913541414688581, 0.037432144747808004], [0.0, 0.0, 0.0, 1.0]]}, "Hobj2base": {"type": "ndarray", "data": [[0.9999686732220271, -0.007896382967967647, 0.0005474583106422933, -0.7365567180644216], [-0.007897278643794886, -0.9999674486466372, 0.0016536738364415781, 0.09444224710587776], [0.0005343824482167211, -0.0016579454629934676, -0.9999984828249695, 0.006507266594183008], [0.0, 0.0, 0.0, 1.0]]}, "mean_rme": {"type": "float", "data": 0.0024516136185716198}, "max_rme": {"type": "float", "data": 0.005104631005351079}, "simu": {"type": "float", "data": 0.002}}, {"type": "dict", "image_number": {"type": "int", "data": 8}, "Hcamera2end": {"type": "ndarray", "data": [[0.9999688770416754, -0.007729192295629763, 0.0015825721050978158, -0.01435397507305609], [-0.001585347158219414, -0.0003529217080180391, 0.9999986810594581, 0.017948798523085646], [-0.007728623577234296, -0.9999700670683724, -0.00036516417709164806, 0.036427550624235916], [0.0, 0.0, 0.0, 1.0]]}, "Hobj2base": {"type": "ndarray", "data": [[0.9999706584981138, -0.007624254854600729, 0.0007435595206676635, -0.7351536239749963], [-0.007625134117619786, -0.9999702238230073, 0.001186927568565879, 0.0920536914988496], [0.0007344879420310736, -0.0011925624833979112, -0.9999990191606121, 0.006290985534289764], [0.0, 0.0, 0.0, 1.0]]}, "mean_rme": {"type": "float", "data": 0.002389647137444889}, "max_rme": {"type": "float", "data": 0.005231614537342111}, "simu": {"type": "float", "data": 0.002}}, {"type": "dict", "image_number": {"type": "int", "data": 9}, "Hcamera2end": {"type": "ndarray", "data": [[0.9999681086686032, -0.007857711233499518, 0.0014275923464237461, -0.015386185915682202], [-0.0014314786483449302, -0.0004889825270220083, 0.9999988558818292, 0.01810265214831623], [-0.007857004175636204, -0.9999690081548823, -0.0005002150785737847, 0.03507071176364304], [0.0, 0.0, 0.0, 1.0]]}, "Hobj2base": {"type": "ndarray", "data": [[0.9999694650146139, -0.0077616387648545915, 0.000908846560616229, -0.7335055783918041], [-0.007762580015646991, -0.9999693332827149, 0.0010367476178762837, 0.09120970290654316], [0.0009007718287754199, -0.001043770954951652, -0.9999990495757012, 0.00604340358616024], [0.0, 0.0, 0.0, 1.0]]}, "mean_rme": {"type": "float", "data": 0.0023995414701512945}, "max_rme": {"type": "float", "data": 0.005218010830148723}, "simu": {"type": "float", "data": 0.002}}, {"type": "dict", "image_number": {"type": "int", "data": 10}, "Hcamera2end": {"type": "ndarray", "data": [[0.9999663917721187, -0.007998701096788343, 0.0017989182899644778, -0.015677536609772502], [-0.0018020629825564317, -0.00038596058707152103, 0.999998301800274, 0.01846441553965129], [-0.007997993201837045, -0.9999679353935251, -0.00040036177877533774, 0.03498058154066372], [0.0, 0.0, 0.0, 1.0]]}, "Hobj2base": {"type": "ndarray", "data": [[0.9999666528549186, -0.008065252050788015, 0.0012825316713386491, -0.7336284066284897], [-0.008066581818787243, -0.9999669289074375, 0.0010350599924995561, 0.09116064777745543], [0.0012741412368878365, -0.0010453711228658575, -0.9999986418807394, 0.005990657474244576], [0.0, 0.0, 0.0, 1.0]]}, "mean_rme": {"type": "float", "data": 0.0022921227984862673}, "max_rme": {"type": "float", "data": 0.005636722656917392}, "simu": {"type": "float", "data": 0.002}}, {"type": "dict", "image_number": {"type": "int", "data": 11}, "Hcamera2end": {"type": "ndarray", "data": [[0.9999676164721442, -0.007851209363244963, 0.0017676307740333145, -0.015918604379805103], [-0.0017698502012816137, -0.0002757471869516692, 0.9999983957955898, 0.018486445151653857], [-0.00785070934908677, -0.9999691407613649, -0.00028963372175683233, 0.034708481755013634], [0.0, 0.0, 0.0, 1.0]]}, "Hobj2base": {"type": "ndarray", "data": [[0.9999679339447914, -0.007914327819731878, 0.0012224963586758885, -0.7338537802103589], [-0.007915677866685084, -0.9999680616847282, 0.001103473787238723, 0.09085098425891985], [0.001213724060909078, -0.001113115290555814, -0.9999986439232078, 0.005872649874780594], [0.0, 0.0, 0.0, 1.0]]}, "mean_rme": {"type": "float", "data": 0.0022171002442745334}, "max_rme": {"type": "float", "data": 0.005522680231431321}, "simu": {"type": "float", "data": 0.002}}, {"type": "dict", "image_number": {"type": "int", "data": 12}, "Hcamera2end": {"type": "ndarray", "data": [[0.9999672578317133, -0.00791912909132173, 0.001664529650975466, -0.015309052025808664], [-0.0016663043725581423, -0.00021751298205674452, 0.9999985880579236, 0.018683908460497424], [-0.007918755853162053, -0.9999686195489026, -0.00023070153964188655, 0.033831141584636744], [0.0, 0.0, 0.0, 1.0]]}, "Hobj2base": {"type": "ndarray", "data": [[0.9999674870653534, -0.007974402479957001, 0.0011973793424989946, -0.7330289863431875], [-0.007975590673236445, -0.9999677035592465, 0.0009908541063349174, 0.09152410175117531], [0.0011894392019651673, -0.001000371698276475, -0.9999987922446958, 0.005739625714514103], [0.0, 0.0, 0.0, 1.0]]}, "mean_rme": {"type": "float", "data": 0.0021327443836307368}, "max_rme": {"type": "float", "data": 0.005606486929871868}, "simu": {"type": "float", "data": 0.002}}, {"type": "dict", "image_number": {"type": "int", "data": 13}, "Hcamera2end": {"type": "ndarray", "data": [[0.9999704756942199, -0.007501936632894614, 0.0016639370876082834, -0.015450550083920024], [-0.0016626551497501956, 0.00017711434391332048, 0.9999986021032038, 0.01865744284539917], [-0.0075022208530870155, -0.9999718443922633, 0.00016463598115945555, 0.03342132018240416], [0.0, 0.0, 0.0, 1.0]]}, "Hobj2base": {"type": "ndarray", "data": [[0.9999708274776249, -0.007555578892485208, 0.001121347989511483, -0.7331482880599194], [-0.007557081052281609, -0.9999705450641885, 0.001341465616098179, 0.0911631353820139], [0.0011111794109844432, -0.0013499005998070294, -0.9999984715231756, 0.005854345658626055], [0.0, 0.0, 0.0, 1.0]]}, "mean_rme": {"type": "float", "data": 0.002060275546270261}, "max_rme": {"type": "float", "data": 0.005641976975989116}, "simu": {"type": "float", "data": 0.002}}, {"type": "dict", "image_number": {"type": "int", "data": 14}, "Hcamera2end": {"type": "ndarray", "data": [[0.9999690038141962, -0.007789155035405603, 0.001149119088036416, -0.015296217206947042], [-0.0011488561884666296, 3.82262959549573e-05, 0.9999993393338861, 0.018570632277347853], [-0.007789193815941162, -0.999969663341136, 2.927649212025596e-05, 0.03338290315017522], [0.0, 0.0, 0.0, 1.0]]}, "Hobj2base": {"type": "ndarray", "data": [[0.9999692896040608, -0.0078118541428226105, 0.0006283180732051311, -0.7332354355452458], [-0.007812557914984091, -0.9999688480591935, 0.0011255443104691907, 0.09110532641956492], [0.0006195059118930377, -0.0011304185158937156, -0.9999991691828569, 0.006011731095338265], [0.0, 0.0, 0.0, 1.0]]}, "mean_rme": {"type": "float", "data": 0.002003400055879171}, "max_rme": {"type": "float", "data": 0.005612580043450666}, "simu": {"type": "float", "data": 0.002}}, {"type": "dict", "image_number": {"type": "int", "data": 15}, "Hcamera2end": {"type": "ndarray", "data": [[0.9999689832442367, -0.007805478758237283, 0.0010521648360554106, -0.015279002577142042], [-0.0010513441976091765, 0.00010923865006173816, 0.9999994413709917, 0.018575598080635615], [-0.007805589334936759, -0.9999695308199507, 0.00010102901703124001, 0.03338582093786043], [0.0, 0.0, 0.0, 1.0]]}, "Hobj2base": {"type": "ndarray", "data": [[0.9999692753524763, -0.007822495839269932, 0.0005068627902108102, -0.7332950011985545], [-0.007823091138504648, -0.9999686989893, 0.0011833370973190376, 0.09114776238083225], [0.0004975902753729583, -0.0011872659735063568, -0.9999991714013698, 0.0061142491812758845], [0.0, 0.0, 0.0, 1.0]]}, "mean_rme": {"type": "float", "data": 0.0019198638350682248}, "max_rme": {"type": "float", "data": 0.005682652213060413}, "simu": {"type": "float", "data": 0.002}}, {"type": "dict", "image_number": {"type": "int", "data": 16}, "Hcamera2end": {"type": "ndarray", "data": [[0.9999679569277592, -0.007893820752040918, 0.001331432182913316, -0.015043291370022952], [-0.0013321879330322308, -9.048212021967039e-05, 0.9999991085437513, 0.018575695221685215], [-0.007893693244238244, -0.9999688392179632, -0.00010099527364593186, 0.03353730882508305], [0.0, 0.0, 0.0, 1.0]]}, "Hobj2base": {"type": "ndarray", "data": [[0.9999683174441192, -0.007930253874243792, 0.0006893340752659614, -0.733345995045438], [-0.007931272575937799, -0.9999674400756045, 0.001487852132657983, 0.09156644561413546], [0.0006775125854612746, -0.0014932722901464638, -0.9999986555563782, 0.006010892844586925], [0.0, 0.0, 0.0, 1.0]]}, "mean_rme": {"type": "float", "data": 0.001895091961406366}, "max_rme": {"type": "float", "data": 0.005541894465033503}, "simu": {"type": "float", "data": 0.002}}, {"type": "dict", "image_number": {"type": "int", "data": 17}, "Hcamera2end": {"type": "ndarray", "data": [[0.9999655647241855, -0.008217735068387619, 0.0011568042991924096, -0.014287053384842846], [-0.0011567219665528346, 1.477178890219033e-05, 0.9999993308878194, 0.018608371460991643], [-0.008217746657869895, -0.9999662337359898, 5.265645562690935e-06, 0.034034044766900494], [0.0, 0.0, 0.0, 1.0]]}, "Hobj2base": {"type": "ndarray", "data": [[0.9999658318174282, -0.008246047456859508, 0.0005812908206950856, -0.7339135472608219], [-0.008246807993204135, -0.9999651254697517, 0.00131833310910632, 0.09223350220436662], [0.0005703995110691365, -0.0013230818578464421, -0.9999989620488587, 0.005919662862558798], [0.0, 0.0, 0.0, 1.0]]}, "mean_rme": {"type": "float", "data": 0.001943398504112381}, "max_rme": {"type": "float", "data": 0.005549637892826198}, "simu": {"type": "float", "data": 0.002}}, {"type": "dict", "image_number": {"type": "int", "data": 18}, "Hcamera2end": {"type": "ndarray", "data": [[0.9999672432676244, -0.008061741289625016, 0.000721608707539663, -0.014628276423202254], [-0.0007220689335674432, -5.417720189426767e-05, 0.9999997378406086, 0.018483254901265712], [-0.00806170008142319, -0.9999675021680504, -5.999656016175692e-05, 0.03330980910740762], [0.0, 0.0, 0.0, 1.0]]}, "Hobj2base": {"type": "ndarray", "data": [[0.9999672361416039, -0.008082812628084772, 0.0004413426572110606, -0.7335287374428303], [-0.008083207219197178, -0.9999669255782007, 0.000899728144087386, 0.09132107614418386], [0.000434055726052985, -0.0009032661296747862, -0.9999994978528368, 0.005943634322807318], [0.0, 0.0, 0.0, 1.0]]}, "mean_rme": {"type": "float", "data": 0.0019229810656426947}, "max_rme": {"type": "float", "data": 0.005443973232942323}, "simu": {"type": "float", "data": 0.002}}, {"type": "dict", "image_number": {"type": "int", "data": 19}, "Hcamera2end": {"type": "ndarray", "data": [[0.9999606536766565, -0.008846325115458329, 0.0006585062683504605, -0.014522690090715044], [-0.0006598766821565233, -0.00015199543798227744, 0.9999997707300492, 0.01845658801365921], [-0.008846222997313136, -0.9999608589486582, -0.00015782694118704477, 0.03341175742630004], [0.0, 0.0, 0.0, 1.0]]}, "Hobj2base": {"type": "ndarray", "data": [[0.9999610553974339, -0.008818838918934311, 0.0003402478100051954, -0.7333940568341346], [-0.008819116080707555, -0.9999607730884785, 0.0008218733765981792, 0.0915589373339244], [0.00033298649421447703, -0.0008248420539988101, -0.999999604377712, 0.0060155878463048484], [0.0, 0.0, 0.0, 1.0]]}, "mean_rme": {"type": "float", "data": 0.0018732665059570306}, "max_rme": {"type": "float", "data": 0.0054676090037540925}, "simu": {"type": "float", "data": 0.002}}, {"type": "dict", "image_number": {"type": "int", "data": 20}, "Hcamera2end": {"type": "ndarray", "data": [[0.9999611067601673, -0.008792526490077229, 0.0006902498841660776, -0.014690880518620383], [-0.0006910596297440234, -8.905694935501529e-05, 0.9999997572526947, 0.018422618939341866], [-0.008792462884166139, -0.9999613410261327, -9.512964574254212e-05, 0.03344483499501746], [0.0, 0.0, 0.0, 1.0]]}, "Hobj2base": {"type": "ndarray", "data": [[0.9999612929800793, -0.008792920375780342, 0.000311597293322779, -0.7335427140706301], [-0.00879319141194398, -0.9999609524543949, 0.000879403941355451, 0.0914802389019594], [0.00030385259737877163, -0.0008821098368932054, -0.9999995647778226, 0.006001325611817071], [0.0, 0.0, 0.0, 1.0]]}, "mean_rme": {"type": "float", "data": 0.001828628292134809}, "max_rme": {"type": "float", "data": 0.0054058901216692545}, "simu": {"type": "float", "data": 0.002}}, {"type": "dict", "image_number": {"type": "int", "data": 21}, "Hcamera2end": {"type": "ndarray", "data": [[0.999962282427596, -0.008650760072411955, 0.0007733513834622448, -0.014659730574342802], [-0.0007724264953225517, 0.00011025468007974659, 0.999999695600561, 0.018423965755483763], [-0.008650842704734816, -0.9999625753967369, 0.0001035684452561636, 0.03342437438004715], [0.0, 0.0, 0.0, 1.0]]}, "Hobj2base": {"type": "ndarray", "data": [[0.9999623517371756, -0.008667465088021528, 0.0004125011574528368, -0.7334878348057824], [-0.00866789748471525, -0.9999618731042648, 0.001058249027651558, 0.09151683546784325], [0.00040331309356261336, -0.001061784704159159, -0.9999993549756871, 0.006087638816353726], [0.0, 0.0, 0.0, 1.0]]}, "mean_rme": {"type": "float", "data": 0.001814818799110713}, "max_rme": {"type": "float", "data": 0.00550365338277925}, "simu": {"type": "float", "data": 0.002}}, {"type": "dict", "image_number": {"type": "int", "data": 22}, "Hcamera2end": {"type": "ndarray", "data": [[0.9999672897438611, -0.008061594862357023, 0.0006558434205841319, -0.01411420871634125], [-0.0006551915574340111, 8.350104290055782e-05, 0.9999997818757755, 0.018451427230555817], [-0.008061647867537495, -0.9999675013298437, 7.821642266681028e-05, 0.03312082145043628], [0.0, 0.0, 0.0, 1.0]]}, "Hobj2base": {"type": "ndarray", "data": [[0.9999672176259697, -0.008085108485662152, 0.0004412416021794721, -0.7333769997163511], [-0.00808552587713447, -0.9999668579514784, 0.0009525071852721867, 0.09194464617621559], [0.00043352585460258464, -0.0009560436302178631, -0.9999994490178035, 0.0059240998079190255], [0.0, 0.0, 0.0, 1.0]]}, "mean_rme": {"type": "float", "data": 0.001887533306368551}, "max_rme": {"type": "float", "data": 0.005392397120844494}, "simu": {"type": "float", "data": 0.002}}, {"type": "dict", "image_number": {"type": "int", "data": 23}, "Hcamera2end": {"type": "ndarray", "data": [[0.9999669349916096, -0.008107906312529972, 0.0006251229585918588, -0.014090433488196477], [-0.0006240327320885778, 0.0001369937595896431, 0.9999997959079086, 0.018464245249108852], [-0.008107990295714719, -0.9999671210034542, 0.00013192963096209098, 0.03303452899465542], [0.0, 0.0, 0.0, 1.0]]}, "Hobj2base": {"type": "ndarray", "data": [[0.999966735523379, -0.00814474219565716, 0.0004370598161040714, -0.7333323174761996], [-0.00814512585762725, -0.9999664377501969, 0.0008833447490530333, 0.09199642469862349], [0.0004298505321424198, -0.0008868752722617593, -0.999999514340268, 0.005829979750129685], [0.0, 0.0, 0.0, 1.0]]}, "mean_rme": {"type": "float", "data": 0.0018497717798546553}, "max_rme": {"type": "float", "data": 0.0053528182921595}, "simu": {"type": "float", "data": 0.002}}, {"type": "dict", "image_number": {"type": "int", "data": 24}, "Hcamera2end": {"type": "ndarray", "data": [[0.9999671157531348, -0.008094120792032356, 0.0005026141270768978, -0.014161737829763661], [-0.0005018596686540743, 9.524149012452021e-05, 0.9999998695329573, 0.018465216684162424], [-0.008094167605734772, -0.9999672375321416, 9.117624540111446e-05, 0.03336512821877198], [0.0, 0.0, 0.0, 1.0]]}, "Hobj2base": {"type": "ndarray", "data": [[0.9999668483385489, -0.008132319958116868, 0.00040938486589480887, -0.733676767548944], [-0.008132626623363415, -0.9999666460703165, 0.0007530810632065577, 0.09201351423263955], [0.0004032469151403837, -0.0007563854715776832, -0.9999996326364045, 0.005808761739969766], [0.0, 0.0, 0.0, 1.0]]}, "mean_rme": {"type": "float", "data": 0.0018160408692363126}, "max_rme": {"type": "float", "data": 0.0054219692645078865}, "simu": {"type": "float", "data": 0.002}}, {"type": "dict", "image_number": {"type": "int", "data": 25}, "Hcamera2end": {"type": "ndarray", "data": [[0.9999727222238596, -0.007375491701164335, 0.0003961443798996219, -0.014606414465225901], [-0.0003956995917175159, 6.1765403044034e-05, 0.9999999198034305, 0.01847652690240977], [-0.007375515577692492, -0.9999727987836472, 5.8845239166327445e-05, 0.03369743113889558], [0.0, 0.0, 0.0, 1.0]]}, "Hobj2base": {"type": "ndarray", "data": [[0.9999723620655877, -0.00742300058484109, 0.00041733354360597754, -0.7342636193069552], [-0.0074232692345691945, -0.999972238552916, 0.0006459081517456188, 0.09157891539883027], [0.00041252738123472916, -0.0006489882794332884, -0.9999997043176423, 0.005726199703193316], [0.0, 0.0, 0.0, 1.0]]}, "mean_rme": {"type": "float", "data": 0.0018146642411406499}, "max_rme": {"type": "float", "data": 0.005392575336883476}, "simu": {"type": "float", "data": 0.002}}, {"type": "dict", "image_number": {"type": "int", "data": 26}, "Hcamera2end": {"type": "ndarray", "data": [[0.9999867649678009, -0.0051321457057184935, 0.0003618973436359191, -0.014808937305260976], [-0.00036098203984752516, 0.00017927238538595347, 0.9999999187766861, 0.01885228733276178], [-0.00513221016706867, -0.9999868143840034, 0.00017741740028442976, 0.033586914366337074], [0.0, 0.0, 0.0, 1.0]]}, "Hobj2base": {"type": "ndarray", "data": [[0.9999864648946893, -0.005174106808300252, 0.0005464852775521051, -0.7345718559371665], [-0.00517449004586435, -0.9999863656862225, 0.0007022068258833848, 0.09102029324835871], [0.0005428445334817179, -0.0007050251040689513, -0.9999996041296295, 0.005267131611087703], [0.0, 0.0, 0.0, 1.0]]}, "mean_rme": {"type": "float", "data": 0.0017729219049947846}, "max_rme": {"type": "float", "data": 0.0054611183028231425}, "simu": {"type": "float", "data": 0.002}}, {"type": "dict", "image_number": {"type": "int", "data": 27}, "Hcamera2end": {"type": "ndarray", "data": [[0.9999872544369908, -0.005042649334605866, 0.0002503023317530638, -0.015011905751832814], [-0.0002494780385095619, 0.0001640926757865424, 0.9999999554171503, 0.01879809651913523], [-0.005042690182569561, -0.999987272299644, 0.00016283255406801533, 0.03379217036974946], [0.0, 0.0, 0.0, 1.0]]}, "Hobj2base": {"type": "ndarray", "data": [[0.9999869731958722, -0.005078727538947272, 0.0005098677702327396, -0.7348812004545877], [-0.005079031088966594, -0.9999869241285368, 0.0005958314731709763, 0.09085210194812295], [0.0005068350375559481, -0.0005984133456473562, -0.9999996925098087, 0.005317259474661234], [0.0, 0.0, 0.0, 1.0]]}, "mean_rme": {"type": "float", "data": 0.0017536621252027067}, "max_rme": {"type": "float", "data": 0.005438169651593494}, "simu": {"type": "float", "data": 0.002}}, {"type": "dict", "image_number": {"type": "int", "data": 28}, "Hcamera2end": {"type": "ndarray", "data": [[0.9999873914942695, -0.005017528744714185, 0.00020312011867533583, -0.014976093246331916], [-0.0002023694680849896, 0.00015011288574406922, 0.9999999682563593, 0.018762493544148242], [-0.005017559076386723, -0.9999874008563393, 0.00014909559842168907, 0.03382545899564068], [0.0, 0.0, 0.0, 1.0]]}, "Hobj2base": {"type": "ndarray", "data": [[0.9999871604937118, -0.005044006825286615, 0.0004866650489122027, -0.7348471737744815], [-0.00504431299495064, -0.9999870789481176, 0.0006299549354907548, 0.09085071795000807], [0.00048348126369361785, -0.0006324017380108155, -0.9999996831569047, 0.0053290992839514295], [0.0, 0.0, 0.0, 1.0]]}, "mean_rme": {"type": "float", "data": 0.0017229361489241781}, "max_rme": {"type": "float", "data": 0.005397096120329126}, "simu": {"type": "float", "data": 0.002}}, {"type": "dict", "image_number": {"type": "int", "data": 29}, "Hcamera2end": {"type": "ndarray", "data": [[0.9999873508684544, -0.005025484280874435, 0.00020642391681286246, -0.015025658846103985], [-0.00020591974456627424, 0.00010084033660684444, 0.9999999737141423, 0.018776052326278044], [-0.005025504964632525, -0.9999873670896893, 9.980421462474354e-05, 0.03400468261814266], [0.0, 0.0, 0.0, 1.0]]}, "Hobj2base": {"type": "ndarray", "data": [[0.9999871431800847, -0.005045529154668818, 0.0005060731982649839, -0.7349969070965536], [-0.005045835213566554, -0.9999870864781961, 0.0006053295350818882, 0.09093019735454524], [0.000503012455260266, -0.0006078753144335141, -0.9999996887329874, 0.005420563509616881], [0.0, 0.0, 0.0, 1.0]]}, "mean_rme": {"type": "float", "data": 0.001741442939173808}, "max_rme": {"type": "float", "data": 0.005428414300068851}, "simu": {"type": "float", "data": 0.002}}, {"type": "dict", "image_number": {"type": "int", "data": 30}, "Hcamera2end": {"type": "ndarray", "data": [[0.9999875038256033, -0.004995848943645111, 0.00018353738388102257, -0.015065575158904804], [-0.0001830269277159056, 0.00010263305926849764, 0.999999977983799, 0.018741760866979682], [-0.004995867670658695, -0.999987515401961, 0.0001017174018644873, 0.034014381306902854], [0.0, 0.0, 0.0, 1.0]]}, "Hobj2base": {"type": "ndarray", "data": [[0.9999872533709733, -0.005024700817845949, 0.0004954566258480068, -0.7350097425065881], [-0.005025005882656043, -0.9999871845925732, 0.0006164142257776242, 0.09097357813379392], [0.0004923529793050876, -0.0006188960410336484, -0.9999996872780679, 0.005418648800872727], [0.0, 0.0, 0.0, 1.0]]}, "mean_rme": {"type": "float", "data": 0.0017261370864387006}, "max_rme": {"type": "float", "data": 0.005391538066629953}, "simu": {"type": "float", "data": 0.002}}]}