{"type": "list", "data": [{"type": "dict", "image_number": {"type": "int", "data": 5}, "Hcamera2end": {"type": "ndarray", "data": [[0.9999992019543712, 0.0006585314459878651, -0.0010781590584315898, -0.012730204641048353], [0.001078054069709642, 0.00015976272759821164, 0.9999994061374702, 0.033964759391353], [0.0006587033045426742, -0.9999997704060761, 0.00015905266759486114, 0.028979532363187163], [0.0, 0.0, 0.0, 1.0]]}, "Hobj2base": {"type": "ndarray", "data": [[0.9999986138279537, 0.0006774934913856403, 0.0015209683560984382, -0.732298127252755], [0.0006768811796201058, -0.9999996896876553, 0.00040305888170021547, 0.09118133586222923], [0.0015212409538921784, -0.0004020288081362199, -0.9999987620986328, -0.005927321886807379], [0.0, 0.0, 0.0, 1.0]]}, "mean_rme": {"type": "float", "data": 0.0015686377146982848}, "max_rme": {"type": "float", "data": 0.007187810895628199}, "simu": {"type": "float", "data": 0.002}}, {"type": "dict", "image_number": {"type": "int", "data": 6}, "Hcamera2end": {"type": "ndarray", "data": [[0.9999983101262073, 0.0005668052403240275, -0.0017488500648349455, -0.011886969764805851], [0.001749143152485827, -0.000517004491960682, 0.9999983366009104, 0.033787298947490205], [0.0005659001341614212, -0.9999997057190442, -0.0005179950417932844, 0.029610850549414282], [0.0, 0.0, 0.0, 1.0]]}, "Hobj2base": {"type": "ndarray", "data": [[0.9999978013621572, 0.0005764704348987253, 0.002016172782601421, -0.7324701468142307], [0.0005771848391994433, -0.9999997708511568, -0.0003537729424663928, 0.09186141573894446], [0.0020159683809557612, 0.0003549358690111378, -0.999997904943813, -0.006170831997211144], [0.0, 0.0, 0.0, 1.0]]}, "mean_rme": {"type": "float", "data": 0.0015533001388157068}, "max_rme": {"type": "float", "data": 0.006838897869946459}, "simu": {"type": "float", "data": 0.002}}, {"type": "dict", "image_number": {"type": "int", "data": 7}, "Hcamera2end": {"type": "ndarray", "data": [[0.9999968676590983, 0.0006082007884699581, -0.0024279134648227995, -0.013026117740410438], [0.0024279762655241, -0.00010253946731331176, 0.9999970472040964, 0.03391700640187238], [0.0006079500356237959, -0.9999998097887113, -0.00010401584320374191, 0.03053389343358501], [0.0, 0.0, 0.0, 1.0]]}, "Hobj2base": {"type": "ndarray", "data": [[0.9999984777695613, 0.0006847547918176804, 0.0016048580732691384, -0.7336956176341768], [0.0006863212914100808, -0.9999992884361428, -0.0009757511434086528, 0.09047158136413734], [0.0016041887810390662, 0.0009768511063559377, -0.9999982361685802, -0.00607682761938969], [0.0, 0.0, 0.0, 1.0]]}, "mean_rme": {"type": "float", "data": 0.0015517128169500356}, "max_rme": {"type": "float", "data": 0.0069822942922389}, "simu": {"type": "float", "data": 0.002}}, {"type": "dict", "image_number": {"type": "int", "data": 8}, "Hcamera2end": {"type": "ndarray", "data": [[0.9999972247409991, 0.0003996897728808165, -0.0023218006773167744, -0.012844472630181025], [0.002321942477174723, -0.00035467709895886657, 0.999997241389839, 0.0339000020991876], [0.00039886518076395565, -0.9999998572261102, -0.0003556041712995395, 0.031071974730430982], [0.0, 0.0, 0.0, 1.0]]}, "Hobj2base": {"type": "ndarray", "data": [[0.9999982340321617, 0.00044931083815646184, 0.001824843096989471, -0.7339433634298798], [0.00045105698870232306, -0.999999440752638, -0.000956578279254104, 0.09099713682117973], [0.001824412275462369, 0.0009573996981998103, -0.9999978774505809, -0.0060927081918046855], [0.0, 0.0, 0.0, 1.0]]}, "mean_rme": {"type": "float", "data": 0.0015374843690984714}, "max_rme": {"type": "float", "data": 0.006697820181836844}, "simu": {"type": "float", "data": 0.002}}, {"type": "dict", "image_number": {"type": "int", "data": 9}, "Hcamera2end": {"type": "ndarray", "data": [[0.9999988747294588, 0.000284545727083122, -0.0014729472310400292, -0.013265823615853004], [0.0014729083568684007, 0.0001367796443586533, 0.999998905915552, 0.033818277276276704], [0.000284746884964488, -0.9999999501625277, 0.0001363603806652236, 0.030998722435987766], [0.0, 0.0, 0.0, 1.0]]}, "Hobj2base": {"type": "ndarray", "data": [[0.9999994724070385, 0.0003573550433866038, 0.0009630591973617615, -0.7340883696293701], [0.00035779712875226626, -0.9999998306915887, -0.0004589095860784406, 0.09092250609477684], [0.0009628950406526955, 0.0004592539237766075, -0.999999430959325, -0.0059893648981743895], [0.0, 0.0, 0.0, 1.0]]}, "mean_rme": {"type": "float", "data": 0.001418308362388554}, "max_rme": {"type": "float", "data": 0.006772089749030985}, "simu": {"type": "float", "data": 0.002}}, {"type": "dict", "image_number": {"type": "int", "data": 10}, "Hcamera2end": {"type": "ndarray", "data": [[0.9999995283281116, -0.0002729229181197924, -0.0009321247959379514, -0.013478453684629934], [0.000932197420188304, 0.0002660918461353523, 0.999999530101439, 0.03387128635450611], [-0.0002726747590659264, -0.9999999273541023, 0.0002663461386674948, 0.03115648189112386], [0.0, 0.0, 0.0, 1.0]]}, "Hobj2base": {"type": "ndarray", "data": [[0.9999998525594972, -0.00015493329166640566, 0.0005204581241086404, -0.7340826610651063], [-0.0001547129850328591, -0.9999998984374177, -0.00042330727272041997, 0.09085330731182188], [0.000520523655638718, 0.0004232266886778174, -0.9999997749671219, -0.005764798394928189], [0.0, 0.0, 0.0, 1.0]]}, "mean_rme": {"type": "float", "data": 0.0014152568273856905}, "max_rme": {"type": "float", "data": 0.007055799702758492}, "simu": {"type": "float", "data": 0.002}}, {"type": "dict", "image_number": {"type": "int", "data": 11}, "Hcamera2end": {"type": "ndarray", "data": [[0.9999997047471881, -0.0003602748877441718, -0.000678754404668042, -0.014238491186086489], [0.0006789672286531721, 0.0005909334468181537, 0.9999995949005, 0.03404472340195864], [-0.00035987364311710127, -0.9999997604998048, 0.0005911778871855455, 0.03107430953701361], [0.0, 0.0, 0.0, 1.0]]}, "Hobj2base": {"type": "ndarray", "data": [[0.9999999691358143, -0.0002218355446595889, 0.00011188101514228167, -0.7339554856060385], [-0.00022180316385196245, -0.9999999335396068, -0.0002893512369529723, 0.09024695103161073], [0.00011194519609587282, 0.0002893264124592485, -0.9999999518792488, -0.005582290194837212], [0.0, 0.0, 0.0, 1.0]]}, "mean_rme": {"type": "float", "data": 0.0014585842459434125}, "max_rme": {"type": "float", "data": 0.007299102414447339}, "simu": {"type": "float", "data": 0.002}}, {"type": "dict", "image_number": {"type": "int", "data": 12}, "Hcamera2end": {"type": "ndarray", "data": [[0.9999996809402502, -0.0003569515558293245, -0.000714636260401577, -0.01500794864327816], [0.0007148625780652458, 0.0006343044036054568, 0.999999543314605, 0.03404090197124478], [-0.000356498095887813, -0.9999997351217204, 0.0006345593725339826, 0.0306413928696118], [0.0, 0.0, 0.0, 1.0]]}, "Hobj2base": {"type": "ndarray", "data": [[0.9999999741424941, -0.00021419269422373586, 7.639699476446154e-05, -0.7337342526428469], [-0.000214168637707466, -0.9999999275297344, -0.00031475755832216637, 0.08937228655777589], [7.646440799739535e-05, 0.0003147411883430273, -0.9999999475455879, -0.005503327163528263], [0.0, 0.0, 0.0, 1.0]]}, "mean_rme": {"type": "float", "data": 0.0014978616849696549}, "max_rme": {"type": "float", "data": 0.007523707744214375}, "simu": {"type": "float", "data": 0.002}}, {"type": "dict", "image_number": {"type": "int", "data": 13}, "Hcamera2end": {"type": "ndarray", "data": [[0.9999996261666214, -0.0004171462023925521, -0.000757400596266046, -0.015139999528130617], [0.000757644187688768, 0.0005840992293637548, 0.9999995424015832, 0.03408251110350527], [-0.00041670361440251133, -0.9999997424085353, 0.0005844150594035424, 0.03093237892204868], [0.0, 0.0, 0.0, 1.0]]}, "Hobj2base": {"type": "ndarray", "data": [[0.9999999566949768, -0.0002809109157102139, 8.77445267507933e-05, -0.7340192763865835], [-0.0002808776638988634, -0.999999888830212, -0.0003787443751526074, 0.08948387326919419], [8.785091042549706e-05, 0.00037871971327337983, -0.9999999244267954, -0.005581576455369843], [0.0, 0.0, 0.0, 1.0]]}, "mean_rme": {"type": "float", "data": 0.0015055077687422817}, "max_rme": {"type": "float", "data": 0.007315293720802946}, "simu": {"type": "float", "data": 0.002}}, {"type": "dict", "image_number": {"type": "int", "data": 14}, "Hcamera2end": {"type": "ndarray", "data": [[0.9999994854881545, -0.00047565203971020135, -0.0008959791087397638, -0.015158502022069654], [0.000896214124643756, 0.0004941090769621237, 0.9999994763280943, 0.034191271415157314], [-0.00047520907921419454, -0.999999764805651, 0.0004945351088135874, 0.030852092687661092], [0.0, 0.0, 0.0, 1.0]]}, "Hobj2base": {"type": "ndarray", "data": [[0.9999999316639422, -0.00034496514695041497, 0.0001329329092258606, -0.7339566765626897], [-0.00034489542891404047, -0.9999998031690813, -0.0005241268378713967, 0.08934394270616706], [0.0001331136885522009, 0.0005240809541018906, -0.9999998538099393, -0.005447577643818452], [0.0, 0.0, 0.0, 1.0]]}, "mean_rme": {"type": "float", "data": 0.0015384939266079817}, "max_rme": {"type": "float", "data": 0.007436225091605575}, "simu": {"type": "float", "data": 0.002}}, {"type": "dict", "image_number": {"type": "int", "data": 15}, "Hcamera2end": {"type": "ndarray", "data": [[0.99999955341352, -0.0006440216818803259, -0.0006916710446185351, -0.015361084933321553], [0.0006919795226677625, 0.00047888749588353985, 0.999999645915491, 0.03417111927313779], [-0.0006436902212276918, -0.9999996779513682, 0.000479332931834886, 0.030687502258732305], [0.0, 0.0, 0.0, 1.0]]}, "Hobj2base": {"type": "ndarray", "data": [[0.9999998662670787, -0.0005161430224645978, 3.259148773806687e-05, -0.7337202664511341], [-0.0005161312030410995, -0.9999998014173574, -0.00036162663949087484, 0.08939568961931522], [3.2778132332673645e-05, 0.00036160976964571276, -0.9999999340819818, -0.005389724640111589], [0.0, 0.0, 0.0, 1.0]]}, "mean_rme": {"type": "float", "data": 0.0014940123078260228}, "max_rme": {"type": "float", "data": 0.007337760870547799}, "simu": {"type": "float", "data": 0.002}}, {"type": "dict", "image_number": {"type": "int", "data": 16}, "Hcamera2end": {"type": "ndarray", "data": [[0.9999995444920508, -0.000646432072130233, -0.000702240177719602, -0.015345149661494077], [0.0007025322256569246, 0.00045166826767639723, 0.9999996512220634, 0.03417068295512175], [-0.000646114667064425, -0.9999996890606279, 0.000452122201300309, 0.030721153641216154], [0.0, 0.0, 0.0, 1.0]]}, "Hobj2base": {"type": "ndarray", "data": [[0.9999998640910073, -0.0005190954361589861, 4.8558162449235086e-05, -0.7337231180618], [-0.0005190764859699212, -0.9999997894404435, -0.00038945945992322894, 0.08941743251375063], [4.876031885306502e-05, 0.00038943420159185673, -0.9999999229817143, -0.00539343955177456], [0.0, 0.0, 0.0, 1.0]]}, "mean_rme": {"type": "float", "data": 0.0014123442279150749}, "max_rme": {"type": "float", "data": 0.007321963482716548}, "simu": {"type": "float", "data": 0.002}}, {"type": "dict", "image_number": {"type": "int", "data": 17}, "Hcamera2end": {"type": "ndarray", "data": [[0.9999995473046285, -0.0007406148518621003, -0.0005973944922108177, -0.015294894024932315], [0.0005978983323582428, 0.0006802651671923288, 0.9999995898783589, 0.034094100338530234], [-0.0007402081614557986, -0.9999994943643438, 0.0006807076716242033, 0.030860271636127364], [0.0, 0.0, 0.0, 1.0]]}, "Hobj2base": {"type": "ndarray", "data": [[0.9999997972790955, -0.0006020043867302917, -0.00020744272996956148, -0.7339877106122764], [-0.0006020833134215599, -0.9999997463110886, -0.00038062244091872536, 0.08942142146162384], [-0.00020721354096452002, 0.0003807472615648052, -0.9999999060470313, -0.0054796795272577265], [0.0, 0.0, 0.0, 1.0]]}, "mean_rme": {"type": "float", "data": 0.0014175982312701885}, "max_rme": {"type": "float", "data": 0.0074005772814561555}, "simu": {"type": "float", "data": 0.002}}, {"type": "dict", "image_number": {"type": "int", "data": 18}, "Hcamera2end": {"type": "ndarray", "data": [[0.9999995325291033, -0.0005928332494467958, -0.0007638653763448453, -0.015421746504032014], [0.0007642396169582604, 0.0006313050833550715, 0.9999995086957292, 0.03466329315791019], [-0.0005923507260902029, -0.9999996250012448, 0.0006317578548937774, 0.03090616330069632], [0.0, 0.0, 0.0, 1.0]]}, "Hobj2base": {"type": "ndarray", "data": [[0.9999998839934231, -0.00045781650847986395, -0.00014972369497039985, -0.7339784789589195], [-0.00045786904000993126, -0.9999998335737297, -0.0003510106196064682, 0.08922521610979435], [-0.00014956297159613612, 0.00035107913273141057, -0.9999999271871773, -0.005941185682221384], [0.0, 0.0, 0.0, 1.0]]}, "mean_rme": {"type": "float", "data": 0.0014035150167792175}, "max_rme": {"type": "float", "data": 0.007711657449422371}, "simu": {"type": "float", "data": 0.002}}, {"type": "dict", "image_number": {"type": "int", "data": 19}, "Hcamera2end": {"type": "ndarray", "data": [[0.9999994131169757, -0.0006071920573258693, -0.0008972644590988536, -0.015509035986298214], [0.0008976286792048697, 0.0005998369020917549, 0.9999994172290525, 0.03465801036450655], [-0.0006066534911384762, -0.9999996357566816, 0.0006003815830620818, 0.030748327146818206], [0.0, 0.0, 0.0, 1.0]]}, "Hobj2base": {"type": "ndarray", "data": [[0.9999998626596067, -0.0004978846535741939, -0.00016368151809731317, -0.7338270398950334], [-0.0004979556794184637, -0.9999997817669126, -0.00043417308546542146, 0.08922579762491656], [-0.00016346531426034196, 0.00043425453197747153, -0.9999998923510403, -0.006124316683852388], [0.0, 0.0, 0.0, 1.0]]}, "mean_rme": {"type": "float", "data": 0.0014417869218726314}, "max_rme": {"type": "float", "data": 0.007579582335283552}, "simu": {"type": "float", "data": 0.002}}, {"type": "dict", "image_number": {"type": "int", "data": 20}, "Hcamera2end": {"type": "ndarray", "data": [[0.9999996546716872, -0.00017613650977479645, -0.0008121775891704837, -0.015308378678086109], [0.000812281033725242, 0.000588023476284838, 0.99999949721383, 0.03308224990782961], [-0.00017565884172645105, -0.9999998116021425, 0.0005881663455699071, 0.03079080065515856], [0.0, 0.0, 0.0, 1.0]]}, "Hobj2base": {"type": "ndarray", "data": [[0.9999999888989466, -0.00010368894965454757, -0.00010700798338358954, -0.7339184302210543], [-0.00010372391149242029, -0.9999999412320246, -0.0003267679561094918, 0.08909013464514186], [-0.00010697409486879728, 0.0003267790517686207, -0.9999999408859952, -0.004491605776607868], [0.0, 0.0, 0.0, 1.0]]}, "mean_rme": {"type": "float", "data": 0.0014192770127411415}, "max_rme": {"type": "float", "data": 0.0069359911399826946}, "simu": {"type": "float", "data": 0.002}}, {"type": "dict", "image_number": {"type": "int", "data": 21}, "Hcamera2end": {"type": "ndarray", "data": [[0.9999996936805438, 7.794433140017942e-05, -0.0007788218665365983, -0.014953367259958633], [0.0007787851890557827, 0.00046948922297251894, 0.9999995865366635, 0.03303102682349086], [7.83099476460102e-05, -0.9999998867522686, 0.0004694283772680441, 0.030937074214793178], [0.0, 0.0, 0.0, 1.0]]}, "Hobj2base": {"type": "ndarray", "data": [[0.9999999910176651, 0.0001323675839496417, 2.105925784778328e-05, -0.733914452227157], [0.00013237453277609626, -0.9999999366871686, -0.0003303068911075713, 0.0894268713856871], [2.101553458932421e-05, 0.00033030967585006237, -0.9999999452269313, -0.0045311273613635504], [0.0, 0.0, 0.0, 1.0]]}, "mean_rme": {"type": "float", "data": 0.0014584671729239126}, "max_rme": {"type": "float", "data": 0.006829194764577939}, "simu": {"type": "float", "data": 0.002}}, {"type": "dict", "image_number": {"type": "int", "data": 22}, "Hcamera2end": {"type": "ndarray", "data": [[0.9999997375098485, 3.722736751948536e-05, -0.000723598201561553, -0.014755366249029612], [0.0007235797250037306, 0.0004939588255820082, 0.9999996162184562, 0.03301357377795421], [3.758478095014522e-05, -0.9999998773093931, 0.0004939317589542913, 0.03133850434924774], [0.0, 0.0, 0.0, 1.0]]}, "Hobj2base": {"type": "ndarray", "data": [[0.9999999947605512, 9.97511627285559e-05, -2.299137013216421e-05, -0.734384206573808], [9.974444902427993e-05, -0.9999999524442691, -0.00029182615493832234, 0.08946713047720237], [-2.3020479037062496e-05, 0.00029182386014776804, -0.9999999571544453, -0.004529698350328171], [0.0, 0.0, 0.0, 1.0]]}, "mean_rme": {"type": "float", "data": 0.0014623798011172053}, "max_rme": {"type": "float", "data": 0.006975327633345213}, "simu": {"type": "float", "data": 0.002}}, {"type": "dict", "image_number": {"type": "int", "data": 23}, "Hcamera2end": {"type": "ndarray", "data": [[0.9999997135885904, 0.00011296068445710585, -0.0007483733164803255, -0.014751311248874395], [0.0007483245038646158, 0.00043154588228300206, 0.9999996268892241, 0.033021416902858106], [0.00011328359973339445, -0.9999999005040122, 0.00043146122743520365, 0.03141197343244063], [0.0, 0.0, 0.0, 1.0]]}, "Hobj2base": {"type": "ndarray", "data": [[0.9999999843666664, 0.00017666953030382506, 7.385396176193703e-06, -0.7344242224163068], [0.00017667211371860214, -0.9999999226961787, -0.00035127567578690816, 0.08947669582654248], [7.323335896625927e-06, 0.00035127697508885143, -0.9999999382754257, -0.004522164319049408], [0.0, 0.0, 0.0, 1.0]]}, "mean_rme": {"type": "float", "data": 0.0014189830114275015}, "max_rme": {"type": "float", "data": 0.006942473785387454}, "simu": {"type": "float", "data": 0.002}}, {"type": "dict", "image_number": {"type": "int", "data": 24}, "Hcamera2end": {"type": "ndarray", "data": [[0.9999997000681552, 0.00010207067284299178, -0.0007677533311096704, -0.014733915598979748], [0.0007677076568416276, 0.0004467655379312152, 0.9999996055126761, 0.033067338857573784], [0.00010241363830737699, -0.9999998949910605, 0.00044668704349493105, 0.03143325788493699], [0.0, 0.0, 0.0, 1.0]]}, "Hobj2base": {"type": "ndarray", "data": [[0.9999999869515241, 0.00015466298531580013, 4.665096516867946e-05, -0.7343925195123205], [0.0001546784104731311, -0.9999999333136576, -0.0003308281589998234, 0.08947004357225329], [4.659979518699975e-05, 0.00033083537058015947, -0.9999999441882073, -0.004507130801758995], [0.0, 0.0, 0.0, 1.0]]}, "mean_rme": {"type": "float", "data": 0.0014042441104332125}, "max_rme": {"type": "float", "data": 0.006985956848350211}, "simu": {"type": "float", "data": 0.002}}, {"type": "dict", "image_number": {"type": "int", "data": 25}, "Hcamera2end": {"type": "ndarray", "data": [[0.9999998001987336, -3.21223106369543e-05, -0.0006313245204385904, -0.014504569383680107], [0.0006313403932892929, 0.0004965507892376042, 0.9999996774232589, 0.03306397334900806], [-3.180881558615507e-05, -0.999999876202728, 0.0004965709701383325, 0.03119814978356917], [0.0, 0.0, 0.0, 1.0]]}, "Hobj2base": {"type": "ndarray", "data": [[0.9999999984358591, 2.1983148541143374e-05, -5.142978713812141e-05, -0.7342928199727083], [2.1972113717145966e-05, -0.9999999767424017, -0.0002145516772219318, 0.08985502340102598], [-5.14345024633782e-05, 0.0002145505468652113, -0.9999999756612772, -0.004467105400133997], [0.0, 0.0, 0.0, 1.0]]}, "mean_rme": {"type": "float", "data": 0.001414220303618957}, "max_rme": {"type": "float", "data": 0.006882383045103968}, "simu": {"type": "float", "data": 0.002}}, {"type": "dict", "image_number": {"type": "int", "data": 26}, "Hcamera2end": {"type": "ndarray", "data": [[0.9999997831193329, -2.5803119091182306e-05, -0.0006580999058847268, -0.014536261198350157], [0.0006581113380206682, 0.00044557590853944173, 0.999999684175738, 0.03302807847017857], [-2.550987747845714e-05, -0.9999999003981491, 0.00044559279322786693, 0.03124794385908941], [0.0, 0.0, 0.0, 1.0]]}, "Hobj2base": {"type": "ndarray", "data": [[0.9999999995739772, 2.657073624250736e-05, -1.2084760334810766e-05, -0.7343277867080343], [2.656748548692168e-05, -0.9999999634889234, -0.000268916940659697, 0.08984079259369598], [-1.2091905214684565e-05, 0.0002689166194834375, -0.9999999637688182, -0.004527132642707375], [0.0, 0.0, 0.0, 1.0]]}, "mean_rme": {"type": "float", "data": 0.0014001654102894288}, "max_rme": {"type": "float", "data": 0.006832625898338107}, "simu": {"type": "float", "data": 0.002}}, {"type": "dict", "image_number": {"type": "int", "data": 27}, "Hcamera2end": {"type": "ndarray", "data": [[0.9999998022677532, 0.00019646965327847752, -0.0005973810591331818, -0.014747291960547491], [0.0005972955029961039, 0.0004352382017911438, 0.9999997269028573, 0.03303314992274461], [0.00019672960268113775, -0.9999998859836847, 0.0004351207652901756, 0.031150042784609682], [0.0, 0.0, 0.0, 1.0]]}, "Hobj2base": {"type": "ndarray", "data": [[0.9999999707313694, 0.0002394935090153849, -3.435286790641073e-05, -0.7341545363191929], [0.00023948627748386568, -0.9999999491980776, -0.0002103572325791091, 0.08975015638972621], [-3.4403245352996135e-05, 0.00021034899938178516, -0.9999999772848576, -0.0045579729094761285], [0.0, 0.0, 0.0, 1.0]]}, "mean_rme": {"type": "float", "data": 0.0014349959013948916}, "max_rme": {"type": "float", "data": 0.006747017422269408}, "simu": {"type": "float", "data": 0.002}}, {"type": "dict", "image_number": {"type": "int", "data": 28}, "Hcamera2end": {"type": "ndarray", "data": [[0.9999997969016293, 0.0002290951250167681, -0.0005947370206839305, -0.014661104056936134], [0.0005946352395248486, 0.00044408686859354063, 0.9999997245978548, 0.033002973432926457], [0.0002293591768246314, -0.9999998751511309, 0.0004439505503656127, 0.031236173666352576], [0.0, 0.0, 0.0, 1.0]]}, "Hobj2base": {"type": "ndarray", "data": [[0.9999999620352051, 0.0002686874009025192, -6.112829794083333e-05, -0.7342948198823376], [0.0002686744624328559, -0.9999999415259286, -0.00021157072948862682, 0.0897447259416407], [-6.118514075582619e-05, 0.00021155429784379878, -0.9999999757505789, -0.004542939801217721], [0.0, 0.0, 0.0, 1.0]]}, "mean_rme": {"type": "float", "data": 0.001426380464067161}, "max_rme": {"type": "float", "data": 0.006802976904403041}, "simu": {"type": "float", "data": 0.002}}, {"type": "dict", "image_number": {"type": "int", "data": 29}, "Hcamera2end": {"type": "ndarray", "data": [[0.999999808953046, 0.0002319713867121228, -0.0005729599874589507, -0.014792278016565857], [0.0005728577460011071, 0.00044057709400413536, 0.9999997388628793, 0.0329183728506377], [0.00023222375918203805, -0.9999998760405421, 0.0004404441232275236, 0.03138868073394486], [0.0, 0.0, 0.0, 1.0]]}, "Hobj2base": {"type": "ndarray", "data": [[0.9999999609871573, 0.00027077542685577247, -6.86028585164766e-05, -0.7343940809004141], [0.00027076202094084115, -0.9999999442636702, -0.00019534734249862266, 0.08957238874595769], [-6.865574995285525e-05, 0.00019532875982895324, -0.9999999785665314, -0.004592206540194151], [0.0, 0.0, 0.0, 1.0]]}, "mean_rme": {"type": "float", "data": 0.001444556928772178}, "max_rme": {"type": "float", "data": 0.006830119859439848}, "simu": {"type": "float", "data": 0.002}}, {"type": "dict", "image_number": {"type": "int", "data": 30}, "Hcamera2end": {"type": "ndarray", "data": [[0.9999997272116571, 0.00030754860879050926, -0.0006715582361802225, -0.014645502067419854], [0.0006714360545922301, 0.0003972067808486468, 0.9999996957001526, 0.03296514974190317], [0.0003078152626886601, -0.9999998738203052, 0.0003970001732708228, 0.03150385824826868], [0.0, 0.0, 0.0, 1.0]]}, "Hobj2base": {"type": "ndarray", "data": [[0.9999999397288503, 0.00034204274789404403, -5.9573940390391046e-05, -0.7344459657588196], [0.0003420248215292542, -0.9999998963112262, -0.00030066020324717176, 0.08968497984758537], [-5.967677285534328e-05, 0.00030063980935970584, -0.9999999530271926, -0.004551232389921204], [0.0, 0.0, 0.0, 1.0]]}, "mean_rme": {"type": "float", "data": 0.001455243086558115}, "max_rme": {"type": "float", "data": 0.00679940641510382}, "simu": {"type": "float", "data": 0.002}}]}