{"type": "list", "data": [{"type": "dict", "image_number": {"type": "int", "data": 5}, "Hcamera2end": {"type": "ndarray", "data": [[0.999991531740756, 0.0034846606725445874, 0.002189426128910318, -0.01905759599263201], [-0.002192755429013646, 0.0009518822845343555, 0.9999971428677906, 0.02038259506416905], [0.003482566640462936, -0.9999934755087722, 0.0009595152323563783, 0.02826590150472387], [0.0, 0.0, 0.0, 1.0]]}, "Hobj2base": {"type": "ndarray", "data": [[0.999994706334261, 0.0032428014253804353, -0.0002674740560972327, -0.7319187476195459], [0.00324304035632166, -0.9999943383573804, 0.0008977429656593216, 0.08587877524846443], [-0.0002645613395860517, -0.0008986056424663343, -0.9999995612575023, 0.003983718260890346], [0.0, 0.0, 0.0, 1.0]]}, "mean_rme": {"type": "float", "data": 0.0019813266059327678}, "max_rme": {"type": "float", "data": 0.005762776629620769}, "simu": {"type": "float", "data": 0.002}}, {"type": "dict", "image_number": {"type": "int", "data": 6}, "Hcamera2end": {"type": "ndarray", "data": [[0.9999934805023158, 0.00330030912976655, 0.0014652346270738787, -0.017547706540948706], [-0.0014660859127415796, 0.0002555366859124941, 0.9999988926459361, 0.020520718576375302], [0.0032999310539551367, -0.9999945213153171, 0.0002603735566645282, 0.030911399613716188], [0.0, 0.0, 0.0, 1.0]]}, "Hobj2base": {"type": "ndarray", "data": [[0.9999949527564023, 0.0031391599906345703, 0.0004900370129341036, -0.7343924152562461], [0.0031390453502022947, -0.9999950456811904, 0.00023453648683721134, 0.08670895699015689], [0.0004907708326903362, -0.0002329970546675519, -0.9999998524281704, 0.003901999669149401], [0.0, 0.0, 0.0, 1.0]]}, "mean_rme": {"type": "float", "data": 0.0018868064614638836}, "max_rme": {"type": "float", "data": 0.00594079828789551}, "simu": {"type": "float", "data": 0.002}}, {"type": "dict", "image_number": {"type": "int", "data": 7}, "Hcamera2end": {"type": "ndarray", "data": [[0.9999928120260675, 0.003727843855337246, 0.0006921534427888456, -0.014571095042478485], [-0.0006948064692833291, 0.0007104305024770996, 0.9999995062661138, 0.020520954570980448], [0.0037273502878562605, -0.9999927992084199, 0.0007130155259483795, 0.03167295090134571], [0.0, 0.0, 0.0, 1.0]]}, "Hobj2base": {"type": "ndarray", "data": [[0.9999936691674693, 0.003551923906655707, -0.0002132171271183911, -0.7345230044082893], [0.003551845688226019, -0.999993625156337, -0.0003661132262792236, 0.08942260220980017], [-0.00021451617421350348, 0.0003653535941440894, -0.9999999102497772, 0.0042307722931578485], [0.0, 0.0, 0.0, 1.0]]}, "mean_rme": {"type": "float", "data": 0.002018322476411898}, "max_rme": {"type": "float", "data": 0.0061203959769696725}, "simu": {"type": "float", "data": 0.002}}, {"type": "dict", "image_number": {"type": "int", "data": 8}, "Hcamera2end": {"type": "ndarray", "data": [[0.9999960090056912, 0.0027871213005562223, 0.0004625230217484616, -0.014362889208360319], [-0.0004645483264268341, 0.0007260618649302941, 0.9999996285144414, 0.020109127006992494], [0.002786784444853165, -0.9999958523859108, 0.0007273537197571844, 0.03185941090717036], [0.0, 0.0, 0.0, 1.0]]}, "Hobj2base": {"type": "ndarray", "data": [[0.9999963198367563, 0.0026938626554889717, -0.0003215850389141661, -0.7344464891142914], [0.002693852719458024, -0.999996371081513, -3.1326210794082125e-05, 0.08972440662416448], [-0.00032166826041766925, 3.0459792776896655e-05, -0.9999999478008645, 0.004685191911052038], [0.0, 0.0, 0.0, 1.0]]}, "mean_rme": {"type": "float", "data": 0.0019274372673814943}, "max_rme": {"type": "float", "data": 0.006035712459263043}, "simu": {"type": "float", "data": 0.002}}, {"type": "dict", "image_number": {"type": "int", "data": 9}, "Hcamera2end": {"type": "ndarray", "data": [[0.9999970995729741, 0.002393081802627984, 0.0002720388303983283, -0.015243059162833375], [-0.0002732069235395235, 0.00048779913895302673, 0.9999998437049761, 0.019853373111363856], [0.0023929487282939766, -0.9999970176012954, 0.0004884515306443626, 0.03348287713983447], [0.0, 0.0, 0.0, 1.0]]}, "Hobj2base": {"type": "ndarray", "data": [[0.9999971696688552, 0.0023683798005804807, -0.00022678491792407868, -0.736244054255737], [0.0023683039472647133, -0.9999971397330265, -0.00033415891303225514, 0.0893097813829538], [-0.00022757568447847739, 0.0003336208716355766, -0.9999999184532073, 0.0047567733031017205], [0.0, 0.0, 0.0, 1.0]]}, "mean_rme": {"type": "float", "data": 0.0020547557660464807}, "max_rme": {"type": "float", "data": 0.005884185230369043}, "simu": {"type": "float", "data": 0.002}}, {"type": "dict", "image_number": {"type": "int", "data": 10}, "Hcamera2end": {"type": "ndarray", "data": [[0.9999966093834215, 0.0025993476333721864, 0.00015688703462145162, -0.01521312678435717], [-0.00015831210645672503, 0.0005480454280719638, 0.9999998372917293, 0.019767247349493033], [0.002599261229214781, -0.9999964715128195, 0.00054845507805934, 0.034045558742067994], [0.0, 0.0, 0.0, 1.0]]}, "Hobj2base": {"type": "ndarray", "data": [[0.9999966883667664, 0.0025568124935937196, -0.0002931985213786405, -0.7368095240307749], [0.002556692302955408, -0.9999966477812134, -0.00040957392987822134, 0.08945901495287378], [-0.00029424474225401187, 0.0004088229551167368, -0.9999998731419038, 0.004898501424329171], [0.0, 0.0, 0.0, 1.0]]}, "mean_rme": {"type": "float", "data": 0.0019377885446028404}, "max_rme": {"type": "float", "data": 0.005929285880905577}, "simu": {"type": "float", "data": 0.002}}, {"type": "dict", "image_number": {"type": "int", "data": 11}, "Hcamera2end": {"type": "ndarray", "data": [[0.9999940997230081, 0.0034211320027948107, -0.0003104432152275713, -0.015174703296079697], [0.0003092631046864218, 0.00034547100388604424, 0.9999998925030532, 0.018924023676955913], [0.0034212388841627795, -0.9999940882353281, 0.0003444109356066649, 0.03392186607689426], [0.0, 0.0, 0.0, 1.0]]}, "Hobj2base": {"type": "ndarray", "data": [[0.9999943623378238, 0.003357204914850252, 6.684107112618068e-05, -0.7369285542371974], [0.00335721890008332, -0.9999943424262885, -0.00021023004406274835, 0.08933127188733592], [6.61349076307172e-05, 0.00021045325896406724, -0.9999999756677995, 0.005506457164656051], [0.0, 0.0, 0.0, 1.0]]}, "mean_rme": {"type": "float", "data": 0.0019636358074208307}, "max_rme": {"type": "float", "data": 0.005744580585966275}, "simu": {"type": "float", "data": 0.002}}, {"type": "dict", "image_number": {"type": "int", "data": 12}, "Hcamera2end": {"type": "ndarray", "data": [[0.9999943958492921, 0.0033250066835646495, -0.0003906412211643036, -0.01523902172464859], [0.0003894615828113105, 0.0003554178283866616, 0.9999998609989116, 0.019653098832939295], [0.0033251450622396065, -0.9999944089887309, 0.00035412087420572114, 0.03388880958941951], [0.0, 0.0, 0.0, 1.0]]}, "Hobj2base": {"type": "ndarray", "data": [[0.99999443057559, 0.0033354437419901356, 0.0001167597766080955, -0.7368092516244428], [0.003335453889141286, -0.9999944335893587, -8.681964521626655e-05, 0.08951466193391482], [0.00011646954463291413, 8.720860853179796e-05, -0.9999999894147515, 0.004774506700241756], [0.0, 0.0, 0.0, 1.0]]}, "mean_rme": {"type": "float", "data": 0.001884960744640809}, "max_rme": {"type": "float", "data": 0.005766868216265042}, "simu": {"type": "float", "data": 0.002}}, {"type": "dict", "image_number": {"type": "int", "data": 13}, "Hcamera2end": {"type": "ndarray", "data": [[0.999994481734753, 0.003301353954158215, -0.00037089366683074293, -0.01537523848829931], [0.00036971707945232936, 0.00035699855513937617, 0.9999998679306477, 0.019881490695359973], [0.003301485926653705, -0.9999944867918527, 0.0003557760181844838, 0.03367872567841618], [0.0, 0.0, 0.0, 1.0]]}, "Hobj2base": {"type": "ndarray", "data": [[0.9999945080700382, 0.0033121144749669344, 0.00011716427404260612, -0.7367554244789241], [0.0033121222198357354, -0.999994512732093, -6.597049376195796e-05, 0.08922833056120988], [0.00011694512930353556, 6.635819385205412e-05, -0.999999990960214, 0.004731073904528072], [0.0, 0.0, 0.0, 1.0]]}, "mean_rme": {"type": "float", "data": 0.0018711210770832611}, "max_rme": {"type": "float", "data": 0.005951998228666544}, "simu": {"type": "float", "data": 0.002}}, {"type": "dict", "image_number": {"type": "int", "data": 14}, "Hcamera2end": {"type": "ndarray", "data": [[0.9999933086126261, 0.003623373129654451, -0.0005038820658474904, -0.01580967238780575], [0.0005011128588856329, 0.0007651294097636985, 0.9999995817313572, 0.019690738405797395], [0.0036237571490987212, -0.9999931428485647, 0.0007633085711186149, 0.03342462506089207], [0.0, 0.0, 0.0, 1.0]]}, "Hobj2base": {"type": "ndarray", "data": [[0.9999935815485012, 0.0035782596626780924, -0.000181437558586311, -0.7364869198013579], [0.00357819021172643, -0.999993525419631, -0.0003816721452972858, 0.08877736640248632], [-0.00018280210589614106, 0.00038102047745695964, -0.999999910703389, 0.004884639196248125], [0.0, 0.0, 0.0, 1.0]]}, "mean_rme": {"type": "float", "data": 0.0018128296422547049}, "max_rme": {"type": "float", "data": 0.0059031571087965196}, "simu": {"type": "float", "data": 0.002}}, {"type": "dict", "image_number": {"type": "int", "data": 15}, "Hcamera2end": {"type": "ndarray", "data": [[0.9999919685172964, 0.003990175369047478, -0.00037603381067016295, -0.01604427494017758], [0.0003729526680217932, 0.0007728982458330425, 0.9999996317672366, 0.019662624153790383], [0.003990464535606817, -0.9999917405303034, 0.0007714038917643329, 0.03356281828725663], [0.0, 0.0, 0.0, 1.0]]}, "Hobj2base": {"type": "ndarray", "data": [[0.9999922416178625, 0.003930593057907523, -0.00025911830453984573, -0.7364623307248366], [0.003930522864659902, -0.9999922387856761, -0.0002708475998472078, 0.08852795239515716], [-0.0002601808851628592, 0.00026982702808738137, -0.9999999297496387, 0.004867913517563224], [0.0, 0.0, 0.0, 1.0]]}, "mean_rme": {"type": "float", "data": 0.0017666978066872795}, "max_rme": {"type": "float", "data": 0.005832075122103375}, "simu": {"type": "float", "data": 0.002}}, {"type": "dict", "image_number": {"type": "int", "data": 16}, "Hcamera2end": {"type": "ndarray", "data": [[0.9999893924268297, 0.00457515691953291, -0.0005319520481991396, -0.016093214609036486], [0.000528739640746542, 0.0007033223619444806, 0.9999996128859489, 0.020320896349944297], [0.004575529282196361, -0.9999892865810197, 0.0007008958345749994, 0.033455484160084696], [0.0, 0.0, 0.0, 1.0]]}, "Hobj2base": {"type": "ndarray", "data": [[0.9999898694592506, 0.004497833271825901, -0.00017457012837545388, -0.7365637019148282], [0.004497795575097147, -0.9999898615951834, -0.00021573550958302033, 0.08858018681107543], [-0.0001755387008657404, 0.00021494814331469815, -0.9999999614917292, 0.0041585212842740575], [0.0, 0.0, 0.0, 1.0]]}, "mean_rme": {"type": "float", "data": 0.001807645326223566}, "max_rme": {"type": "float", "data": 0.005805725042818288}, "simu": {"type": "float", "data": 0.002}}, {"type": "dict", "image_number": {"type": "int", "data": 17}, "Hcamera2end": {"type": "ndarray", "data": [[0.9999889466977987, 0.004665570621101577, -0.0005821795313178651, -0.016145640397493326], [0.0005790301965556337, 0.0006763383226994213, 0.9999996036451737, 0.020423259967970297], [0.004665962522207866, -0.9999888874468819, 0.0006736293406538474, 0.033540587328120666], [0.0, 0.0, 0.0, 1.0]]}, "Hobj2base": {"type": "ndarray", "data": [[0.9999894666571011, 0.004587715412115763, -0.00013943508870758214, -0.7364636289840625], [0.004587686165689191, -0.9999894545984169, -0.0002093504366089546, 0.08849207176417169], [-0.00014039405853314105, 0.00020870854702154435, -0.9999999683651246, 0.004200976942323971], [0.0, 0.0, 0.0, 1.0]]}, "mean_rme": {"type": "float", "data": 0.0017943646129747902}, "max_rme": {"type": "float", "data": 0.005960728674933136}, "simu": {"type": "float", "data": 0.002}}, {"type": "dict", "image_number": {"type": "int", "data": 18}, "Hcamera2end": {"type": "ndarray", "data": [[0.9999880887380983, 0.0048608849398190735, -0.00044065806136660453, -0.016884200870920157], [0.00043739643396698176, 0.0006720372366433303, 0.9999996785251046, 0.02034611643157874], [0.00486117951579246, -0.9999879600092967, 0.0006699030980932275, 0.03328677239162822], [0.0, 0.0, 0.0, 1.0]]}, "Hobj2base": {"type": "ndarray", "data": [[0.9999886029955143, 0.0047702167198463066, -0.00019726004518969887, -0.7359811786840393], [0.0047702010068955535, -0.9999886193224201, -8.004993884739504e-05, 0.08795768455477221], [-0.00019763965579343778, 7.910805645169875e-05, -0.9999999773402402, 0.00440464490577366], [0.0, 0.0, 0.0, 1.0]]}, "mean_rme": {"type": "float", "data": 0.0017954015651152934}, "max_rme": {"type": "float", "data": 0.006069017517184139}, "simu": {"type": "float", "data": 0.002}}, {"type": "dict", "image_number": {"type": "int", "data": 19}, "Hcamera2end": {"type": "ndarray", "data": [[0.9999881810735188, 0.004844132773832886, -0.0004148384563871857, -0.017154666339595358], [0.00041157009346389287, 0.0006756828438330142, 0.9999996870313274, 0.02020679684005882], [0.004844411556999025, -0.9999880388436474, 0.0006736811578086366, 0.03307533129847587], [0.0, 0.0, 0.0, 1.0]]}, "Hobj2base": {"type": "ndarray", "data": [[0.9999886626137089, 0.004757004919278198, -0.00021342034552367678, -0.7356773987870425], [0.004756995941517039, -0.999988684525364, -4.255401800358598e-05, 0.08782662832694986], [-0.00021362036024414832, 4.153829583475233e-05, -0.9999999763204555, 0.004484026634558611], [0.0, 0.0, 0.0, 1.0]]}, "mean_rme": {"type": "float", "data": 0.0018019833258474394}, "max_rme": {"type": "float", "data": 0.0060064319919607145}, "simu": {"type": "float", "data": 0.002}}, {"type": "dict", "image_number": {"type": "int", "data": 20}, "Hcamera2end": {"type": "ndarray", "data": [[0.9999863482155333, 0.005205369087240834, -0.00045553839320325046, -0.016614336014280043], [0.0004522719923521737, 0.0006286659997851718, 0.9999997001145079, 0.02024473555894674], [0.005205653907725567, -0.9999862543613919, 0.0006263031747244518, 0.033031771881651247], [0.0, 0.0, 0.0, 1.0]]}, "Hobj2base": {"type": "ndarray", "data": [[0.9999869536507704, 0.00510434523675767, -0.00019541738902098082, -0.7353849107580962], [0.005104326494254875, -0.9999869682048195, -9.62890112192644e-05, 0.08819856551026212], [-0.0001959063347373615, 9.529028084297915e-05, -0.9999999762702352, 0.004473126854043582], [0.0, 0.0, 0.0, 1.0]]}, "mean_rme": {"type": "float", "data": 0.0018655005635199587}, "max_rme": {"type": "float", "data": 0.006026915887286766}, "simu": {"type": "float", "data": 0.002}}, {"type": "dict", "image_number": {"type": "int", "data": 21}, "Hcamera2end": {"type": "ndarray", "data": [[0.9999844250620114, 0.005561941257217949, -0.0004630797447190394, -0.01657509513839337], [0.00045929721034130037, 0.0006813325419541272, 0.9999996624159628, 0.020263421582555226], [0.005562254890894961, -0.9999843001744668, 0.0006787673461384758, 0.03307199295003357], [0.0, 0.0, 0.0, 1.0]]}, "Hobj2base": {"type": "ndarray", "data": [[0.9999849823036023, 0.005478577016223868, -0.00014269247172409762, -0.7353608065050731], [0.005478570088856334, -0.9999849913269858, -4.889325075957226e-05, 0.08820427536456835], [-0.00014295819553930775, 4.811076578808384e-05, -0.9999999886241544, 0.00448683837826219], [0.0, 0.0, 0.0, 1.0]]}, "mean_rme": {"type": "float", "data": 0.0018329449694740642}, "max_rme": {"type": "float", "data": 0.006083824780318436}, "simu": {"type": "float", "data": 0.002}}, {"type": "dict", "image_number": {"type": "int", "data": 22}, "Hcamera2end": {"type": "ndarray", "data": [[0.9999840221506331, 0.005634280590660045, -0.00045861276472594767, -0.016233739872015665], [0.00045517518205789084, 0.0006113863360561744, 0.999999709511109, 0.020257327580648892], [0.005634559343542017, -0.9999839404155321, 0.0006088119827237781, 0.03304510934618264], [0.0, 0.0, 0.0, 1.0]]}, "Hobj2base": {"type": "ndarray", "data": [[0.999984538381027, 0.005560311497519829, -7.703852863597213e-05, -0.735154731087001], [0.005560306243232489, -0.9999845390486548, -6.825050284575705e-05, 0.08847691416177754], [-7.741683160271396e-05, 6.782108977074329e-05, -0.999999994703467, 0.0044387031757463025], [0.0, 0.0, 0.0, 1.0]]}, "mean_rme": {"type": "float", "data": 0.0018335774851820435}, "max_rme": {"type": "float", "data": 0.006032745712786003}, "simu": {"type": "float", "data": 0.002}}, {"type": "dict", "image_number": {"type": "int", "data": 23}, "Hcamera2end": {"type": "ndarray", "data": [[0.9999837954703893, 0.005669047965776936, -0.0005202804978243301, -0.016111769004399236], [0.0005174682111965651, 0.0004975329050389554, 0.9999997423437961, 0.020180292461427492], [0.005669305361779075, -0.9999838070469791, 0.0004945912906422212, 0.03322959495696247], [0.0, 0.0, 0.0, 1.0]]}, "Hobj2base": {"type": "ndarray", "data": [[0.9999842422662286, 0.0056138417525470954, 1.1840858776801951e-07, -0.7352204046912272], [0.005613841693009899, -0.9999842281121782, -0.0001682508154785403, 0.0886107298134041], [-8.261267325924705e-07, 0.00016824882895404998, -0.9999999858458244, 0.004538384341896928], [0.0, 0.0, 0.0, 1.0]]}, "mean_rme": {"type": "float", "data": 0.001807943619467786}, "max_rme": {"type": "float", "data": 0.00606056007496969}, "simu": {"type": "float", "data": 0.002}}, {"type": "dict", "image_number": {"type": "int", "data": 24}, "Hcamera2end": {"type": "ndarray", "data": [[0.9999843467846622, 0.005572535430923815, -0.0005030253706623665, -0.01589120814435855], [0.0005003078892162624, 0.000489039468602348, 0.9999997552661771, 0.020222540248997396], [0.005572780066395878, -0.9999843537222316, 0.00048624383012330075, 0.033149106002185444], [0.0, 0.0, 0.0, 1.0]]}, "Hobj2base": {"type": "ndarray", "data": [[0.9999847508616404, 0.005522502558730083, -3.109937372612365e-06, -0.7352652500862011], [0.005522502095417834, -0.9999847419939405, -0.00013322882047197033, 0.08886373798194636], [-3.845646423122136e-06, 0.00013320961421159661, -0.9999999911202049, 0.004509244104085074], [0.0, 0.0, 0.0, 1.0]]}, "mean_rme": {"type": "float", "data": 0.0018049882480353835}, "max_rme": {"type": "float", "data": 0.006068464891839098}, "simu": {"type": "float", "data": 0.002}}, {"type": "dict", "image_number": {"type": "int", "data": 25}, "Hcamera2end": {"type": "ndarray", "data": [[0.9999858540863699, 0.005312686398400636, -0.00025882500963473123, -0.015924525396908744], [0.0002565801809548329, 0.00042321838202674655, 0.9999998775263985, 0.020085571148688437], [0.005312795287238604, -0.9999857980238687, 0.00042184926517851995, 0.033105157051379244], [0.0, 0.0, 0.0, 1.0]]}, "Hobj2base": {"type": "ndarray", "data": [[0.9999860014058377, 0.005290406090679816, 9.271331974898032e-05, -0.7352409520120158], [0.005290408501457708, -0.9999860053588026, -2.5776569729157042e-05, 0.08894146035289503], [9.257565373784431e-05, 2.626670022841688e-05, -0.9999999953699039, 0.004401339989749329], [0.0, 0.0, 0.0, 1.0]]}, "mean_rme": {"type": "float", "data": 0.0018613729375957435}, "max_rme": {"type": "float", "data": 0.005825002563983328}, "simu": {"type": "float", "data": 0.002}}, {"type": "dict", "image_number": {"type": "int", "data": 26}, "Hcamera2end": {"type": "ndarray", "data": [[0.9999879973582524, 0.004890782380894865, -0.00029221077086323847, -0.016032801808578384], [0.00029008758348327435, 0.00043482394275085046, 0.9999998633886572, 0.020233445984572815], [0.004890908772998017, -0.9999879455152657, 0.0004333999684725809, 0.0329259977704523], [0.0, 0.0, 0.0, 1.0]]}, "Hobj2base": {"type": "ndarray", "data": [[0.9999880585455615, 0.004885693429350288, 0.00011298669382854291, -0.7352194732069192], [0.004885699521668778, -0.9999880634565947, -5.370766885089654e-05, 0.08877749379625377], [0.00011272294595315725, 5.4259046539209013e-05, -0.9999999921747469, 0.004327754378433703], [0.0, 0.0, 0.0, 1.0]]}, "mean_rme": {"type": "float", "data": 0.0019100081322602296}, "max_rme": {"type": "float", "data": 0.005910263004195393}, "simu": {"type": "float", "data": 0.002}}, {"type": "dict", "image_number": {"type": "int", "data": 27}, "Hcamera2end": {"type": "ndarray", "data": [[0.9999885952611922, 0.004773114456086612, -0.0001634806921175882, -0.01606899453240243], [0.00016153261597397824, 0.00040851788169371517, 0.9999999035101722, 0.020172431621954607], [0.004773180780315663, -0.9999885251799286, 0.0004077422089895366, 0.03293018584697836], [0.0, 0.0, 0.0, 1.0]]}, "Hobj2base": {"type": "ndarray", "data": [[0.9999886527677734, 0.004760385476686413, 0.00018184005869437993, -0.7351940231340522], [0.004760376696975167, -0.9999886681575343, 4.8684942570330154e-05, 0.08882900024395221], [0.00018206975720502598, -4.781876295299554e-05, -0.9999999822819845, 0.0043346080578951325], [0.0, 0.0, 0.0, 1.0]]}, "mean_rme": {"type": "float", "data": 0.0018645655995098388}, "max_rme": {"type": "float", "data": 0.005864629798469689}, "simu": {"type": "float", "data": 0.002}}, {"type": "dict", "image_number": {"type": "int", "data": 28}, "Hcamera2end": {"type": "ndarray", "data": [[0.999988343103392, 0.004826925155472521, -0.00012021179714060467, -0.016204490336460882], [0.00011808142226549722, 0.00044163493490523287, 0.9999998955076752, 0.020091921261691917], [0.004826977740825097, -0.9999882528070654, 0.00044105981662490024, 0.03284843604966189], [0.0, 0.0, 0.0, 1.0]]}, "Hobj2base": {"type": "ndarray", "data": [[0.9999883607092885, 0.004822824669094492, 0.00013714284879327604, -0.7350810146387448], [0.004822819660557265, -0.99998836945948, 3.6827874106355845e-05, 0.08878992209718597], [0.00013731886812756657, -3.616603022855779e-05, -0.9999999899177732, 0.004527221705195898], [0.0, 0.0, 0.0, 1.0]]}, "mean_rme": {"type": "float", "data": 0.0018616079634026289}, "max_rme": {"type": "float", "data": 0.005967109875529175}, "simu": {"type": "float", "data": 0.002}}, {"type": "dict", "image_number": {"type": "int", "data": 29}, "Hcamera2end": {"type": "ndarray", "data": [[0.999988136409538, 0.004869670766059443, -0.00011552839195323955, -0.01618422953153493], [0.0001132729692140508, 0.00046343038876295317, 0.999999886200748, 0.020187732108010115], [0.004869723751262149, -0.9999880356978801, 0.00046287328874783373, 0.03295733418919411], [0.0, 0.0, 0.0, 1.0]]}, "Hobj2base": {"type": "ndarray", "data": [[0.9999881873800309, 0.004858742927515201, 0.00013310734194247993, -0.7351587016124157], [0.004858739321392342, -0.9999881958810046, 2.7401826635603e-05, 0.08869962911248029], [0.00013323890915894324, -2.6754769071976552e-05, -0.9999999907657875, 0.004389152154823508], [0.0, 0.0, 0.0, 1.0]]}, "mean_rme": {"type": "float", "data": 0.001840798205288949}, "max_rme": {"type": "float", "data": 0.005926629763909563}, "simu": {"type": "float", "data": 0.002}}, {"type": "dict", "image_number": {"type": "int", "data": 30}, "Hcamera2end": {"type": "ndarray", "data": [[0.9999874605571885, 0.005006430962623241, -0.0001199058047851669, -0.016130326068944392], [0.00011781564408649102, 0.0004177879930948869, 0.9999999057863288, 0.02015163694015178], [0.005006480586154542, -0.9999873804714782, 0.0004171929183778289, 0.03303643324031381], [0.0, 0.0, 0.0, 1.0]]}, "Hobj2base": {"type": "ndarray", "data": [[0.9999875188447913, 0.004994144305034137, 0.00014379603120405777, -0.7351458976529063], [0.0049941423525101695, -0.9999875290962372, 1.3934298329774283e-05, 0.08876229495329738], [0.0001438638278342395, -1.3215986564075046e-05, -0.9999999895642682, 0.004421810032795526], [0.0, 0.0, 0.0, 1.0]]}, "mean_rme": {"type": "float", "data": 0.001818678054064895}, "max_rme": {"type": "float", "data": 0.005918253775472837}, "simu": {"type": "float", "data": 0.002}}]}