{"type": "list", "data": [{"type": "dict", "image_number": {"type": "int", "data": 5}, "Hcamera2end": {"type": "ndarray", "data": [[0.9999821429054533, -0.00261154476575568, 0.005375286425314082, -0.012019014655483752], [-0.0053766639335364776, -0.0005207346180486905, 0.9999854100537683, 0.01701217322007253], [-0.0026087075657343787, -0.9999964543284109, -0.0005347667177941773, 0.029591649075158745], [0.0, 0.0, 0.0, 1.0]]}, "Hobj2base": {"type": "ndarray", "data": [[0.9999932376311726, -0.0021882772529387704, -0.00295569528019298, -0.7292312376411487], [-0.0022040210134745735, -0.9999833459124752, -0.0053338718640424795, 0.09744033395667344], [-0.002943974065314914, 0.00534035020894063, -0.9999814066653179, 0.005188940707533241], [0.0, 0.0, 0.0, 1.0]]}, "mean_rme": {"type": "float", "data": 0.001775749873241254}, "max_rme": {"type": "float", "data": 0.0038949159261645327}, "simu": {"type": "float", "data": 0.002}}, {"type": "dict", "image_number": {"type": "int", "data": 6}, "Hcamera2end": {"type": "ndarray", "data": [[0.9999959465253436, -0.0014088932456886567, 0.0024742580108498948, -0.011401217885936413], [-0.0024830784989446986, -0.006293630714376164, 0.9999771120048698, 0.016560369978755676], [-0.001393288932734535, -0.9999792023998569, -0.006297103595829245, 0.03297254912883593], [0.0, 0.0, 0.0, 1.0]]}, "Hobj2base": {"type": "ndarray", "data": [[0.9999934609477381, -0.0014363091951242867, 0.0033188970548405803, -0.7291079687689729], [-0.0014129978652051133, -0.9999743926284859, -0.007015520246080683, 0.0958111079065533], [0.0033288885228487074, 0.007010784776773823, -0.9999698832454984, 0.003576927567927083], [0.0, 0.0, 0.0, 1.0]]}, "mean_rme": {"type": "float", "data": 0.0018336750808070998}, "max_rme": {"type": "float", "data": 0.0043421962988242635}, "simu": {"type": "float", "data": 0.002}}, {"type": "dict", "image_number": {"type": "int", "data": 7}, "Hcamera2end": {"type": "ndarray", "data": [[0.9999944079768811, 0.003295773606834109, 0.0005673546505393333, -0.013487386705954313], [-0.0005560253533629645, -0.0034374226586821877, 0.999993937462259, 0.014332230990716194], [0.0032977038638135037, -0.9999886609366121, -0.0034355709028508485, 0.03184894152130964], [0.0, 0.0, 0.0, 1.0]]}, "Hobj2base": {"type": "ndarray", "data": [[0.9999923380168473, 0.00356953619829608, 0.0016069595291948065, -0.7309673201709249], [0.0035807802154474372, -0.9999687412342988, -0.007049437377575561, 0.09163302875391428], [0.0015817460757265149, 0.0070551375337943025, -0.9999738612152473, 0.005369847475366761], [0.0, 0.0, 0.0, 1.0]]}, "mean_rme": {"type": "float", "data": 0.0017315404297093444}, "max_rme": {"type": "float", "data": 0.00545807509823798}, "simu": {"type": "float", "data": 0.002}}, {"type": "dict", "image_number": {"type": "int", "data": 8}, "Hcamera2end": {"type": "ndarray", "data": [[0.9999919963594283, 0.00382431111579241, 0.0011755260842825268, -0.015567197471963943], [-0.0011557678840787488, -0.005164587118442476, 0.9999859955221844, 0.014294145509303998], [0.0038303286651845073, -0.9999793506289945, -0.005160125766977108, 0.034598541573514385], [0.0, 0.0, 0.0, 1.0]]}, "Hobj2base": {"type": "ndarray", "data": [[0.9999862051743283, 0.00405389767087156, 0.0033399662753104977, -0.7326253385145969], [0.004074947001081621, -0.9999717274229509, -0.0063197438000619135, 0.08975633643218295], [0.003314252251185061, 0.006333266805855192, -0.9999744524054512, 0.0053010243760373], [0.0, 0.0, 0.0, 1.0]]}, "mean_rme": {"type": "float", "data": 0.0016517748931960707}, "max_rme": {"type": "float", "data": 0.005736293437648254}, "simu": {"type": "float", "data": 0.002}}, {"type": "dict", "image_number": {"type": "int", "data": 9}, "Hcamera2end": {"type": "ndarray", "data": [[0.9999903997186752, 0.0037831147976975514, 0.0022109981708659425, -0.016930887088449212], [-0.0022072937819818702, -0.0009830854057564231, 0.9999970806943612, 0.014140505137525444], [0.003785277353663123, -0.9999923607635772, -0.0009747255220904361, 0.03302920567730082], [0.0, 0.0, 0.0, 1.0]]}, "Hobj2base": {"type": "ndarray", "data": [[0.9999921509956298, 0.003952818549341445, -0.0002705044353828946, -0.7337733350298838], [0.003951730309337548, -0.9999845408399184, -0.003911765424985234, 0.08938239972628005], [-0.00028596275254407936, 0.003910665760945205, -0.9999923124297561, 0.006742891908786359], [0.0, 0.0, 0.0, 1.0]]}, "mean_rme": {"type": "float", "data": 0.0016191648290652789}, "max_rme": {"type": "float", "data": 0.00589775003288584}, "simu": {"type": "float", "data": 0.002}}, {"type": "dict", "image_number": {"type": "int", "data": 10}, "Hcamera2end": {"type": "ndarray", "data": [[0.9999910558014837, 0.0038255161519682064, 0.0018038135172273265, -0.015722146480763075], [-0.0017968980651819576, -0.0018103846555519443, 0.9999967468270794, 0.014359598821314719], [0.00382876930321572, -0.9999910439266793, -0.0018034944005402842, 0.03290192183693909], [0.0, 0.0, 0.0, 1.0]]}, "Hobj2base": {"type": "ndarray", "data": [[0.9999918578134032, 0.0039987032117949775, 0.0005428439209960204, -0.7335151405259277], [0.00400085193943643, -0.9999839297379662, -0.004016646558042854, 0.09052602320065026], [0.0005267738198596755, 0.004018785691911213, -0.9999917859017164, 0.006790375360898671], [0.0, 0.0, 0.0, 1.0]]}, "mean_rme": {"type": "float", "data": 0.0019078221681735966}, "max_rme": {"type": "float", "data": 0.005975271393081627}, "simu": {"type": "float", "data": 0.002}}, {"type": "dict", "image_number": {"type": "int", "data": 11}, "Hcamera2end": {"type": "ndarray", "data": [[0.9999912133427049, 0.003899890532287849, 0.001537560152003155, -0.01618029862033591], [-0.0015280822271827128, -0.002432121833777723, 0.999995874865538, 0.014114516763702168], [0.003903613978331449, -0.9999894377628304, -0.0024261411101462738, 0.03366845537849523], [0.0, 0.0, 0.0, 1.0]]}, "Hobj2base": {"type": "ndarray", "data": [[0.9999910674670699, 0.004068812550997913, 0.0011444433122081397, -0.733775128302592], [0.004073439946256097, -0.9999834188562291, -0.0040705158900539735, 0.08985498167973503], [0.0011278621698865548, 0.0040751413511409176, -0.9999910605349898, 0.006535503891802009], [0.0, 0.0, 0.0, 1.0]]}, "mean_rme": {"type": "float", "data": 0.001949587050305508}, "max_rme": {"type": "float", "data": 0.006064746135230004}, "simu": {"type": "float", "data": 0.002}}, {"type": "dict", "image_number": {"type": "int", "data": 12}, "Hcamera2end": {"type": "ndarray", "data": [[0.9999892661713607, 0.004391484607237581, 0.0014772965199203797, -0.016423412292480028], [-0.0014646845614451401, -0.002873742386680256, 0.9999947981383855, 0.013949113573099022], [0.0043957071329693625, -0.9999862281389876, -0.002867279400716072, 0.03501503146689766], [0.0, 0.0, 0.0, 1.0]]}, "Hobj2base": {"type": "ndarray", "data": [[0.9999884681814999, 0.004524971667739886, 0.0016087682939102826, -0.7348263279776361], [0.004531383782526631, -0.9999817143839309, -0.004004679611375849, 0.08923777270737138], [0.0015906178148110647, 0.004011923376694288, -0.999990687159529, 0.006459297319195885], [0.0, 0.0, 0.0, 1.0]]}, "mean_rme": {"type": "float", "data": 0.0020245059638732735}, "max_rme": {"type": "float", "data": 0.0062137020822390365}, "simu": {"type": "float", "data": 0.002}}, {"type": "dict", "image_number": {"type": "int", "data": 13}, "Hcamera2end": {"type": "ndarray", "data": [[0.9999881539398163, 0.004755233687356865, 0.0010391018318077036, -0.0161640133505563], [-0.0010250653805268096, -0.002953275867408456, 0.9999951136893706, 0.013966825835793766], [0.00475827920617161, -0.9999843328343849, -0.0029483664572955703, 0.03505457176733132], [0.0, 0.0, 0.0, 1.0]]}, "Hobj2base": {"type": "ndarray", "data": [[0.9999869706250775, 0.004819440169230141, 0.0016827288954948372, -0.7350959095331339], [0.004826246089394967, -0.9999800945586463, -0.0040642139663817425, 0.0891142020322678], [0.0016631081639875683, 0.004072282275965603, -0.9999903252473492, 0.006133422404187431], [0.0, 0.0, 0.0, 1.0]]}, "mean_rme": {"type": "float", "data": 0.0020257126413947943}, "max_rme": {"type": "float", "data": 0.006426726258633664}, "simu": {"type": "float", "data": 0.002}}, {"type": "dict", "image_number": {"type": "int", "data": 14}, "Hcamera2end": {"type": "ndarray", "data": [[0.9999875125661664, 0.0049742790245250745, 0.00048089491314776784, -0.015597508182607474], [-0.0004684204327805343, -0.002508657775441181, 0.9999967436039299, 0.014077002221437247], [0.004975469227065446, -0.9999844814717636, -0.002506296394809704, 0.03454568560942668], [0.0, 0.0, 0.0, 1.0]]}, "Hobj2base": {"type": "ndarray", "data": [[0.9999866947453999, 0.0050220222265412685, 0.001178823534891713, -0.734774098964599], [0.0050264193120426294, -0.9999803090194206, -0.0037572173643666924, 0.08880800702261146], [0.001159931493586585, 0.0037630926350143415, -0.9999922468163189, 0.006296022769608651], [0.0, 0.0, 0.0, 1.0]]}, "mean_rme": {"type": "float", "data": 0.0021004732199566183}, "max_rme": {"type": "float", "data": 0.006172819909033955}, "simu": {"type": "float", "data": 0.002}}, {"type": "dict", "image_number": {"type": "int", "data": 15}, "Hcamera2end": {"type": "ndarray", "data": [[0.9999869960311452, 0.005078777358020412, 0.00046237339251097454, -0.01534363909441451], [-0.00044872810618770947, -0.0026875376147419416, 0.9999962878854383, 0.01393552515095906], [0.005080001150901454, -0.9999834914447925, -0.0026852236759407067, 0.03468679988124371], [0.0, 0.0, 0.0, 1.0]]}, "Hobj2base": {"type": "ndarray", "data": [[0.9999859976363111, 0.0051120551752410655, 0.0013679997064794814, -0.7348695583872134], [0.005117144581360438, -0.9999799019888058, -0.0037430535385215256, 0.0890337564463918], [0.0013488375161932631, 0.003750001379209886, -0.9999920590319762, 0.0062465936401115895], [0.0, 0.0, 0.0, 1.0]]}, "mean_rme": {"type": "float", "data": 0.0020694146676247154}, "max_rme": {"type": "float", "data": 0.0063101628378519625}, "simu": {"type": "float", "data": 0.002}}, {"type": "dict", "image_number": {"type": "int", "data": 16}, "Hcamera2end": {"type": "ndarray", "data": [[0.999988378716557, 0.004807348580312664, 0.0003630860216363558, -0.015482104055928717], [-0.0003534372427708454, -0.0020077869499510737, 0.9999979219346803, 0.014065034024174056], [0.004808067589704252, -0.9999864290035095, -0.002006064520862605, 0.03429190822230894], [0.0, 0.0, 0.0, 1.0]]}, "Hobj2base": {"type": "ndarray", "data": [[0.999987997855565, 0.004830577871219064, 0.0008183289366781182, -0.7349754619704251], [0.004833287342852008, -0.9999827350095762, -0.00334200781405709, 0.08893846089985838], [0.0008021709792448376, 0.003345922921688539, -0.9999940806432419, 0.006435415236493252], [0.0, 0.0, 0.0, 1.0]]}, "mean_rme": {"type": "float", "data": 0.002001141583462795}, "max_rme": {"type": "float", "data": 0.006324534573408924}, "simu": {"type": "float", "data": 0.002}}, {"type": "dict", "image_number": {"type": "int", "data": 17}, "Hcamera2end": {"type": "ndarray", "data": [[0.9999901457332359, 0.0044169248414489565, 0.0004463310057886429, -0.015347564403561593], [-0.00044022709883768463, -0.0013828116406400248, 0.9999989470154796, 0.014006959085042901], [0.004417537382205853, -0.9999892892460956, -0.0013808535640364994, 0.03407553835065767], [0.0, 0.0, 0.0, 1.0]]}, "Hobj2base": {"type": "ndarray", "data": [[0.9999900686501942, 0.004445647611941833, 0.00031435376620583995, -0.7349644753689722], [0.0044465520052781055, -0.9999858000294022, -0.002937331241167886, 0.08925607106990659], [0.00030129096277382243, 0.0029386998598733235, -0.9999956366239249, 0.00672201622711198], [0.0, 0.0, 0.0, 1.0]]}, "mean_rme": {"type": "float", "data": 0.0019310607347153262}, "max_rme": {"type": "float", "data": 0.006217662406091673}, "simu": {"type": "float", "data": 0.002}}, {"type": "dict", "image_number": {"type": "int", "data": 18}, "Hcamera2end": {"type": "ndarray", "data": [[0.9999861182525338, 0.005261316556880882, 0.00028609494521985093, -0.01531847759777642], [-0.0002803999520272324, -0.0010831331863834226, 0.9999993740989879, 0.01346229061881871], [0.005261623142747147, -0.9999855725812192, -0.0010816428776918574, 0.03403956560547781], [0.0, 0.0, 0.0, 1.0]]}, "Hobj2base": {"type": "ndarray", "data": [[0.9999855648126463, 0.005369956452740099, 0.00018366825604399225, -0.7351132686771291], [0.0053704367340915386, -0.9999818720343681, -0.0027228683268534235, 0.08910150850743892], [0.00016904324217041088, 0.0027238154004881315, -0.9999962761200893, 0.007240378249855545], [0.0, 0.0, 0.0, 1.0]]}, "mean_rme": {"type": "float", "data": 0.001910087369674676}, "max_rme": {"type": "float", "data": 0.006294132953529652}, "simu": {"type": "float", "data": 0.002}}, {"type": "dict", "image_number": {"type": "int", "data": 19}, "Hcamera2end": {"type": "ndarray", "data": [[0.9999863016302667, 0.005231460067552794, 0.00016845587838646694, -0.015087892554735114], [-0.0001642735849053962, -0.0007998699303861656, 0.9999996666110863, 0.01355520131534742], [0.005231593066233723, -0.9999859959187708, -0.0007989995827724083, 0.03362999308669987], [0.0, 0.0, 0.0, 1.0]]}, "Hobj2base": {"type": "ndarray", "data": [[0.9999856567800098, 0.005355182578087573, -9.085046876862438e-05, -0.7348224458470285], [0.005354930175238854, -0.999982328803579, -0.0025820153734609007, 0.08904254365445823], [-0.00010467602707645794, 0.0025814918411297375, -0.9999966624658319, 0.007191324034129026], [0.0, 0.0, 0.0, 1.0]]}, "mean_rme": {"type": "float", "data": 0.0018926351618766039}, "max_rme": {"type": "float", "data": 0.006138878398898984}, "simu": {"type": "float", "data": 0.002}}, {"type": "dict", "image_number": {"type": "int", "data": 20}, "Hcamera2end": {"type": "ndarray", "data": [[0.9999836477590843, 0.00571541398294371, 0.00019559508970664035, -0.015556841102604305], [-0.00018984691569759026, -0.001006257096800578, 0.9999994757022644, 0.013522172608613275], [0.005715607805312217, -0.9999831606030468, -0.0010051555885255414, 0.03406967641757724], [0.0, 0.0, 0.0, 1.0]]}, "Hobj2base": {"type": "ndarray", "data": [[0.9999830880740853, 0.0058151161270074934, 8.93881732281083e-05, -0.7350285617160865], [0.005815320239414532, -0.9999800059256949, -0.0024839080819796596, 0.08843015848025713], [7.494217204880661e-05, 0.0024843858951631363, -0.9999969111004265, 0.007219539507336062], [0.0, 0.0, 0.0, 1.0]]}, "mean_rme": {"type": "float", "data": 0.0019394849289522864}, "max_rme": {"type": "float", "data": 0.006483347164284309}, "simu": {"type": "float", "data": 0.002}}, {"type": "dict", "image_number": {"type": "int", "data": 21}, "Hcamera2end": {"type": "ndarray", "data": [[0.9999848240311846, 0.00549971907526694, 0.000323724286850634, -0.015655160169480223], [-0.00032012615838076944, -0.0006551063048743089, 0.9999997341774505, 0.013536737529723925], [0.005499929687138952, -0.9999846618452815, -0.0006533357590616795, 0.033549139668480644], [0.0, 0.0, 0.0, 1.0]]}, "Hobj2base": {"type": "ndarray", "data": [[0.9999843534377773, 0.005591931482738879, -0.0001522561095594052, -0.7347605082883171], [0.0055915849455772425, -0.9999819721163257, -0.002188520080314622, 0.08829724095250811], [-0.00016449141904169079, 0.002187634484528925, -0.9999975935960728, 0.007251815328235901], [0.0, 0.0, 0.0, 1.0]]}, "mean_rme": {"type": "float", "data": 0.0019099715853347014}, "max_rme": {"type": "float", "data": 0.006352354207429883}, "simu": {"type": "float", "data": 0.002}}, {"type": "dict", "image_number": {"type": "int", "data": 22}, "Hcamera2end": {"type": "ndarray", "data": [[0.9999864060963188, 0.005204746459816192, 0.00031342759457169463, -0.01581875950606154], [-0.00031098668634084057, -0.0004697800422917009, 0.9999998412969837, 0.013569182694325695], [0.005204892875835864, -0.999986344867269, -0.0004681550492922071, 0.03369980072180365], [0.0, 0.0, 0.0, 1.0]]}, "Hobj2base": {"type": "ndarray", "data": [[0.9999859217381828, 0.005300321767499494, -0.0002508278251674599, -0.7349995817599306], [0.005299791009957513, -0.9999838106612442, -0.00207138375672365, 0.08844320289583], [-0.0002618027648454361, 0.0020700252601879294, -0.999997823224998, 0.007424259336321326], [0.0, 0.0, 0.0, 1.0]]}, "mean_rme": {"type": "float", "data": 0.0019388222813055932}, "max_rme": {"type": "float", "data": 0.006381791469057513}, "simu": {"type": "float", "data": 0.002}}, {"type": "dict", "image_number": {"type": "int", "data": 23}, "Hcamera2end": {"type": "ndarray", "data": [[0.9999872065664348, 0.0050457950235950665, 0.0003558876764366524, -0.015803396895807696], [-0.0003545007034315255, -0.00027576871140011505, 0.9999998991404295, 0.013662681678248982], [0.005045892657364282, -0.9999872318705862, -0.0002739764454862126, 0.033718482077688065], [0.0, 0.0, 0.0, 1.0]]}, "Hobj2base": {"type": "ndarray", "data": [[0.9999867398464796, 0.005136158476849391, -0.00037417550674365775, -0.735044816629049], [0.005135434057949755, -0.9999849857932248, -0.0019119375409217183, 0.08859175233995295], [-0.000383989903003241, 0.0019099906346954224, -0.9999981022419642, 0.007561761853321786], [0.0, 0.0, 0.0, 1.0]]}, "mean_rme": {"type": "float", "data": 0.001947316228020996}, "max_rme": {"type": "float", "data": 0.00638570331154531}, "simu": {"type": "float", "data": 0.002}}, {"type": "dict", "image_number": {"type": "int", "data": 24}, "Hcamera2end": {"type": "ndarray", "data": [[0.9999871847142623, 0.005049523564871308, 0.00036430620599836724, -0.01591233217604745], [-0.00036360643666928866, -0.00013949859097417416, 0.9999999241652484, 0.013717135478994282], [0.005049574002144362, -0.9999872413445638, -0.00013766076398957772, 0.033699999018256085], [0.0, 0.0, 0.0, 1.0]]}, "Hobj2base": {"type": "ndarray", "data": [[0.9999866962710087, 0.005136231851076764, -0.00047581862656308617, -0.7351795341786009], [0.005135372573845597, -0.9999852120882118, -0.0017898473180274308, 0.08858566400612666], [-0.00048500466100262615, 0.0017873800004587989, -0.9999982850201359, 0.007637416920519527], [0.0, 0.0, 0.0, 1.0]]}, "mean_rme": {"type": "float", "data": 0.0019451512357054153}, "max_rme": {"type": "float", "data": 0.006389446886888833}, "simu": {"type": "float", "data": 0.002}}, {"type": "dict", "image_number": {"type": "int", "data": 25}, "Hcamera2end": {"type": "ndarray", "data": [[0.9999807623132119, 0.006193339913563767, 0.00034284720016804346, -0.01602450434934911], [-0.0003424502994533703, -6.514543706170883e-05, 0.9999999392419303, 0.01514407502810118], [0.00619336187219909, -0.9999808189644375, -6.302327270613084e-05, 0.033654872341013], [0.0, 0.0, 0.0, 1.0]]}, "Hobj2base": {"type": "ndarray", "data": [[0.9999801019217779, 0.006294811655178222, -0.00041365050057321835, -0.7354102193764637], [0.0062940682519176975, -0.9999786176036614, -0.0017745535524139617, 0.08844388128454303], [-0.00042481213611874274, 0.0017719146977255187, -0.9999983399250985, 0.00618826281295876], [0.0, 0.0, 0.0, 1.0]]}, "mean_rme": {"type": "float", "data": 0.001952464660129105}, "max_rme": {"type": "float", "data": 0.006307107324609623}, "simu": {"type": "float", "data": 0.002}}, {"type": "dict", "image_number": {"type": "int", "data": 26}, "Hcamera2end": {"type": "ndarray", "data": [[0.9999788230931242, 0.00649960147266239, 0.00032946317959686245, -0.01593470910686081], [-0.00032931377309279586, -2.4057227470342113e-05, 0.9999999454868429, 0.015591855425924108], [0.006499609044319248, -0.9999788770778844, -2.1916309728142735e-05, 0.03365809684921008], [0.0, 0.0, 0.0, 1.0]]}, "Hobj2base": {"type": "ndarray", "data": [[0.9999781980716038, 0.006589511722641372, -0.00042628244788880357, -0.735490466308822], [0.006588829909838881, -0.9999770427540822, -0.001581545200004233, 0.08861918598600192], [-0.000436694272253132, 0.0015787020167263382, -0.9999986584981277, 0.005853820169089829], [0.0, 0.0, 0.0, 1.0]]}, "mean_rme": {"type": "float", "data": 0.001970980958576458}, "max_rme": {"type": "float", "data": 0.006157007174969614}, "simu": {"type": "float", "data": 0.002}}, {"type": "dict", "image_number": {"type": "int", "data": 27}, "Hcamera2end": {"type": "ndarray", "data": [[0.9999799464567187, 0.006314898030502061, 0.00047827532054609597, -0.016109144252324348], [-0.0004788394430692974, 8.782038420362959e-05, 0.999999881500177, 0.015677358487877574], [0.006314855279865356, -0.9999800569763603, 9.084244534973696e-05, 0.033308261403098095], [0.0, 0.0, 0.0, 1.0]]}, "Hobj2base": {"type": "ndarray", "data": [[0.9999794444542766, 0.0063948797722882395, -0.0004649533464473381, -0.7352627277234672], [0.006394221858992143, -0.9999785725460018, -0.0014029881249881717, 0.08845240539610989], [-0.0004739153240621432, 0.001399986270950354, -0.999998907720757, 0.005820558755466562], [0.0, 0.0, 0.0, 1.0]]}, "mean_rme": {"type": "float", "data": 0.0019497184057344003}, "max_rme": {"type": "float", "data": 0.006058330902431602}, "simu": {"type": "float", "data": 0.002}}, {"type": "dict", "image_number": {"type": "int", "data": 28}, "Hcamera2end": {"type": "ndarray", "data": [[0.9999789954330456, 0.006464641324540086, 0.0004659455569078481, -0.015935271069287833], [-0.00046603095305193043, 1.1703355530245929e-05, 0.9999998913390852, 0.015904352288044935], [0.006464635168959737, -0.9999791039194651, 1.471583266399179e-05, 0.03342630822519606], [0.0, 0.0, 0.0, 1.0]]}, "Hobj2base": {"type": "ndarray", "data": [[0.9999785428822222, 0.006537682954886778, -0.00041530317733859396, -0.7354763340137885], [0.006537117479176477, -0.999977723347967, -0.001348667075644682, 0.08844860950516213], [-0.0004241110835264832, 0.0013459232514766591, -0.9999990043096996, 0.005738369796936803], [0.0, 0.0, 0.0, 1.0]]}, "mean_rme": {"type": "float", "data": 0.0019968278060879014}, "max_rme": {"type": "float", "data": 0.006191637040843578}, "simu": {"type": "float", "data": 0.002}}, {"type": "dict", "image_number": {"type": "int", "data": 29}, "Hcamera2end": {"type": "ndarray", "data": [[0.9999798713013334, 0.006324746477805078, 0.0005045534266630994, -0.01599348157426938], [-0.000504886744545538, 5.1104046194017094e-05, 0.9999998712388675, 0.01587488064542374], [0.006324719878701935, -0.9999799972851297, 5.429629819531101e-05, 0.033473402447758836], [0.0, 0.0, 0.0, 1.0]]}, "Hobj2base": {"type": "ndarray", "data": [[0.9999794782189974, 0.006393222470991774, -0.0004121253427756981, -0.7355312733056796], [0.006392681141347112, -0.9999787193651213, -0.0013017083840260435, 0.08851194462358337], [-0.0004204386837781879, 0.0012990470847450237, -0.999999067853558, 0.005795454553058297], [0.0, 0.0, 0.0, 1.0]]}, "mean_rme": {"type": "float", "data": 0.0019568517030106405}, "max_rme": {"type": "float", "data": 0.006190393566944619}, "simu": {"type": "float", "data": 0.002}}, {"type": "dict", "image_number": {"type": "int", "data": 30}, "Hcamera2end": {"type": "ndarray", "data": [[0.9999804794565534, 0.006221701040037767, 0.0005754493981759436, -0.01588392860112798], [-0.0005762100763945328, 0.00012047026777906034, 0.9999998267344161, 0.01588227093211839], [0.006221630637488013, -0.9999806377740934, 0.00012405292296557846, 0.03339557140188541], [0.0, 0.0, 0.0, 1.0]]}, "Hobj2base": {"type": "ndarray", "data": [[0.9999801209797555, 0.006290169035814926, -0.0004375143590091136, -0.7354122752857933], [0.006289634551219479, -0.9999794849950807, -0.0012124711072504725, 0.08865197083247185], [-0.00044513203161553326, 0.0012096951990837072, -0.999999169247155, 0.005852334660865119], [0.0, 0.0, 0.0, 1.0]]}, "mean_rme": {"type": "float", "data": 0.0019403082947286375}, "max_rme": {"type": "float", "data": 0.0061046030380794425}, "simu": {"type": "float", "data": 0.002}}]}