{"type": "list", "data": [{"type": "dict", "image_number": {"type": "int", "data": 5}, "Hcamera2end": {"type": "ndarray", "data": [[0.9999976561507207, 0.0021622976146790473, 0.00011028186835272181, -0.01447730536010795], [-0.0001107112844607426, 0.00019847381901028083, 0.999999974175577, 0.018685572937441615], [0.0021622756707753796, -0.9999976425358055, 0.0001987127445638448, 0.033394950190177394], [0.0, 0.0, 0.0, 1.0]]}, "Hobj2base": {"type": "ndarray", "data": [[0.9999912399759731, 0.0026128885100375533, 0.003269982408216882, -0.7344174579815659], [0.002623638262079248, -0.9999911545810509, -0.003287443068197068, 0.09022039736383014], [0.0032613637616322306, 0.003295993521079327, -0.9999892499087795, 0.005062445708465413], [0.0, 0.0, 0.0, 1.0]]}, "mean_rme": {"type": "float", "data": 0.001950606586620273}, "max_rme": {"type": "float", "data": 0.005934309065443033}, "simu": {"type": "float", "data": 0.002}}, {"type": "dict", "image_number": {"type": "int", "data": 6}, "Hcamera2end": {"type": "ndarray", "data": [[0.9999946710585397, 0.0025593934760797564, 0.0020266621715764677, -0.015197250405791422], [-0.002022463874013717, -0.0016418728145242145, 0.9999966069410132, 0.018829759494783008], [0.0025627123134304578, -0.999995376868661, -0.0016366877842353134, 0.03408096330927686], [0.0, 0.0, 0.0, 1.0]]}, "Hobj2base": {"type": "ndarray", "data": [[0.9999853039183555, 0.0029589492695983846, 0.004542748786164124, -0.7343216300890525], [0.0029635590951005686, -0.9999951002418592, -0.0010083698542798702, 0.09041627625868708], [0.004539742812549973, 0.0010218177396761575, -0.9999891732532418, 0.004664107465263727], [0.0, 0.0, 0.0, 1.0]]}, "mean_rme": {"type": "float", "data": 0.0016672753012307226}, "max_rme": {"type": "float", "data": 0.00598085899170926}, "simu": {"type": "float", "data": 0.002}}, {"type": "dict", "image_number": {"type": "int", "data": 7}, "Hcamera2end": {"type": "ndarray", "data": [[0.9999942751434402, 0.002829814489070488, 0.0018552170501120006, -0.014373720699703132], [-0.0018520135026887114, -0.0011342704106160895, 0.9999976417355301, 0.019792486499914646], [0.0028319121334247346, -0.9999953527794982, -0.0011290230624367847, 0.034226386196809205], [0.0, 0.0, 0.0, 1.0]]}, "Hobj2base": {"type": "ndarray", "data": [[0.9999868700648188, 0.003247185380792897, 0.003964276109204263, -0.7350237353582657], [0.0032501388554218675, -0.9999944453649243, -0.0007388076323648317, 0.0916433488263545], [0.003961855043754105, 0.0007516823796846527, -0.9999918693060519, 0.00403253994116456], [0.0, 0.0, 0.0, 1.0]]}, "mean_rme": {"type": "float", "data": 0.0017628423969318046}, "max_rme": {"type": "float", "data": 0.004593878936222481}, "simu": {"type": "float", "data": 0.002}}, {"type": "dict", "image_number": {"type": "int", "data": 8}, "Hcamera2end": {"type": "ndarray", "data": [[0.9999937717256616, 0.003310929323070617, 0.0012223980133280058, -0.014315567378156178], [-0.0012190342787782903, -0.0010177763730152556, 0.9999987390425459, 0.019900318140764102], [0.003312169275945993, -0.9999940009211415, -0.0010137338976854426, 0.034078018375344174], [0.0, 0.0, 0.0, 1.0]]}, "Hobj2base": {"type": "ndarray", "data": [[0.9999880118061659, 0.0036302654890292504, 0.003285942243941154, -0.7352304346573372], [0.00363250060457882, -0.9999931749759774, -0.0006744930107876336, 0.09148562320063941], [0.003283471228606749, 0.0006864211120224078, -0.9999943738055468, 0.00410534595799867], [0.0, 0.0, 0.0, 1.0]]}, "mean_rme": {"type": "float", "data": 0.0017189112085202805}, "max_rme": {"type": "float", "data": 0.004322542724293719}, "simu": {"type": "float", "data": 0.002}}, {"type": "dict", "image_number": {"type": "int", "data": 9}, "Hcamera2end": {"type": "ndarray", "data": [[0.9999935201068839, 0.0033235935646925827, 0.0013832823499966241, -0.014770449434708035], [-0.0013773890257360029, -0.0017748135110238206, 0.9999974764150519, 0.02022500526498213], [0.003326040245526226, -0.9999929018562168, -0.0017702241291199794, 0.03442538481114937], [0.0, 0.0, 0.0, 1.0]]}, "Hobj2base": {"type": "ndarray", "data": [[0.9999860107374561, 0.003660877053399259, 0.003817893213313176, -0.7353550568875755], [0.003662513198171311, -0.9999932040840369, -0.00042164299424198747, 0.09108013093455576], [0.003816323684069396, 0.0004356201800504094, -0.9999926229270877, 0.004198659571797529], [0.0, 0.0, 0.0, 1.0]]}, "mean_rme": {"type": "float", "data": 0.0016995017730593916}, "max_rme": {"type": "float", "data": 0.004298457905412396}, "simu": {"type": "float", "data": 0.002}}, {"type": "dict", "image_number": {"type": "int", "data": 10}, "Hcamera2end": {"type": "ndarray", "data": [[0.9999895544990268, 0.0035470359166082546, 0.002882608028166697, -0.016079489724178435], [-0.002878642890818028, -0.0011224715025799359, 0.9999952267250245, 0.020327921005149022], [0.003550254630995202, -0.9999930792730178, -0.0011122491280779467, 0.034507489058576896], [0.0, 0.0, 0.0, 1.0]]}, "Hobj2base": {"type": "ndarray", "data": [[0.999987741821159, 0.0037668522306494893, 0.0032135699294589706, -0.7357260220783309], [0.0037633860872272693, -0.9999923309464296, 0.0010839619385422266, 0.0905149464329838], [0.003217628408865167, -0.0010718547467800693, -0.9999942489808746, 0.004183602454889507], [0.0, 0.0, 0.0, 1.0]]}, "mean_rme": {"type": "float", "data": 0.0016422073930353336}, "max_rme": {"type": "float", "data": 0.004507749884586418}, "simu": {"type": "float", "data": 0.002}}, {"type": "dict", "image_number": {"type": "int", "data": 11}, "Hcamera2end": {"type": "ndarray", "data": [[0.9999912654771491, 0.003643876025721786, 0.0020472266408733215, -0.016424781065659755], [-0.0020445259895513763, -0.0007447187450080328, 0.9999976326509321, 0.020151758849984144], [0.003645392007450012, -0.9999930837568327, -0.0007372622410077856, 0.03485153284419546], [0.0, 0.0, 0.0, 1.0]]}, "Hobj2base": {"type": "ndarray", "data": [[0.9999896326067906, 0.0038275889372309494, 0.002466625602618966, -0.7365965976912762], [0.0038263498297421866, -0.9999925510357777, 0.0005068727039990933, 0.09007271328029434], [0.0024685473291675133, -0.000497429276595845, -0.9999968294140729, 0.004463760595880303], [0.0, 0.0, 0.0, 1.0]]}, "mean_rme": {"type": "float", "data": 0.0016383150582282473}, "max_rme": {"type": "float", "data": 0.0043290384984710235}, "simu": {"type": "float", "data": 0.002}}, {"type": "dict", "image_number": {"type": "int", "data": 12}, "Hcamera2end": {"type": "ndarray", "data": [[0.9999893353758346, 0.004321937087699483, 0.0016278803416171195, -0.016755992920251067], [-0.0016258267300793701, -0.00047863084615662466, 0.9999985637989468, 0.020921067123420442], [0.004322710034274237, -0.9999905458414706, -0.0004715990208956633, 0.034709005532406266], [0.0, 0.0, 0.0, 1.0]]}, "Hobj2base": {"type": "ndarray", "data": [[0.9999879281328578, 0.004490746083665271, 0.0019941885985622506, -0.7371804386151268], [0.004489770557964991, -0.9999897992103679, 0.0004933918780666732, 0.08974394177991618], [0.0019963839539080095, -0.0004844324726486179, -0.9999978898859179, 0.003715383430524554], [0.0, 0.0, 0.0, 1.0]]}, "mean_rme": {"type": "float", "data": 0.0017473665195990664}, "max_rme": {"type": "float", "data": 0.004919079960225031}, "simu": {"type": "float", "data": 0.002}}, {"type": "dict", "image_number": {"type": "int", "data": 13}, "Hcamera2end": {"type": "ndarray", "data": [[0.9999917678957211, 0.003785603194044089, 0.0014605989345559847, -0.016719929313063916], [-0.0014592430386789741, -0.0003609090094656153, 0.9999988701765822, 0.02104235075994454], [0.0037861260602956473, -0.9999927694504317, -0.0003553819233170774, 0.034782100029297186], [0.0, 0.0, 0.0, 1.0]]}, "Hobj2base": {"type": "ndarray", "data": [[0.9999904850694078, 0.00398462734104961, 0.0017755324845026808, -0.7372188387971559], [0.00398374258044492, -0.9999919390810497, 0.0005015655239030774, 0.08991043299066606], [0.001777516723779102, -0.0004944874871804536, -0.9999982979567623, 0.003622098996053578], [0.0, 0.0, 0.0, 1.0]]}, "mean_rme": {"type": "float", "data": 0.00165009469623058}, "max_rme": {"type": "float", "data": 0.004953541040765813}, "simu": {"type": "float", "data": 0.002}}, {"type": "dict", "image_number": {"type": "int", "data": 14}, "Hcamera2end": {"type": "ndarray", "data": [[0.9999917907323855, 0.0037443902484064952, 0.0015485507755433143, -0.016984524862485702], [-0.001547744854068261, -0.00021812248343855423, 0.9999987784534784, 0.02108500527096993], [0.0037447234482005038, -0.9999929659573862, -0.00021232533207404813, 0.03488672673467165], [0.0, 0.0, 0.0, 1.0]]}, "Hobj2base": {"type": "ndarray", "data": [[0.9999909627880842, 0.0039114613566923785, 0.0016657767604299034, -0.7373414009300289], [0.003910486758712932, -0.9999921811870944, 0.0005879268553308566, 0.0896921118909377], [0.0016680633892082594, -0.0005814075441466411, -0.9999984397636814, 0.0035323935733983713], [0.0, 0.0, 0.0, 1.0]]}, "mean_rme": {"type": "float", "data": 0.0015707016104016171}, "max_rme": {"type": "float", "data": 0.004996690697261386}, "simu": {"type": "float", "data": 0.002}}, {"type": "dict", "image_number": {"type": "int", "data": 15}, "Hcamera2end": {"type": "ndarray", "data": [[0.9999896300731732, 0.004498922448898482, 0.0007067127542692956, -0.015886218873370467], [-0.0007067194887810282, -9.282954493983198e-08, 0.9999997502737463, 0.02134374798252333], [0.004498921391003258, -0.9999898797971856, 3.086647590855307e-06, 0.03446664510667106], [0.0, 0.0, 0.0, 1.0]]}, "Hobj2base": {"type": "ndarray", "data": [[0.9999889823019709, 0.004577292319731785, 0.0010409945669302624, -0.7367737887856679], [0.004577300467721623, -0.9999895240905188, -5.444769536675085e-06, 0.08997088906988442], [0.001040958739263626, 1.020965446595405e-05, -0.9999994581501861, 0.0033901754773627483], [0.0, 0.0, 0.0, 1.0]]}, "mean_rme": {"type": "float", "data": 0.0016677045973571005}, "max_rme": {"type": "float", "data": 0.005316061429024882}, "simu": {"type": "float", "data": 0.002}}, {"type": "dict", "image_number": {"type": "int", "data": 16}, "Hcamera2end": {"type": "ndarray", "data": [[0.9999922424097252, 0.003858454052815561, 0.000792119114654154, -0.016073175772777663], [-0.0007921235459946187, -3.7971631172695197e-07, 0.999999686270023, 0.02137092035887398], [0.0038584531430834066, -0.9999925561383839, 2.6766589403814933e-06, 0.03426777701838264], [0.0, 0.0, 0.0, 1.0]]}, "Hobj2base": {"type": "ndarray", "data": [[0.9999915378529847, 0.0039742691373594, 0.0010627357369789377, -0.7368724403219261], [0.003974327218552515, -0.9999921009498272, -5.2546273997983544e-05, 0.08988317636350687], [0.0010625185093409973, 5.6769488909291725e-05, -0.999999433915661, 0.003381676785317457], [0.0, 0.0, 0.0, 1.0]]}, "mean_rme": {"type": "float", "data": 0.001683423358868677}, "max_rme": {"type": "float", "data": 0.004954564267479533}, "simu": {"type": "float", "data": 0.002}}, {"type": "dict", "image_number": {"type": "int", "data": 17}, "Hcamera2end": {"type": "ndarray", "data": [[0.9999901315600839, 0.004390554723520281, 0.0006780941423742146, -0.01641821948013427], [-0.0006777199691770923, -8.670953556833005e-05, 0.999999766588523, 0.021465801275357795], [0.004390612495942573, -0.9999903577088516, -8.37331132688135e-05, 0.03437925346320565], [0.0, 0.0, 0.0, 1.0]]}, "Hobj2base": {"type": "ndarray", "data": [[0.9999895131833376, 0.0044613559444251485, 0.0010343241700193017, -0.7368643320723605], [0.0044615196011661305, -0.9999900352080713, -0.0001559724613139569, 0.0894050812987005], [0.001033618014526711, 0.0001605854832178517, -0.9999994529229017, 0.003445138600976221], [0.0, 0.0, 0.0, 1.0]]}, "mean_rme": {"type": "float", "data": 0.0016760705173499782}, "max_rme": {"type": "float", "data": 0.00508845518526066}, "simu": {"type": "float", "data": 0.002}}, {"type": "dict", "image_number": {"type": "int", "data": 18}, "Hcamera2end": {"type": "ndarray", "data": [[0.999990242826016, 0.004402188177540983, 0.000367412594979842, -0.016289896650491884], [-0.0003672858611560828, -2.9597224800115285e-05, 0.9999999321125478, 0.02174080015566503], [0.0044021987530808125, -0.9999903098846775, -2.7980074539080135e-05, 0.03327254995799789], [0.0, 0.0, 0.0, 1.0]]}, "Hobj2base": {"type": "ndarray", "data": [[0.9999896864759127, 0.004455780975991846, 0.0008791801293743141, -0.7358717039668816], [0.004456162457699336, -0.9999899777619663, -0.00043242545356876816, 0.08901628274151184], [0.0008772445249122365, 0.0004363387632245099, -0.9999995200251486, 0.0030474589274808142], [0.0, 0.0, 0.0, 1.0]]}, "mean_rme": {"type": "float", "data": 0.0016876407964515451}, "max_rme": {"type": "float", "data": 0.004999437017220082}, "simu": {"type": "float", "data": 0.002}}, {"type": "dict", "image_number": {"type": "int", "data": 19}, "Hcamera2end": {"type": "ndarray", "data": [[0.9999907685713835, 0.004278377391702628, 0.0003978176817444404, -0.016209546510068958], [-0.000397656139215748, -3.86084951837784e-05, 0.9999999201894865, 0.021470653560352805], [0.00427839240938518, -0.9999908469562502, -3.690681573642607e-05, 0.03326452286270795], [0.0, 0.0, 0.0, 1.0]]}, "Hobj2base": {"type": "ndarray", "data": [[0.9999902187634887, 0.004337850943345833, 0.0008633808795924021, -0.7358553639928678], [0.004338243762847633, -0.999990486886706, -0.0004536266556811269, 0.08905790055858559], [0.0008614049013360055, 0.0004573677753673735, -0.9999995243980437, 0.0033613774685123067], [0.0, 0.0, 0.0, 1.0]]}, "mean_rme": {"type": "float", "data": 0.0016620690398522113}, "max_rme": {"type": "float", "data": 0.004990937460625955}, "simu": {"type": "float", "data": 0.002}}, {"type": "dict", "image_number": {"type": "int", "data": 20}, "Hcamera2end": {"type": "ndarray", "data": [[0.9999916694294939, 0.004073064895072364, 0.00026685946562815164, -0.016644308237348786], [-0.00026727025162410177, 0.0001003102986889548, 0.9999999592522274, 0.0216147925700058], [0.0040730379603513365, -0.9999917000056572, 0.00010139807212627971, 0.032671943754097744], [0.0, 0.0, 0.0, 1.0]]}, "Hobj2base": {"type": "ndarray", "data": [[0.9999912810024513, 0.004116744099633251, 0.0007002407405322498, -0.7355263598568472], [0.004117134657078122, -0.9999913693149416, -0.0005572233334805222, 0.08844815322279752], [0.0006979407511046692, 0.0005601014604727868, -0.9999995995824507, 0.0031205806245137523], [0.0, 0.0, 0.0, 1.0]]}, "mean_rme": {"type": "float", "data": 0.0017293665772757896}, "max_rme": {"type": "float", "data": 0.004769546511319195}, "simu": {"type": "float", "data": 0.002}}, {"type": "dict", "image_number": {"type": "int", "data": 21}, "Hcamera2end": {"type": "ndarray", "data": [[0.9999946660924618, 0.0032623381806658825, 0.00015791206702611368, -0.016576042184268128], [-0.00015836955305241962, 0.00013997470517568278, 0.999999977663083, 0.02125215273172204], [0.0032623160041002795, -0.9999946687641275, 0.00014049061360310588, 0.03268677006674929], [0.0, 0.0, 0.0, 1.0]]}, "Hobj2base": {"type": "ndarray", "data": [[0.999994197702864, 0.0033487863871947045, 0.0006246521737462391, -0.7354104289521906], [0.0033490327597258283, -0.999994314439353, -0.000393787433022725, 0.08866839086209678], [0.0006233299122532673, 0.0003958771287443403, -0.9999997273705223, 0.00352032630381515], [0.0, 0.0, 0.0, 1.0]]}, "mean_rme": {"type": "float", "data": 0.0016947022962606432}, "max_rme": {"type": "float", "data": 0.004837926544736415}, "simu": {"type": "float", "data": 0.002}}, {"type": "dict", "image_number": {"type": "int", "data": 22}, "Hcamera2end": {"type": "ndarray", "data": [[0.9999947954097577, 0.0032254451117027967, 7.521454892122606e-05, -0.016809011323184214], [-7.6036056227988e-05, 0.0002545739259179891, 0.9999999647053166, 0.021325491903356], [0.003225425850198727, -0.9999947658342756, 0.00025481785109093824, 0.03256230082428514], [0.0, 0.0, 0.0, 1.0]]}, "Hobj2base": {"type": "ndarray", "data": [[0.9999945042064904, 0.003278989590360065, 0.0004896775284009646, -0.7354331185387], [0.0032792088887686347, -0.9999945231560019, -0.0004477131487217167, 0.08839146408342441], [0.0004882067997594065, 0.0004493164430864625, -0.9999997798844029, 0.0035014086710287162], [0.0, 0.0, 0.0, 1.0]]}, "mean_rme": {"type": "float", "data": 0.0016620419661374254}, "max_rme": {"type": "float", "data": 0.004739469064892726}, "simu": {"type": "float", "data": 0.002}}, {"type": "dict", "image_number": {"type": "int", "data": 23}, "Hcamera2end": {"type": "ndarray", "data": [[0.999994122892602, 0.0034283631025318582, 2.250983776599133e-05, -0.016662202610116125], [-2.3414428894859762e-05, 0.00026381520340812425, 0.9999999649266508, 0.021522639032136838], [0.0034283570438502532, -0.9999940883465138, 0.0002638939261019324, 0.032626399485017527], [0.0, 0.0, 0.0, 1.0]]}, "Hobj2base": {"type": "ndarray", "data": [[0.9999938811151086, 0.0034585719878838924, 0.0005253685817762984, -0.7353909099651877], [0.0034586959000729696, -0.9999939910496418, -0.00023513247396495781, 0.08838011637261242], [0.0005245522022746735, 0.00023694812537623225, -0.999999834350273, 0.0032213982562502392], [0.0, 0.0, 0.0, 1.0]]}, "mean_rme": {"type": "float", "data": 0.0016669143493339383}, "max_rme": {"type": "float", "data": 0.004869792637713893}, "simu": {"type": "float", "data": 0.002}}, {"type": "dict", "image_number": {"type": "int", "data": 24}, "Hcamera2end": {"type": "ndarray", "data": [[0.9999937937238901, 0.0035216569396370094, 0.00010220617195417993, -0.016937135750841426], [-0.0001029558647432829, 0.00021270006791607177, 0.9999999720793852, 0.0215146049670989], [0.0035216351020504657, -0.9999937763261734, 0.00021306132307630232, 0.03251745432411504], [0.0, 0.0, 0.0, 1.0]]}, "Hobj2base": {"type": "ndarray", "data": [[0.9999935544345012, 0.003548213385388227, 0.0005488817942222661, -0.7351897051298355], [0.0035482974543562832, -0.9999936931802071, -0.00015226616676658074, 0.08818271944907163], [0.0005483380596726392, 0.00015421278119821094, -0.9999998377718822, 0.003250441891793567], [0.0, 0.0, 0.0, 1.0]]}, "mean_rme": {"type": "float", "data": 0.0016473312506247893}, "max_rme": {"type": "float", "data": 0.004948549985400147}, "simu": {"type": "float", "data": 0.002}}, {"type": "dict", "image_number": {"type": "int", "data": 25}, "Hcamera2end": {"type": "ndarray", "data": [[0.9999942310388377, 0.003390002820404148, 0.0002139390599539793, -0.016770895507954582], [-0.00021469710173725753, 0.0002232486243318732, 0.9999999520326022, 0.021419846267233783], [0.0033899548961937075, -0.9999942290038126, 0.0002239751601995632, 0.03221802069853114], [0.0, 0.0, 0.0, 1.0]]}, "Hobj2base": {"type": "ndarray", "data": [[0.9999940151473349, 0.0034177800287847255, 0.0005370746565331348, -0.7349521572068184], [0.003417803020348969, -0.99999415841652, -4.189690168661406e-05, 0.08851606811858574], [0.0005369283247728412, 4.373226632308217e-05, -0.9999998548977211, 0.0032782989725803247], [0.0, 0.0, 0.0, 1.0]]}, "mean_rme": {"type": "float", "data": 0.0016651371605596263}, "max_rme": {"type": "float", "data": 0.004878922004383585}, "simu": {"type": "float", "data": 0.002}}, {"type": "dict", "image_number": {"type": "int", "data": 26}, "Hcamera2end": {"type": "ndarray", "data": [[0.9999951233735394, 0.0031187891932877034, 0.0001624287773772065, -0.016739772093605262], [-0.00016325089053687404, 0.00026334734153254935, 0.9999999519986612, 0.021068556161260875], [0.0031187462683949355, -0.9999951018890773, 0.0002638552023991325, 0.03223967543365752], [0.0, 0.0, 0.0, 1.0]]}, "Hobj2base": {"type": "ndarray", "data": [[0.9999948640626114, 0.003163774943067838, 0.0005122270092280011, -0.7348954813680914], [0.003163766729601982, -0.9999949951356508, 1.684430753166201e-05, 0.08857742534248046], [0.0005122777371994058, -1.5223654250554096e-05, -0.9999998686698717, 0.0036377871860336065], [0.0, 0.0, 0.0, 1.0]]}, "mean_rme": {"type": "float", "data": 0.0016427812485948702}, "max_rme": {"type": "float", "data": 0.004948388471080367}, "simu": {"type": "float", "data": 0.002}}, {"type": "dict", "image_number": {"type": "int", "data": 27}, "Hcamera2end": {"type": "ndarray", "data": [[0.9999949272455882, 0.0031764136651929575, 0.00023638806709643922, -0.016588809330686453], [-0.0002372045329199254, 0.0002566658709143299, 0.9999999389283185, 0.02106544755167388], [0.003176352798454918, -0.9999949222465376, 0.00025741802863121777, 0.0322917511892578], [0.0, 0.0, 0.0, 1.0]]}, "Hobj2base": {"type": "ndarray", "data": [[0.9999946880877449, 0.003226264999078248, 0.00046369219244499096, -0.7350315261405717], [0.0032262228146961096, -0.999994791525699, 9.169418205192595e-05, 0.0886931419412123], [0.00046398560704629646, -9.019772065021411e-05, -0.9999998882908574, 0.003497271250652235], [0.0, 0.0, 0.0, 1.0]]}, "mean_rme": {"type": "float", "data": 0.001653202320753895}, "max_rme": {"type": "float", "data": 0.004866755187337618}, "simu": {"type": "float", "data": 0.002}}, {"type": "dict", "image_number": {"type": "int", "data": 28}, "Hcamera2end": {"type": "ndarray", "data": [[0.9999952460914859, 0.003073354353264309, 0.00024957453325411797, -0.01653545141494165], [-0.0002505549849109829, 0.00031863590468361735, 0.9999999178466767, 0.02127954161990819], [0.0030732745773708447, -0.9999952264706966, 0.00031940443417133313, 0.032243232701826025], [0.0, 0.0, 0.0, 1.0]]}, "Hobj2base": {"type": "ndarray", "data": [[0.9999950296213973, 0.0031122901469686224, 0.0005043635016151501, -0.734974258313502], [0.003112205033104943, -0.9999951427211169, 0.00016945207078180357, 0.08863652909400681], [0.0005048884357912421, -0.0001678815459126157, -0.9999998584517165, 0.0033512862732871895], [0.0, 0.0, 0.0, 1.0]]}, "mean_rme": {"type": "float", "data": 0.0016391361449318838}, "max_rme": {"type": "float", "data": 0.004893189982705354}, "simu": {"type": "float", "data": 0.002}}, {"type": "dict", "image_number": {"type": "int", "data": 29}, "Hcamera2end": {"type": "ndarray", "data": [[0.9999948863607477, 0.00319254372149022, 0.00018686075444590469, -0.016545732543419806], [-0.00018773489271615052, 0.0002735087190809393, 0.9999999449742937, 0.021191229075527944], [0.003192492437772652, -0.9999948664156065, 0.00027410667230898245, 0.032278700660505644], [0.0, 0.0, 0.0, 1.0]]}, "Hobj2base": {"type": "ndarray", "data": [[0.9999947313357948, 0.0032179502895237017, 0.0004267277655120317, -0.7350186413807261], [0.0032178705998929854, -0.999994805100056, 0.00018730110165001175, 0.08867448114632219], [0.0004273282743382695, -0.00018592696009260266, -0.9999998914108494, 0.003433491419686953], [0.0, 0.0, 0.0, 1.0]]}, "mean_rme": {"type": "float", "data": 0.0016306323832723736}, "max_rme": {"type": "float", "data": 0.004876056349594982}, "simu": {"type": "float", "data": 0.002}}, {"type": "dict", "image_number": {"type": "int", "data": 30}, "Hcamera2end": {"type": "ndarray", "data": [[0.9999946898472842, 0.0032537906009309767, 0.00018199988766988743, -0.016573070927338486], [-0.00018286041742772777, 0.0002641743861501178, 0.9999999483869796, 0.021070168222488955], [0.003253742353284411, -0.9999946715151132, 0.0002647679728512431, 0.03220177068893346], [0.0, 0.0, 0.0, 1.0]]}, "Hobj2base": {"type": "ndarray", "data": [[0.999994564687648, 0.003273205995371229, 0.00039587583051217944, -0.7349530592227627], [0.0032731309194071255, -0.999994625215052, 0.00019014465876201326, 0.08871600288653309], [0.00039649608540177217, -0.00018884787184530544, -0.9999999035636629, 0.0035177128706859184], [0.0, 0.0, 0.0, 1.0]]}, "mean_rme": {"type": "float", "data": 0.0016246146744160995}, "max_rme": {"type": "float", "data": 0.004866870100349474}, "simu": {"type": "float", "data": 0.002}}]}