{"type": "list", "data": [{"type": "dict", "image_number": {"type": "int", "data": 5}, "Hcamera2end": {"type": "ndarray", "data": [[0.9999827724203274, 0.0008093545975533284, 0.005813760202417946, -0.01903269885317662], [-0.005813616684880887, -0.00017956330427737477, 0.9999830846659665, 0.027801697695264985], [0.0008103848450421798, -0.9999996563510187, -0.00017485493344393532, 0.03410707283769584], [0.0, 0.0, 0.0, 1.0]]}, "Hobj2base": {"type": "ndarray", "data": [[0.9999995809475964, 0.0003251708626650828, 0.0008557853361322138, -0.7363213856564021], [0.0003224496780277356, -0.9999948982508444, 0.0031779708130749516, 0.08679419582995833], [0.0008568143536409098, -0.0031776935336325475, -0.9999945840518187, 0.004263369948744211], [0.0, 0.0, 0.0, 1.0]]}, "mean_rme": {"type": "float", "data": 0.0017282754850607082}, "max_rme": {"type": "float", "data": 0.005134359834533531}, "simu": {"type": "float", "data": 0.002}}, {"type": "dict", "image_number": {"type": "int", "data": 6}, "Hcamera2end": {"type": "ndarray", "data": [[0.9999845223283995, 0.00022868560894510458, 0.005559029279914642, -0.018103605512992674], [-0.005558981932894878, -0.00020715702718732132, 0.9999845272832155, 0.027750752032307435], [0.00022983366253711895, -0.9999999523944281, -0.000205882561710391, 0.03415585191323174], [0.0, 0.0, 0.0, 1.0]]}, "Hobj2base": {"type": "ndarray", "data": [[0.9999999388253396, -4.864078526639488e-05, 0.000346386188011396, -0.7364250991030511], [-4.973140846496959e-05, -0.9999950398203905, 0.0031492636284563393, 0.0875413736733538], [0.00034623128721779036, -0.003149280662074209, -0.9999949810650082, 0.004972797920451115], [0.0, 0.0, 0.0, 1.0]]}, "mean_rme": {"type": "float", "data": 0.0015263492255637614}, "max_rme": {"type": "float", "data": 0.005332865715781149}, "simu": {"type": "float", "data": 0.002}}, {"type": "dict", "image_number": {"type": "int", "data": 7}, "Hcamera2end": {"type": "ndarray", "data": [[0.9999779962032624, 0.0003711262911084605, 0.006623396000849097, -0.017108010918452668], [-0.006623515112062288, 0.00032064059933667455, 0.9999780128768663, 0.029457479439821407], [0.0003689944014456446, -0.9999998797274336, 0.0003230917046237458, 0.03391947027044917], [0.0, 0.0, 0.0, 1.0]]}, "Hobj2base": {"type": "ndarray", "data": [[0.9999999226714352, 0.0003208873810489855, -0.00022735085722946563, -0.7367890543424654], [0.000321780168293162, -0.9999921949826962, 0.0039378206172147176, 0.08972892581081436], [-0.00022608548580719208, -0.0039378934697058025, -0.9999922209099303, 0.004380362904433792], [0.0, 0.0, 0.0, 1.0]]}, "mean_rme": {"type": "float", "data": 0.0013774540090217304}, "max_rme": {"type": "float", "data": 0.0051318787233393115}, "simu": {"type": "float", "data": 0.002}}, {"type": "dict", "image_number": {"type": "int", "data": 8}, "Hcamera2end": {"type": "ndarray", "data": [[0.9999786478562811, 0.0003018376916560199, 0.0065278423335428624, -0.01710485360509978], [-0.006527958562292905, 0.0003857020727823235, 0.9999786182668707, 0.029744704789343834], [0.0002993134355242042, -0.9999998800639524, 0.000387664221159878, 0.03405590724888194], [0.0, 0.0, 0.0, 1.0]]}, "Hobj2base": {"type": "ndarray", "data": [[0.9999999377047329, 0.00028875985926164136, -0.00020299821140569845, -0.7367182402921603], [0.0002896255509108562, -0.9999908094580123, 0.004277512892905651, 0.09024902853214942], [-0.00020176117172116787, -0.004277571419905656, -0.9999908307955512, 0.004353898554626312], [0.0, 0.0, 0.0, 1.0]]}, "mean_rme": {"type": "float", "data": 0.0014967406597069198}, "max_rme": {"type": "float", "data": 0.005492385650000986}, "simu": {"type": "float", "data": 0.002}}, {"type": "dict", "image_number": {"type": "int", "data": 9}, "Hcamera2end": {"type": "ndarray", "data": [[0.9999777071996365, 0.0012443908592964683, 0.006560228284691266, -0.01681415006576966], [-0.006561004668240136, 0.0006208536750854643, 0.9999782836434287, 0.03049996942839889], [0.0012402908938209025, -0.9999990330155842, 0.0006290042887554526, 0.03378976420186038], [0.0, 0.0, 0.0, 1.0]]}, "Hobj2base": {"type": "ndarray", "data": [[0.9999992902325775, 0.0011697474273043974, -0.0002263300633505351, -0.7371452178947351], [0.0011707911441714341, -0.9999884210624623, 0.004667653489688468, 0.09092446546901], [-0.00022086746702775723, -0.004667915161973912, -0.999989080833187, 0.003856560100173779], [0.0, 0.0, 0.0, 1.0]]}, "mean_rme": {"type": "float", "data": 0.001552357758468536}, "max_rme": {"type": "float", "data": 0.005565172206734942}, "simu": {"type": "float", "data": 0.002}}, {"type": "dict", "image_number": {"type": "int", "data": 10}, "Hcamera2end": {"type": "ndarray", "data": [[0.9999816039061159, 0.0010890777432010826, 0.0059670561436179865, -0.017326204989334532], [-0.005967665724800151, 0.0005573336179403032, 0.9999820380112011, 0.030982000925328036], [0.0010857325402098836, -0.9999992516441737, 0.0005638226170985305, 0.03384280066992687], [0.0, 0.0, 0.0, 1.0]]}, "Hobj2base": {"type": "ndarray", "data": [[0.9999994549944025, 0.001042169083214439, -6.240593036209049e-05, -0.7369304271828783], [0.0010424070586781658, -0.9999916824633481, 0.003943144892869406, 0.0903618312812102], [-5.8295987600494e-05, -0.003943207796215681, -0.9999922238266923, 0.003039047576084963], [0.0, 0.0, 0.0, 1.0]]}, "mean_rme": {"type": "float", "data": 0.0015994519492495691}, "max_rme": {"type": "float", "data": 0.00529050783186949}, "simu": {"type": "float", "data": 0.002}}, {"type": "dict", "image_number": {"type": "int", "data": 11}, "Hcamera2end": {"type": "ndarray", "data": [[0.9999868274774147, 0.000920151872979611, 0.005049573465739091, -0.017907864339561215], [-0.005050163087293901, 0.0006395943792832925, 0.9999870433019727, 0.03149788313895549], [0.0009169102720431891, -0.9999993721195831, 0.000644232871235495, 0.035415354582256156], [0.0, 0.0, 0.0, 1.0]]}, "Hobj2base": {"type": "ndarray", "data": [[0.9999997245430348, 0.0007421396367185202, 1.1942119514995643e-05, -0.7382766149549037], [0.0007421005593279552, -0.9999952433629935, 0.0029937498471648244, 0.08927891060619149], [1.4163843134669049e-05, -0.0029937401602620054, -0.9999955186495781, 0.0023986760836455586], [0.0, 0.0, 0.0, 1.0]]}, "mean_rme": {"type": "float", "data": 0.0016326216254350327}, "max_rme": {"type": "float", "data": 0.004680569950252816}, "simu": {"type": "float", "data": 0.002}}, {"type": "dict", "image_number": {"type": "int", "data": 12}, "Hcamera2end": {"type": "ndarray", "data": [[0.9999879345086186, 0.0010360949885012717, 0.004801806364446336, -0.017722915020082573], [-0.004802403257951724, 0.000574382460010181, 0.9999883034354639, 0.03141840038856504], [0.001033324796397271, -0.9999992982957359, 0.000579351275751816, 0.035432873889450774], [0.0, 0.0, 0.0, 1.0]]}, "Hobj2base": {"type": "ndarray", "data": [[0.9999996691975035, 0.0008106902154052937, -6.62288326097701e-05, -0.7381755363068212], [0.0008108841602500145, -0.9999952225725937, 0.002982834032926568, 0.08923053040342384], [-6.38103618416586e-05, -0.002982886750108938, -0.9999955491475319, 0.0025139914901044177], [0.0, 0.0, 0.0, 1.0]]}, "mean_rme": {"type": "float", "data": 0.001557281403078823}, "max_rme": {"type": "float", "data": 0.004688986956572105}, "simu": {"type": "float", "data": 0.002}}, {"type": "dict", "image_number": {"type": "int", "data": 13}, "Hcamera2end": {"type": "ndarray", "data": [[0.9999907951033141, 0.0012879551773883383, 0.004092783906165354, -0.017543464516751733], [-0.0040934807436782406, 0.0005388715249948772, 0.999991476480115, 0.03152549680773458], [0.0012857387147717848, -0.9999990253939952, 0.0005441387844554724, 0.03574637360238325], [0.0, 0.0, 0.0, 1.0]]}, "Hobj2base": {"type": "ndarray", "data": [[0.9999993729233001, 0.0011130335885805277, -0.00012373050265379986, -0.7383433143519529], [0.0011133406600275584, -0.9999962300614478, 0.002510046905315982, 0.08927629171710003], [-0.00012093626968287852, -0.0025101830855235423, -0.9999968421726619, 0.0026605349157507794], [0.0, 0.0, 0.0, 1.0]]}, "mean_rme": {"type": "float", "data": 0.001665154023755961}, "max_rme": {"type": "float", "data": 0.004910083534814619}, "simu": {"type": "float", "data": 0.002}}, {"type": "dict", "image_number": {"type": "int", "data": 14}, "Hcamera2end": {"type": "ndarray", "data": [[0.9999911420462382, 0.0013178815778164604, 0.003997376290410462, -0.017347001982609217], [-0.00399812726832877, 0.0005676959486962119, 0.9999918463165869, 0.03161185999014282], [0.0013156015379018177, -0.9999989704541985, 0.0005729599783443895, 0.035691040652995026], [0.0, 0.0, 0.0, 1.0]]}, "Hobj2base": {"type": "ndarray", "data": [[0.9999992681162103, 0.0011877273622945572, -0.00023037091080320212, -0.7384316686994313], [0.001188290840950197, -0.9999962646169942, 0.0024614461064688094, 0.0891622910960388], [-0.00022744652338815057, -0.0024617180526196334, -0.9999969441014847, 0.002832946232715929], [0.0, 0.0, 0.0, 1.0]]}, "mean_rme": {"type": "float", "data": 0.0017405333819340478}, "max_rme": {"type": "float", "data": 0.0046557534776372755}, "simu": {"type": "float", "data": 0.002}}, {"type": "dict", "image_number": {"type": "int", "data": 15}, "Hcamera2end": {"type": "ndarray", "data": [[0.9999901638914138, 0.0013589595925716821, 0.004222007727273134, -0.018030708371499164], [-0.004222586453546253, 0.00042327272527675763, 0.9999909952613785, 0.03215014592087533], [0.0013571602947788917, -0.9999989870339997, 0.00042900688628677575, 0.03643518068874635], [0.0, 0.0, 0.0, 1.0]]}, "Hobj2base": {"type": "ndarray", "data": [[0.9999992802632443, 0.0011980834032694616, -6.378990756341561e-05, -0.7389514069916049], [0.0011982541220783827, -0.9999955088063543, 0.0027470992300850498, 0.08847626312787213], [-6.0498367075888866e-05, -0.0027471736894164474, -0.9999962246812077, 0.002405294561210458], [0.0, 0.0, 0.0, 1.0]]}, "mean_rme": {"type": "float", "data": 0.0017540824916908793}, "max_rme": {"type": "float", "data": 0.0047157754064030555}, "simu": {"type": "float", "data": 0.002}}, {"type": "dict", "image_number": {"type": "int", "data": 16}, "Hcamera2end": {"type": "ndarray", "data": [[0.9999908322337621, 0.0014524809389144964, 0.004028119604728776, -0.017943696935001252], [-0.004028795818161276, 0.0004629325711024146, 0.9999917772150382, 0.03222243749242431], [0.0014506042477107487, -0.9999988379956035, 0.0004687800761774552, 0.03657516164610208], [0.0, 0.0, 0.0, 1.0]]}, "Hobj2base": {"type": "ndarray", "data": [[0.9999991616565801, 0.0012940701477247409, -4.548175246915743e-05, -0.7390180362002028], [0.0012941862232340898, -0.9999956455167693, 0.0026521744887341254, 0.08855217823741979], [-4.204945458720106e-05, -0.002652231127158548, -0.9999964819447571, 0.0024942050231382684], [0.0, 0.0, 0.0, 1.0]]}, "mean_rme": {"type": "float", "data": 0.0017526976550721219}, "max_rme": {"type": "float", "data": 0.004816820135959743}, "simu": {"type": "float", "data": 0.002}}, {"type": "dict", "image_number": {"type": "int", "data": 17}, "Hcamera2end": {"type": "ndarray", "data": [[0.9999897044082143, 0.0014548467111006873, 0.004298197135943829, -0.017924919669548935], [-0.004298822184981229, 0.00042677816446023975, 0.9999906689505759, 0.0322774723637915], [0.0014529987591699552, -0.9999988506400622, 0.0004330278978439406, 0.036534477331439164], [0.0, 0.0, 0.0, 1.0]]}, "Hobj2base": {"type": "ndarray", "data": [[0.9999991821390047, 0.0012743932300087176, -0.00010790373907444772, -0.73905155850281], [0.0012747061205461562, -0.9999948331097981, 0.0029510808211761323, 0.08863630287393122], [-0.00010414234412796013, -0.0029512159531588627, -0.9999956397298788, 0.0026432102866179486], [0.0, 0.0, 0.0, 1.0]]}, "mean_rme": {"type": "float", "data": 0.0017588140426657}, "max_rme": {"type": "float", "data": 0.0047270240426137144}, "simu": {"type": "float", "data": 0.002}}, {"type": "dict", "image_number": {"type": "int", "data": 18}, "Hcamera2end": {"type": "ndarray", "data": [[0.9999902130617352, 0.001441827444636466, 0.004182692238889934, -0.01789409877229682], [-0.004183216795485305, 0.00036099014874590996, 0.9999911851528266, 0.032284306371601824], [0.001440304824454415, -0.9999988954092563, 0.00036701809254013895, 0.03662506816064881], [0.0, 0.0, 0.0, 1.0]]}, "Hobj2base": {"type": "ndarray", "data": [[0.9999991516311242, 0.0012875111945308425, -0.00019761567722911954, -0.7391085750881022], [0.0012880631664753228, -0.9999951972806684, 0.0028189198068434345, 0.08866208747875086], [-0.00019398533732869054, -0.0028191719568345635, -0.9999960073116132, 0.0026678772424327873], [0.0, 0.0, 0.0, 1.0]]}, "mean_rme": {"type": "float", "data": 0.0016883427020850605}, "max_rme": {"type": "float", "data": 0.004729299944953191}, "simu": {"type": "float", "data": 0.002}}, {"type": "dict", "image_number": {"type": "int", "data": 19}, "Hcamera2end": {"type": "ndarray", "data": [[0.9999899840641299, 0.0013784701245248296, 0.0042581206578756504, -0.017430216133409445], [-0.004258542039031023, 0.00030289686196005583, 0.9999908864950686, 0.032118297491288667], [0.0013771677904454334, -0.9999990040363076, 0.00030876410113933606, 0.03667533633488006], [0.0, 0.0, 0.0, 1.0]]}, "Hobj2base": {"type": "ndarray", "data": [[0.9999992579258392, 0.001211830128552835, -0.00012496203598231636, -0.7389743566017838], [0.0012121814374526517, -0.9999952021828467, 0.002850653863560459, 0.089036622489839], [-0.00012150692819937854, -0.0028508032248242892, -0.9999959290702334, 0.0030059534957443345], [0.0, 0.0, 0.0, 1.0]]}, "mean_rme": {"type": "float", "data": 0.0017108513715691069}, "max_rme": {"type": "float", "data": 0.0048800567520816684}, "simu": {"type": "float", "data": 0.002}}, {"type": "dict", "image_number": {"type": "int", "data": 20}, "Hcamera2end": {"type": "ndarray", "data": [[0.9999903935399358, 0.0012002624112580464, 0.0042157084800231335, -0.017419416857599287], [-0.004216100334750643, 0.00032413138475018144, 0.9999910596784419, 0.032169001798839594], [0.0011988852370988018, -0.9999992271541963, 0.0003291886977488945, 0.03655206188945171], [0.0, 0.0, 0.0, 1.0]]}, "Hobj2base": {"type": "ndarray", "data": [[0.9999994105661795, 0.0010688453710364328, -0.00019088443197974632, -0.7390373730037737], [0.001069377565549017, -0.9999954800068365, 0.0028100529387677067, 0.08897116488467874], [-0.00018788005710744957, -0.0028102554099566387, -0.9999960335749412, 0.003004432803838261], [0.0, 0.0, 0.0, 1.0]]}, "mean_rme": {"type": "float", "data": 0.0017229112470861358}, "max_rme": {"type": "float", "data": 0.004685253610248019}, "simu": {"type": "float", "data": 0.002}}, {"type": "dict", "image_number": {"type": "int", "data": 21}, "Hcamera2end": {"type": "ndarray", "data": [[0.9999909109308562, 0.001143090968362177, 0.0041074808233785036, -0.017248937093279598], [-0.00410788299042193, 0.0003496990001199407, 0.9999915014678605, 0.032043312625814085], [0.0011416448718298974, -0.9999992855265684, 0.0003543915056269942, 0.03654591573011102], [0.0, 0.0, 0.0, 1.0]]}, "Hobj2base": {"type": "ndarray", "data": [[0.9999994822321817, 0.0009998278349020067, -0.00018941929428388415, -0.7390059618317418], [0.0010003383981674015, -0.9999958146629715, 0.0027147706402808115, 0.08913328995456386], [-0.00018670419824877034, -0.0027149587180533654, -0.999996297063495, 0.0030606148016196688], [0.0, 0.0, 0.0, 1.0]]}, "mean_rme": {"type": "float", "data": 0.0016902631641981538}, "max_rme": {"type": "float", "data": 0.0047158769556985836}, "simu": {"type": "float", "data": 0.002}}, {"type": "dict", "image_number": {"type": "int", "data": 22}, "Hcamera2end": {"type": "ndarray", "data": [[0.9999888196183332, 0.0012395843152772715, 0.004563339682518059, -0.016792929424102855], [-0.004563618739162049, 0.00022238599885027188, 0.9999895619097585, 0.03226658253223681], [0.0012385565535309375, -0.9999992069872818, 0.00022804050269997767, 0.03642077823563943], [0.0, 0.0, 0.0, 1.0]]}, "Hobj2base": {"type": "ndarray", "data": [[0.9999994627259594, 0.0010332762398403692, -8.299400346346846e-05, -0.7388857389430331], [0.001033529381474094, -0.9999946289143593, 0.003110298932695459, 0.08979178977079494], [-7.977975970961311e-05, -0.0031103830383536497, -0.9999951595645575, 0.0031207854947730277], [0.0, 0.0, 0.0, 1.0]]}, "mean_rme": {"type": "float", "data": 0.0017359257018026116}, "max_rme": {"type": "float", "data": 0.004760881826050389}, "simu": {"type": "float", "data": 0.002}}, {"type": "dict", "image_number": {"type": "int", "data": 23}, "Hcamera2end": {"type": "ndarray", "data": [[0.9999883577400833, 0.001428843371111385, 0.004608990226943444, -0.01665410946941479], [-0.00460935367010719, 0.000251173189282361, 0.9999893453286254, 0.03239366343986703], [0.0014276704924801483, -0.9999989476587711, 0.00025775630949542716, 0.03633937755251962], [0.0, 0.0, 0.0, 1.0]]}, "Hobj2base": {"type": "ndarray", "data": [[0.9999992728968224, 0.0012018952851338307, -9.825248038260638e-05, -0.7389541539157041], [0.0012021938245020377, -0.9999944813241359, 0.003097103692170833, 0.08989644203473345], [-9.452954383382363e-05, -0.0030972195587820554, -0.9999951991360607, 0.0030814966734911903], [0.0, 0.0, 0.0, 1.0]]}, "mean_rme": {"type": "float", "data": 0.0017313980774072305}, "max_rme": {"type": "float", "data": 0.004632652998128872}, "simu": {"type": "float", "data": 0.002}}, {"type": "dict", "image_number": {"type": "int", "data": 24}, "Hcamera2end": {"type": "ndarray", "data": [[0.9999920113426232, 0.0014880225381580321, 0.0037098571213574744, -0.015806567335155], [-0.0037105503037911857, 0.0004633514827178109, 0.9999930085364828, 0.03216156405185937], [0.0014862931669048928, -0.999998785546427, 0.00046886916364252684, 0.03704940427653685], [0.0, 0.0, 0.0, 1.0]]}, "Hobj2base": {"type": "ndarray", "data": [[0.9999991156931499, 0.0012896773147464701, -0.00032456947190047847, -0.7398377341839507], [0.0012903798203446424, -0.9999968051824515, 0.002173601805629161, 0.09024068063488543], [-0.000321765190020222, -0.002174018701395035, -0.9999975850520082, 0.003228006016431794], [0.0, 0.0, 0.0, 1.0]]}, "mean_rme": {"type": "float", "data": 0.0017180694991000161}, "max_rme": {"type": "float", "data": 0.00451142360460588}, "simu": {"type": "float", "data": 0.002}}, {"type": "dict", "image_number": {"type": "int", "data": 25}, "Hcamera2end": {"type": "ndarray", "data": [[0.999992240040979, 0.0015645444124561903, 0.0036155301971675822, -0.015684682776285402], [-0.003616365294559792, 0.0005312645496461377, 0.9999933198077049, 0.0321723242846189], [0.00156261315797673, -0.9999986349784482, 0.0005369183911699826, 0.03705584906721678], [0.0, 0.0, 0.0, 1.0]]}, "Hobj2base": {"type": "ndarray", "data": [[0.9999990169878148, 0.0013651408162155803, -0.00032002180560206084, -0.7397465124668582], [0.0013658382501843462, -0.9999966706336227, 0.0021893395224706035, 0.09024033752549818], [-0.0003170319833895426, -0.00218977446834616, -0.9999975521862539, 0.0032959644897421537], [0.0, 0.0, 0.0, 1.0]]}, "mean_rme": {"type": "float", "data": 0.0017254791024763675}, "max_rme": {"type": "float", "data": 0.004609018146985305}, "simu": {"type": "float", "data": 0.002}}, {"type": "dict", "image_number": {"type": "int", "data": 26}, "Hcamera2end": {"type": "ndarray", "data": [[0.9999925069615574, 0.0014759164789674203, 0.0035787834925594024, -0.01591146994569727], [-0.0035795288637662705, 0.0005026906647682683, 0.9999934671162654, 0.032147357311567176], [0.0014741078159237243, -0.9999987844855827, 0.0005079699837247098, 0.03704287879497406], [0.0, 0.0, 0.0, 1.0]]}, "Hobj2base": {"type": "ndarray", "data": [[0.9999991306000411, 0.0012746186770920104, -0.00033785557576299845, -0.7397583135340953], [0.0012753521704671421, -0.9999968110226722, 0.0021797755221486513, 0.09004610149017728], [-0.0003350761157568286, -0.002180204511893756, -0.9999975672131822, 0.003214007449953926], [0.0, 0.0, 0.0, 1.0]]}, "mean_rme": {"type": "float", "data": 0.0017042968574964578}, "max_rme": {"type": "float", "data": 0.00465107968027223}, "simu": {"type": "float", "data": 0.002}}, {"type": "dict", "image_number": {"type": "int", "data": 27}, "Hcamera2end": {"type": "ndarray", "data": [[0.9999930696015625, 0.0013079735179232714, 0.0034856784305032137, -0.01596612873417973], [-0.0034862998005070946, 0.0004730842366733601, 0.9999938109333507, 0.03229837566249669], [0.00130631640326841, -0.9999990326978229, 0.00047764094582569694, 0.036987456643262674], [0.0, 0.0, 0.0, 1.0]]}, "Hobj2base": {"type": "ndarray", "data": [[0.9999992813085871, 0.0011190059356935335, -0.0004303580198258127, -0.7397736138623594], [0.0011198917410912554, -0.9999972437043514, 0.002063595451748096, 0.09001094659359488], [-0.0004280476580724989, -0.00206407592305188, -0.999997778180425, 0.003051447377440576], [0.0, 0.0, 0.0, 1.0]]}, "mean_rme": {"type": "float", "data": 0.001684171358081669}, "max_rme": {"type": "float", "data": 0.004692104645267259}, "simu": {"type": "float", "data": 0.002}}, {"type": "dict", "image_number": {"type": "int", "data": 28}, "Hcamera2end": {"type": "ndarray", "data": [[0.9999935661500604, 0.0013201442094085136, 0.003335397690112471, -0.015867871360211103], [-0.0033360226752489524, 0.0004715033182685069, 0.9999943243025587, 0.03236083455996425], [0.0013185640655907686, -0.9999990174514609, 0.00047590431570410097, 0.03692060268873676], [0.0, 0.0, 0.0, 1.0]]}, "Hobj2base": {"type": "ndarray", "data": [[0.9999992477370098, 0.001147342279550761, -0.00043374083070893047, -0.739717673333325], [0.0011481918732227092, -0.9999974129407116, 0.0019636107829778503, 0.089923662925562], [-0.0004314867749237932, -0.001964107323523036, -0.9999979780487487, 0.0030490591017125657], [0.0, 0.0, 0.0, 1.0]]}, "mean_rme": {"type": "float", "data": 0.0016755916773951197}, "max_rme": {"type": "float", "data": 0.004633841292394303}, "simu": {"type": "float", "data": 0.002}}, {"type": "dict", "image_number": {"type": "int", "data": 29}, "Hcamera2end": {"type": "ndarray", "data": [[0.9999939902580102, 0.0012107947758057676, 0.003248603372766289, -0.01598327198249127], [-0.0032491929208226856, 0.00048526138295501564, 0.9999946036188162, 0.032315822279460116], [0.0012092118201302818, -0.9999991492483385, 0.0004891925724733737, 0.03693900964998414], [0.0, 0.0, 0.0, 1.0]]}, "Hobj2base": {"type": "ndarray", "data": [[0.9999993586337721, 0.0010182910594132982, -0.0004957977034127703, -0.7397216603096861], [0.001019293854698127, -0.9999974270531518, 0.0020265554802491098, 0.08988417587523102], [-0.0004937328044246891, -0.002027059544037128, -0.9999978236263933, 0.0030399289100640704], [0.0, 0.0, 0.0, 1.0]]}, "mean_rme": {"type": "float", "data": 0.0016742975686070579}, "max_rme": {"type": "float", "data": 0.004774000518731225}, "simu": {"type": "float", "data": 0.002}}, {"type": "dict", "image_number": {"type": "int", "data": 30}, "Hcamera2end": {"type": "ndarray", "data": [[0.9999941122975183, 0.0008854989628962935, 0.0033153072082229987, -0.01581448992920332], [-0.0033157418127229225, 0.0004897855395159523, 0.9999943829674028, 0.032473585285469425], [0.0008838701994901136, -0.9999994880007249, 0.0004927187417408385, 0.03694046183288053], [0.0, 0.0, 0.0, 1.0]]}, "Hobj2base": {"type": "ndarray", "data": [[0.99999958619062, 0.0007031441681463409, -0.000577240736182437, -0.7395912750551804], [0.0007043785944478815, -0.9999974598016594, 0.0021410840767993075, 0.0902123613065233], [-0.0005757337790943645, -0.0021414897868170433, -0.9999975412730315, 0.002980054013441058], [0.0, 0.0, 0.0, 1.0]]}, "mean_rme": {"type": "float", "data": 0.0016943143326733057}, "max_rme": {"type": "float", "data": 0.004565275912990191}, "simu": {"type": "float", "data": 0.002}}]}