{"type": "list", "data": [{"type": "dict", "image_number": {"type": "int", "data": 5}, "Hcamera2end": {"type": "ndarray", "data": [[0.9999939170501337, 0.0014514003732390215, 0.0031716399049832905, -0.017097753193559433], [-0.0031722911238131254, 0.00044660114548111807, 0.9999948685450555, 0.0231705820032186], [0.0014499764674287805, -0.999998846991522, 0.0004512026933498614, 0.03325236400528469], [0.0, 0.0, 0.0, 1.0]]}, "Hobj2base": {"type": "ndarray", "data": [[0.9999989448627791, 0.001452415997423431, 2.758802091550125e-05, -0.7358773696610706], [0.0014523548687346193, -0.9999967408840329, 0.002099734899457543, 0.0890493264847518], [3.063761956126219e-05, -0.002099692616352601, -0.9999977951736962, -0.00038169711507443085], [0.0, 0.0, 0.0, 1.0]]}, "mean_rme": {"type": "float", "data": 0.001463694787999704}, "max_rme": {"type": "float", "data": 0.004858682296872918}, "simu": {"type": "float", "data": 0.002}}, {"type": "dict", "image_number": {"type": "int", "data": 6}, "Hcamera2end": {"type": "ndarray", "data": [[0.9999929328632458, 0.0017292794063809656, 0.00333823550679784, -0.01648128257731629], [-0.003339104750062622, 0.0005000191101695028, 0.9999943001639345, 0.02316803001723518], [0.0017276003682241935, -0.9999983797854993, 0.0005057898215461432, 0.03349484305342282], [0.0, 0.0, 0.0, 1.0]]}, "Hobj2base": {"type": "ndarray", "data": [[0.9999984625780205, 0.0017408082918910562, -0.00021077971042171456, -0.7361996494177139], [0.0017414129457849548, -0.9999942692024106, 0.002903281469066963, 0.08969681649534049], [-0.0002057244460308128, -0.002903644060014657, -0.9999957632553373, -0.00022539077860887305], [0.0, 0.0, 0.0, 1.0]]}, "mean_rme": {"type": "float", "data": 0.0013142794319028906}, "max_rme": {"type": "float", "data": 0.004784851812888236}, "simu": {"type": "float", "data": 0.002}}, {"type": "dict", "image_number": {"type": "int", "data": 7}, "Hcamera2end": {"type": "ndarray", "data": [[0.9999935962780045, 0.0015378026613518708, 0.0032314959318994383, -0.01629359826097609], [-0.0032342643916306326, 0.001801201178925349, 0.9999931475806013, 0.023137742263954684], [0.0015319715494008525, -0.9999971954147112, 0.00180616330492267, 0.033297868848967065], [0.0, 0.0, 0.0, 1.0]]}, "Hobj2base": {"type": "ndarray", "data": [[0.9999986487856346, 0.00100409299592777, -0.0013016236631561277, -0.736608205283414], [0.0010079592374098929, -0.9999950724037463, 0.002973076925033254, 0.08998811536549635], [-0.0012986320035634608, -0.0029743848913639133, -0.9999947332808496, -8.850128630979606e-05], [0.0, 0.0, 0.0, 1.0]]}, "mean_rme": {"type": "float", "data": 0.001155982758203035}, "max_rme": {"type": "float", "data": 0.004823185956639886}, "simu": {"type": "float", "data": 0.002}}, {"type": "dict", "image_number": {"type": "int", "data": 8}, "Hcamera2end": {"type": "ndarray", "data": [[0.9999972560093973, 0.0007434163980086373, 0.0022215548012982167, -0.014051404420073382], [-0.0022233246361943754, 0.002388380442179705, 0.9999946762190416, 0.022977561117371294], [0.0007381065221839218, -0.9999968714805677, 0.002390026744478857, 0.03303088991585922], [0.0, 0.0, 0.0, 1.0]]}, "Hobj2base": {"type": "ndarray", "data": [[0.999998617012779, 7.293434095541804e-06, -0.0016631053289389904, -0.7362605848122403], [1.0741867566601524e-05, -0.9999978502570801, 0.002073491218023124, 0.09161000735525623], [-0.0016630866308185378, -0.0020735062152684594, -0.9999964673511772, -0.0008320980361912617], [0.0, 0.0, 0.0, 1.0]]}, "mean_rme": {"type": "float", "data": 0.0012736483523001193}, "max_rme": {"type": "float", "data": 0.005356140784972374}, "simu": {"type": "float", "data": 0.002}}, {"type": "dict", "image_number": {"type": "int", "data": 9}, "Hcamera2end": {"type": "ndarray", "data": [[0.9999992975610802, 0.00019717114161530016, 0.001168760406165772, -0.015360874689369803], [-0.0011693185472876097, 0.0028547857709320112, 0.9999952414348464, 0.02344906056051175], [0.00019383364278642578, -0.9999959056524895, 0.0028550143214922663, 0.033404279784256447], [0.0, 0.0, 0.0, 1.0]]}, "Hobj2base": {"type": "ndarray", "data": [[0.999998595678747, -0.0004798500807049435, -0.0016057348578683564, -0.736501239060181], [-0.00047841108077166804, -0.9999994837706128, 0.0008964269887754099, 0.08970469289386146], [-0.001606164179503744, -0.0008956575285551523, -0.9999983090156805, -0.00020863492335449548], [0.0, 0.0, 0.0, 1.0]]}, "mean_rme": {"type": "float", "data": 0.0013286175859294918}, "max_rme": {"type": "float", "data": 0.005453871252045328}, "simu": {"type": "float", "data": 0.002}}, {"type": "dict", "image_number": {"type": "int", "data": 10}, "Hcamera2end": {"type": "ndarray", "data": [[0.9999990833504093, 0.0009247796466756772, 0.000988979750191343, -0.01444856203585538], [-0.0009901129907616947, 0.0012257630423255783, 0.9999987585898441, 0.023953938701843598], [0.0009235662438174392, -0.9999988211430896, 0.0012266775550722198, 0.03203120135973224], [0.0, 0.0, 0.0, 1.0]]}, "Hobj2base": {"type": "ndarray", "data": [[0.999999584387815, 0.0008320595683045322, -0.00037269434133889705, -0.734680252191916], [0.0008325304321662106, -0.9999988532870725, 0.0012650366078966583, 0.09068836199102673], [-0.000371641328151622, -0.0012653463615130906, -0.999999130390276, -0.0014056013588889971], [0.0, 0.0, 0.0, 1.0]]}, "mean_rme": {"type": "float", "data": 0.0014944363506229623}, "max_rme": {"type": "float", "data": 0.005403174359935425}, "simu": {"type": "float", "data": 0.002}}, {"type": "dict", "image_number": {"type": "int", "data": 11}, "Hcamera2end": {"type": "ndarray", "data": [[0.9999993742821802, 0.0009211012766800063, 0.000634828863709501, -0.014636875980102895], [-0.0006365152660005619, 0.001831717795534038, 0.9999981198273492, 0.023710275633271286], [0.0009199367175238021, -0.9999978981889689, 0.001832302944419717, 0.03135280469959979], [0.0, 0.0, 0.0, 1.0]]}, "Hobj2base": {"type": "ndarray", "data": [[0.9999993950302904, 0.0005926833713558214, -0.0009266420421922598, -0.734333361447825], [0.000593676848073869, -0.9999992489474117, 0.0010722184540287373, 0.09029289491254158], [-0.0009260058601871916, -0.0010727679312959521, -0.9999989958405522, -0.0011091763158478526], [0.0, 0.0, 0.0, 1.0]]}, "mean_rme": {"type": "float", "data": 0.0014591092599111205}, "max_rme": {"type": "float", "data": 0.005277027506425891}, "simu": {"type": "float", "data": 0.002}}, {"type": "dict", "image_number": {"type": "int", "data": 12}, "Hcamera2end": {"type": "ndarray", "data": [[0.9999994545246311, 0.0007853854997628046, 0.0006885637638945371, -0.014900793127424048], [-0.0006900397815234499, 0.0018806341771141488, 0.9999979935280828, 0.023838279257635087], [0.0007840889873613529, -0.9999979231901978, 0.0018811750985131548, 0.031530264323664875], [0.0, 0.0, 0.0, 1.0]]}, "Hobj2base": {"type": "ndarray", "data": [[0.9999994734114258, 0.00043703579999235736, -0.0009285346416249271, -0.7346153827996195], [0.0004380565126834598, -0.9999992997636624, 0.0010993537538993392, 0.0901556371708523], [-0.0009280535344839204, -0.0010997599256392294, -0.9999989646218355, -0.0010155604543845935], [0.0, 0.0, 0.0, 1.0]]}, "mean_rme": {"type": "float", "data": 0.0014332365007488832}, "max_rme": {"type": "float", "data": 0.005315144708340824}, "simu": {"type": "float", "data": 0.002}}, {"type": "dict", "image_number": {"type": "int", "data": 13}, "Hcamera2end": {"type": "ndarray", "data": [[0.9999974070405828, 0.0019411869189748035, 0.0011906743704631067, -0.01489086532133194], [-0.0011940753981909196, 0.0017518186226040955, 0.9999977526552031, 0.02266840520053723], [0.0019390967109228468, -0.9999965814565863, 0.0017541320037527397, 0.031360602283890836], [0.0, 0.0, 0.0, 1.0]]}, "Hobj2base": {"type": "ndarray", "data": [[0.9999977868829236, 0.0015039646448740474, -0.0014711626701047538, -0.73448802529326], [0.001506092463773298, -0.999997819926971, 0.0014463149020141162, 0.09084893581170905], [-0.0014689842563847119, -0.001448527408160338, -0.9999978719245368, -0.0001388874739607744], [0.0, 0.0, 0.0, 1.0]]}, "mean_rme": {"type": "float", "data": 0.0014015386255179425}, "max_rme": {"type": "float", "data": 0.005172824995513414}, "simu": {"type": "float", "data": 0.002}}, {"type": "dict", "image_number": {"type": "int", "data": 14}, "Hcamera2end": {"type": "ndarray", "data": [[0.9999981497815585, 0.0017644690385133993, 0.0007662130719988705, -0.014725596232671535], [-0.0007702590005673789, 0.0022934637922221723, 0.9999970733581703, 0.022586721638392357], [0.0017627065926067473, -0.9999958133276589, 0.0022948186469713416, 0.030792578236220874], [0.0, 0.0, 0.0, 1.0]]}, "Hobj2base": {"type": "ndarray", "data": [[0.9999975525191154, 0.0011316078789600612, -0.0019011626409666247, -0.7341608167185635], [0.0011335771898469391, -0.9999988217975868, 0.0010350875296541617, 0.09083269278160942], [-0.0018999890878082422, -0.001037240110901208, -0.9999976570844653, -8.808771857932956e-05], [0.0, 0.0, 0.0, 1.0]]}, "mean_rme": {"type": "float", "data": 0.0013542735346235742}, "max_rme": {"type": "float", "data": 0.005181161309877336}, "simu": {"type": "float", "data": 0.002}}, {"type": "dict", "image_number": {"type": "int", "data": 15}, "Hcamera2end": {"type": "ndarray", "data": [[0.9999982768162808, 0.001613971088176891, 0.0009173122671269081, -0.015161161928919975], [-0.0009209180122676105, 0.0022347598665659607, 0.9999970788749103, 0.02248643872687455], [0.001611916400925767, -0.9999962004656145, 0.0022362423507105156, 0.030531919493963076], [0.0, 0.0, 0.0, 1.0]]}, "Hobj2base": {"type": "ndarray", "data": [[0.9999979069611987, 0.0009797935257226471, -0.001796128577998209, -0.7339813639840642], [0.000981971569099542, -0.9999987832093289, 0.0012121516814496433, 0.090485111347496], [-0.0017949387341160332, -0.0012139128915671824, -0.9999976523024603, 5.405591046699539e-05], [0.0, 0.0, 0.0, 1.0]]}, "mean_rme": {"type": "float", "data": 0.0013751405266130546}, "max_rme": {"type": "float", "data": 0.005175906516039053}, "simu": {"type": "float", "data": 0.002}}, {"type": "dict", "image_number": {"type": "int", "data": 16}, "Hcamera2end": {"type": "ndarray", "data": [[0.9999992898416191, 0.0010620469399219511, 0.0005407148554765648, -0.015214426109986239], [-0.000543136046517668, 0.0022807762795404862, 0.9999972515276219, 0.023411474537239588], [0.0010608107712989064, -0.9999968350529216, 0.002281351495804218, 0.030660458166505825], [0.0, 0.0, 0.0, 1.0]]}, "Hobj2base": {"type": "ndarray", "data": [[0.9999985845259469, 0.0005673128861544129, -0.0015840145806503073, -0.734198062069692], [0.0005686328957657515, -0.9999994913788857, 0.0008330057624846024, 0.08979084079597557], [-0.0015835412000837473, -0.00083390530618449, -0.9999983984983218, -0.0005523689029361574], [0.0, 0.0, 0.0, 1.0]]}, "mean_rme": {"type": "float", "data": 0.0015246040832830956}, "max_rme": {"type": "float", "data": 0.005136565147885408}, "simu": {"type": "float", "data": 0.002}}, {"type": "dict", "image_number": {"type": "int", "data": 17}, "Hcamera2end": {"type": "ndarray", "data": [[0.9999991622578183, 0.0012648046438426233, 0.0002752324010914319, -0.01511766154569472], [-0.0002771498883764594, 0.0015161092330160386, 0.9999988122996611, 0.023218169473066996], [0.0012643858592491994, -0.9999980508391036, 0.0015164585033732303, 0.030930962452528223], [0.0, 0.0, 0.0, 1.0]]}, "Hobj2base": {"type": "ndarray", "data": [[0.9999989857100031, 0.0010768030225504063, -0.0009322415006568432, -0.7340924463124606], [0.0010776851981955222, -0.9999989715449125, 0.0009463105887524282, 0.08976039401662216], [-0.0009312215517860892, -0.0009473142917854657, -0.9999991177106375, -0.0005603091909215472], [0.0, 0.0, 0.0, 1.0]]}, "mean_rme": {"type": "float", "data": 0.0014556640645067374}, "max_rme": {"type": "float", "data": 0.0051343838597525115}, "simu": {"type": "float", "data": 0.002}}, {"type": "dict", "image_number": {"type": "int", "data": 18}, "Hcamera2end": {"type": "ndarray", "data": [[0.999999025451599, 0.0013679431738937865, 0.0002789754922088752, -0.015186938690174942], [-0.00028135797186491557, 0.0017417680199172114, 0.999998443539717, 0.023246962662021566], [0.0013674551341538968, -0.9999975474848116, 0.0017421512041969622, 0.030880306437977373], [0.0, 0.0, 0.0, 1.0]]}, "Hobj2base": {"type": "ndarray", "data": [[0.9999987283435543, 0.0010463850511595629, -0.0012034905895106623, -0.7342473519355484], [0.0010476608845403524, -0.9999988894351575, 0.0010599693970527767, 0.08976589726058613], [-0.0012023801168245625, -0.0010612288991514033, -0.9999987140368123, -0.0004628986696315402], [0.0, 0.0, 0.0, 1.0]]}, "mean_rme": {"type": "float", "data": 0.0014461072184830904}, "max_rme": {"type": "float", "data": 0.005159409608056942}, "simu": {"type": "float", "data": 0.002}}, {"type": "dict", "image_number": {"type": "int", "data": 19}, "Hcamera2end": {"type": "ndarray", "data": [[-0.9989196953204169, -0.0027850371104375243, -0.04638626811093051, 30.567219494799062], [-0.046469229660847024, 0.05492169465846053, 0.9974087517916466, -1323.9071828918422], [-0.00023020793448088814, 0.9984867805955853, -0.054991781023809416, 35.61884073127942], [0.0, 0.0, 0.0, 1.0]]}, "Hobj2base": {"type": "ndarray", "data": [[-0.9998283550996276, 0.006217186924693787, 0.017452991878666953, -11.920049748064168], [-0.00900171406138416, 0.6603422749462002, -0.7509108129883563, 523.597196439437], [-0.016193501249898885, -0.7509390298190796, -0.6601729652232433, 1160.0508572680417], [0.0, 0.0, 0.0, 1.0]]}, "mean_rme": {"type": "float", "data": 141.7886001750168}, "max_rme": {"type": "float", "data": 648.8270794324902}, "simu": {"type": "float", "data": 0.002}}, {"type": "dict", "image_number": {"type": "int", "data": 19}, "Hcamera2end": {"type": "ndarray", "data": [[0.9999989385241886, 0.0014084926082163643, 0.000372959875162349, -0.015211731172100944], [-0.0003749428585422676, 0.0014078747843957462, 0.9999989386526589, 0.023204029517294576], [0.001407966032512647, -0.9999980170166158, 0.0014084013942154971, 0.031027551462042093], [0.0, 0.0, 0.0, 1.0]]}, "Hobj2base": {"type": "ndarray", "data": [[0.9999988165478322, 0.0011963106345043231, -0.0009673385140412414, -0.7342143279703685], [0.0011975827668643966, -0.9999984175252083, 0.0013155769062248783, 0.08985447479897805], [-0.0009657631446090025, -0.0013167338172366768, -0.9999986667559131, -0.00037352641531180665], [0.0, 0.0, 0.0, 1.0]]}, "mean_rme": {"type": "float", "data": 0.001425737743759078}, "max_rme": {"type": "float", "data": 0.005258826384393012}, "simu": {"type": "float", "data": 0.002}}, {"type": "dict", "image_number": {"type": "int", "data": 20}, "Hcamera2end": {"type": "ndarray", "data": [[0.9999993980051365, 0.001035381474514806, 0.0003632830396056704, -0.01500424922804107], [-0.000364772946709895, 0.0014391680124885564, 0.999998897867457, 0.02327401244721686], [0.0010348575080571089, -0.9999984283890817, 0.001439544825268202, 0.03094934419958224], [0.0, 0.0, 0.0, 1.0]]}, "Hobj2base": {"type": "ndarray", "data": [[0.9999993369295083, 0.0008514686306141278, -0.0007753332927316586, -0.7342448509792964], [0.0008525166157939864, -0.999998722206183, 0.0013523318454494112, 0.09007058297154505], [-0.0007741808338709907, -0.0013529919332729015, -0.9999987850276939, -0.0006203433175637707], [0.0, 0.0, 0.0, 1.0]]}, "mean_rme": {"type": "float", "data": 0.0014312108202618966}, "max_rme": {"type": "float", "data": 0.005246523295619032}, "simu": {"type": "float", "data": 0.002}}, {"type": "dict", "image_number": {"type": "int", "data": 21}, "Hcamera2end": {"type": "ndarray", "data": [[-0.9983889935152555, -0.0035756853723763957, -0.05662713220455678, 41.94703328525165], [-0.05671808936281963, 0.09057019164877733, 0.994273653841705, -1484.964437188932], [0.0015735204561063351, 0.9958836552824939, -0.09062708852519008, 66.59344437992321], [0.0, 0.0, 0.0, 1.0]]}, "Hobj2base": {"type": "ndarray", "data": [[-0.9984957984399752, 0.01985303221441656, 0.05110770597092019, -39.28053770262536], [-0.02166245650271746, 0.7134548441619672, -0.7003662779718132, 537.9944444103405], [-0.05036743467742393, -0.7004199043814479, -0.7119515988255796, 1317.86673312341], [0.0, 0.0, 0.0, 1.0]]}, "mean_rme": {"type": "float", "data": 176.4268314422651}, "max_rme": {"type": "float", "data": 710.4993929372747}, "simu": {"type": "float", "data": 0.002}}, {"type": "dict", "image_number": {"type": "int", "data": 21}, "Hcamera2end": {"type": "ndarray", "data": [[-0.9984898397114648, -0.004346045296282481, -0.05476451299203508, 40.154524009219884], [-0.05492418793580872, 0.10023931809101139, 0.9934462303961098, -1458.9705877742963], [0.0011719951211853347, 0.9949538637539588, -0.10032664366211042, 72.70873011146512], [0.0, 0.0, 0.0, 1.0]]}, "Hobj2base": {"type": "ndarray", "data": [[-0.9980966452323525, 0.023357550350679657, 0.05707461447560974, -43.74528702496377], [-0.026196405093266227, 0.6772598318593732, -0.7352774092204948, 562.9158527372263], [-0.055828622910775005, -0.7353730651794563, -0.675358882278495, 1284.9411591095068], [0.0, 0.0, 0.0, 1.0]]}, "mean_rme": {"type": "float", "data": 160.26625261140052}, "max_rme": {"type": "float", "data": 700.7800594484332}, "simu": {"type": "float", "data": 0.002}}, {"type": "dict", "image_number": {"type": "int", "data": 21}, "Hcamera2end": {"type": "ndarray", "data": [[0.9999993519365172, 0.0010921743137024059, 0.00032137488071722964, -0.01504263517593225], [-0.0003229668158191758, 0.0014577196994448594, 0.9999988853722355, 0.0232382411703617], [0.001091704621840064, -0.999998341102897, 0.001458071490810342, 0.03103160170320851], [0.0, 0.0, 0.0, 1.0]]}, "Hobj2base": {"type": "ndarray", "data": [[0.9999993648265901, 0.0008907215252992674, -0.0006906240515847561, -0.7341315355443324], [0.0008916583692863148, -0.9999986812059602, 0.0013573988705556117, 0.09005061781190195], [-0.000689414076401452, -0.0013580138090875686, -0.9999988402526907, -0.0005510458790592923], [0.0, 0.0, 0.0, 1.0]]}, "mean_rme": {"type": "float", "data": 0.00143360632061866}, "max_rme": {"type": "float", "data": 0.005248830315326636}, "simu": {"type": "float", "data": 0.002}}, {"type": "dict", "image_number": {"type": "int", "data": 22}, "Hcamera2end": {"type": "ndarray", "data": [[0.999999407933599, 0.0010072968443125831, 0.0004116861898914214, -0.015369498760593351], [-0.00041321700288787956, 0.0015199879491514245, 0.9999987594434022, 0.023383191509307615], [0.0010066698366563696, -0.9999983374934692, 0.001520403281400684, 0.03130292083001308], [0.0, 0.0, 0.0, 1.0]]}, "Hobj2base": {"type": "ndarray", "data": [[0.9999994204748575, 0.0007775903765932951, -0.000744582537777731, -0.7344993093075606], [0.0007786600449666381, -0.9999986637971234, 0.0014373908659762995, 0.08988024423565118], [-0.0007434638415596161, -0.0014379698096445002, -0.9999986897513129, -0.00036502620714930087], [0.0, 0.0, 0.0, 1.0]]}, "mean_rme": {"type": "float", "data": 0.001521951995389869}, "max_rme": {"type": "float", "data": 0.00534493597133201}, "simu": {"type": "float", "data": 0.002}}, {"type": "dict", "image_number": {"type": "int", "data": 23}, "Hcamera2end": {"type": "ndarray", "data": [[0.9999993669213121, 0.0010662773310395654, 0.00035945740825635915, -0.015345516447668019], [-0.00036086745526319293, 0.0013225042513080876, 0.999999060378151, 0.02309795208588344], [0.001065800945191505, -0.9999985570165382, 0.0013228881988458507, 0.031808751825018605], [0.0, 0.0, 0.0, 1.0]]}, "Hobj2base": {"type": "ndarray", "data": [[0.9999994128537385, 0.0009272902778080763, -0.0005607360510887689, -0.7348248653645071], [0.0009281302526763101, -0.9999984449067931, 0.001499586019491712, 0.08984387443221376], [-0.0005593446275553333, -0.0015001055751081686, -0.9999987184076045, 1.9412165010132423e-06], [0.0, 0.0, 0.0, 1.0]]}, "mean_rme": {"type": "float", "data": 0.0015226555922968601}, "max_rme": {"type": "float", "data": 0.0055292355476938004}, "simu": {"type": "float", "data": 0.002}}, {"type": "dict", "image_number": {"type": "int", "data": 24}, "Hcamera2end": {"type": "ndarray", "data": [[0.999999416461607, 0.0010202579761952354, 0.0003551761642942286, -0.015199994246601716], [-0.0003565913873246285, 0.001387275899688345, 0.9999989741535542, 0.023020637894788965], [0.0010197642022343474, -0.9999985172685208, 0.0013876389053667504, 0.03161468037071058], [0.0, 0.0, 0.0, 1.0]]}, "Hobj2base": {"type": "ndarray", "data": [[0.9999994517560086, 0.0008498223182393118, -0.0006117922112416796, -0.7346338904085868], [0.0008507591902447291, -0.9999984634748997, 0.00153272849489592, 0.08997822322024335], [-0.0006104887243248273, -0.001533248142432966, -0.9999986382258981, 0.0001299541431628859], [0.0, 0.0, 0.0, 1.0]]}, "mean_rme": {"type": "float", "data": 0.0015298950278841393}, "max_rme": {"type": "float", "data": 0.005686855259565027}, "simu": {"type": "float", "data": 0.002}}, {"type": "dict", "image_number": {"type": "int", "data": 25}, "Hcamera2end": {"type": "ndarray", "data": [[0.9999994792338972, 0.0009789294456188013, 0.00028849449734443157, -0.01508610079980065], [-0.0002898742684110736, 0.0014096203362702342, 0.9999989644711716, 0.02297406393027971], [0.000978521764198781, -0.9999985273327395, 0.0014099033686446605, 0.03155312214749026], [0.0, 0.0, 0.0, 1.0]]}, "Hobj2base": {"type": "ndarray", "data": [[0.9999994887993418, 0.0007852648973482561, -0.0006369930111132517, -0.7345462129453005], [0.0007862106980633777, -0.9999985869848471, 0.0014859007530399345, 0.09004946975682068], [-0.0006358252853301689, -0.0014864008041664204, -0.9999986931685743, 0.0001535976290605845], [0.0, 0.0, 0.0, 1.0]]}, "mean_rme": {"type": "float", "data": 0.0014964859768198757}, "max_rme": {"type": "float", "data": 0.005746890897542212}, "simu": {"type": "float", "data": 0.002}}, {"type": "dict", "image_number": {"type": "int", "data": 26}, "Hcamera2end": {"type": "ndarray", "data": [[0.9999991541447032, 0.001219872706893559, 0.0004512432348787044, -0.015013393743194678], [-0.00045303657940639177, 0.0014702315421073475, 0.9999988165878347, 0.021714439486139547], [0.0012192078312442767, -0.9999981751632306, 0.0014707829454626564, 0.03145555215200837], [0.0, 0.0, 0.0, 1.0]]}, "Hobj2base": {"type": "ndarray", "data": [[0.9999991631866231, 0.000987807338504218, -0.0008353817783543788, -0.7344828164791471], [0.000989030879780976, -0.9999984370528998, 0.0014655066280172158, 0.09075165867433152], [-0.0008339328344950687, -0.0014663316200368645, -0.9999985772127917, 0.001104497416599756], [0.0, 0.0, 0.0, 1.0]]}, "mean_rme": {"type": "float", "data": 0.0015254984410041934}, "max_rme": {"type": "float", "data": 0.005731235774384613}, "simu": {"type": "float", "data": 0.002}}, {"type": "dict", "image_number": {"type": "int", "data": 27}, "Hcamera2end": {"type": "ndarray", "data": [[-0.9959232357834593, -0.006899549254692258, -0.08994056174321896, 58.49301163249615], [-0.09011466244130413, 0.12066563081199766, 0.988594534252457, -1292.9335838631903], [0.004031877936336553, 0.9926692307918205, -0.1207954560382205, 77.84784530627206], [0.0, 0.0, 0.0, 1.0]]}, "Hobj2base": {"type": "ndarray", "data": [[-0.9954562342454474, 0.038542459398297806, 0.08707103149385469, -60.0024354429252], [-0.04096807481366765, 0.6520956391719366, -0.7570289916634667, 521.4020453908878], [-0.08595639910986848, -0.7571563617882862, -0.6475536589778417, 1136.867025481454], [0.0, 0.0, 0.0, 1.0]]}, "mean_rme": {"type": "float", "data": 128.3880560289359}, "max_rme": {"type": "float", "data": 631.5867750797427}, "simu": {"type": "float", "data": 0.002}}, {"type": "dict", "image_number": {"type": "int", "data": 27}, "Hcamera2end": {"type": "ndarray", "data": [[0.9999990348680171, 0.0013828001494527644, -0.0001346357344796773, -0.015269196174596506], [0.00013309767454454185, 0.0011123110681772186, 0.9999993725243514, 0.021593804054893154], [0.0013829490385969775, -0.9999984253126772, 0.0011121259471659206, 0.031355438180897234], [0.0, 0.0, 0.0, 1.0]]}, "Hobj2base": {"type": "ndarray", "data": [[0.9999990121663241, 0.0013485282652335629, -0.00039640622312230576, -0.7340342398232537], [0.0013489396748339365, -0.9999985499831074, 0.0010394197594976065, 0.09023932918874956], [-0.00039500396140146104, -0.0010399534608054855, -0.9999993812341437, 0.0011108112740092944], [0.0, 0.0, 0.0, 1.0]]}, "mean_rme": {"type": "float", "data": 0.0015698433981425693}, "max_rme": {"type": "float", "data": 0.005490844930690741}, "simu": {"type": "float", "data": 0.002}}, {"type": "dict", "image_number": {"type": "int", "data": 28}, "Hcamera2end": {"type": "ndarray", "data": [[0.9999988861178675, 0.0014418607769397164, -0.0003857467099215539, -0.015170859542007777], [0.0003846902290100115, 0.0007329260061138543, 0.99999965741639, 0.021295928797085625], [0.0014421430067773208, -0.9999986919276292, 0.0007323705199681063, 0.031901667748933354], [0.0, 0.0, 0.0, 1.0]]}, "Hobj2base": {"type": "ndarray", "data": [[0.9999987448594646, 0.0015843714249406562, -6.832518498652946e-06, -0.7343455992584113], [0.0015843770867715093, -0.9999983136851756, 0.000928642047766199, 0.09017009082502656], [-5.361193052396569e-06, -0.0009286517074756762, -0.9999995687885392, 0.0013275087172490985], [0.0, 0.0, 0.0, 1.0]]}, "mean_rme": {"type": "float", "data": 0.0015426975999390349}, "max_rme": {"type": "float", "data": 0.005583224121475161}, "simu": {"type": "float", "data": 0.002}}, {"type": "dict", "image_number": {"type": "int", "data": 29}, "Hcamera2end": {"type": "ndarray", "data": [[0.9999991706682653, 0.001200594738126279, -0.000466084816873153, -0.014788149983684872], [0.0004650055847733719, 0.000899036917245688, 0.9999994877510826, 0.02140580126297432], [0.001201013150579861, -0.9999988751518155, 0.0008984778883875943, 0.032211584922316905], [0.0, 0.0, 0.0, 1.0]]}, "Hobj2base": {"type": "ndarray", "data": [[0.9999991502582016, 0.0013018170017288799, -6.895918170367637e-05, -0.734631857438278], [0.0013018778758480095, -0.9999987563357062, 0.0008901915725601555, 0.09057423982510372], [-6.780022941764982e-05, -0.0008902805925601643, -0.9999996014017176, 0.0010908718034019628], [0.0, 0.0, 0.0, 1.0]]}, "mean_rme": {"type": "float", "data": 0.001577517513379998}, "max_rme": {"type": "float", "data": 0.005678498130419984}, "simu": {"type": "float", "data": 0.002}}, {"type": "dict", "image_number": {"type": "int", "data": 30}, "Hcamera2end": {"type": "ndarray", "data": [[0.9999990878181824, 0.001248056406344107, -0.0005164474898362305, -0.014883685132116471], [0.0005154747845214547, 0.0007795721185088755, 0.999999563276434, 0.021362022621627057], [0.001248458469352213, -0.9999989173106734, 0.0007789280657901632, 0.03233454102564223], [0.0, 0.0, 0.0, 1.0]]}, "Hobj2base": {"type": "ndarray", "data": [[0.9999990130482111, 0.0014045536892404067, 3.363833763790789e-05, -0.7346342005762193], [0.0014045232779179638, -0.9999986197016768, 0.0008876424401534103, 0.09050467012305755], [3.488503267101071e-05, -0.0008875943182648731, -0.9999996054796019, 0.0012650231248137133], [0.0, 0.0, 0.0, 1.0]]}, "mean_rme": {"type": "float", "data": 0.0015897598226972194}, "max_rme": {"type": "float", "data": 0.005769401639023841}, "simu": {"type": "float", "data": 0.002}}]}