{"type": "list", "data": [{"type": "dict", "image_number": {"type": "int", "data": 5}, "Hcamera2end": {"type": "ndarray", "data": [[0.9999956067439365, 0.001207138784310135, -0.0027072696174849755, -0.015976061140478334], [0.0027065726680885437, 0.0005786167746986148, 0.9999961698261751, 0.02589550315778354], [0.0012087006323730695, -0.9999991040088904, 0.0005753470238467617, 0.030018298867370306], [0.0, 0.0, 0.0, 1.0]]}, "Hobj2base": {"type": "ndarray", "data": [[0.9999973616113947, 0.0020781378316986126, 0.0009788326731164036, -0.7314690715344356], [0.0020789123883246264, -0.9999975262538074, -0.0007909548322905248, 0.08640814393578575], [0.000977186538572658, 0.0007929876528145464, -0.9999992081382119, 0.0012125418315388937], [0.0, 0.0, 0.0, 1.0]]}, "mean_rme": {"type": "float", "data": 0.000932512050800118}, "max_rme": {"type": "float", "data": 0.0021081345036464416}, "simu": {"type": "float", "data": 0.002}}, {"type": "dict", "image_number": {"type": "int", "data": 6}, "Hcamera2end": {"type": "ndarray", "data": [[0.9999965851470328, 0.0009459003469364948, -0.0024361787304568094, -0.015371840041998678], [0.002436272055132638, -9.752257169348688e-05, 0.9999970275294934, 0.02595006725834929], [0.0009456599528607127, -0.999999547880839, -9.982670925046122e-05, 0.032131773889589196], [0.0, 0.0, 0.0, 1.0]]}, "Hobj2base": {"type": "ndarray", "data": [[0.9999962286434543, 0.002186612156654741, 0.0016617539362832473, -0.7333808238794738], [0.0021872959089731, -0.9999975239143013, -0.0004097583100828184, 0.08645773616075214], [0.0016608538391359737, 0.0004133915123246858, -0.9999985353349183, 0.0009055919067502416], [0.0, 0.0, 0.0, 1.0]]}, "mean_rme": {"type": "float", "data": 0.0010795190283120397}, "max_rme": {"type": "float", "data": 0.0027746222736913795}, "simu": {"type": "float", "data": 0.002}}, {"type": "dict", "image_number": {"type": "int", "data": 7}, "Hcamera2end": {"type": "ndarray", "data": [[0.9999952613570939, 0.0008338809285332251, -0.0029634280747777835, -0.015354148556853093], [0.002963334579336317, 0.00011333406204172558, 0.9999956028921135, 0.026196307998307043], [0.0008342131192101011, -0.9999996458989311, 0.00011086245680147488, 0.031992329398984706], [0.0, 0.0, 0.0, 1.0]]}, "Hobj2base": {"type": "ndarray", "data": [[0.9999967092166113, 0.001994802342372973, 0.0016131706552604407, -0.7335217156776721], [0.0019959392239686136, -0.9999977606918233, -0.0007034471929511912, 0.08618934026418668], [0.001611763804765967, 0.0007066646686446433, -0.9999984514200431, 0.0012725921620100969], [0.0, 0.0, 0.0, 1.0]]}, "mean_rme": {"type": "float", "data": 0.0011179082261475678}, "max_rme": {"type": "float", "data": 0.0029458506167102105}, "simu": {"type": "float", "data": 0.002}}, {"type": "dict", "image_number": {"type": "int", "data": 8}, "Hcamera2end": {"type": "ndarray", "data": [[0.9999965668996336, 0.0007383623788989605, -0.0025141618770911714, -0.015728148559893726], [0.002513773706665495, 0.000526176380929777, 0.9999967020346456, 0.026309316168142825], [0.0007396828364029753, -0.9999995889796223, 0.0005243184985793681, 0.031839642083223006], [0.0, 0.0, 0.0, 1.0]]}, "Hobj2base": {"type": "ndarray", "data": [[0.9999978035071416, 0.0017299673279146323, 0.0011832979068972574, -0.7335523114688742], [0.0017303122639769066, -0.9999984608011085, -0.00029054239472025694, 0.08620281503416985], [0.0011827934567161908, 0.0002925892314262044, -0.9999992576953147, 0.0015174655827186675], [0.0, 0.0, 0.0, 1.0]]}, "mean_rme": {"type": "float", "data": 0.001068619117056389}, "max_rme": {"type": "float", "data": 0.0029030769629623254}, "simu": {"type": "float", "data": 0.002}}, {"type": "dict", "image_number": {"type": "int", "data": 9}, "Hcamera2end": {"type": "ndarray", "data": [[0.9999973255348472, 0.0008812595809192554, -0.0021382948121810817, -0.014879762996893907], [0.002136785878837709, 0.0017096455477085826, 0.9999962556220943, 0.02625437144769818], [0.0008849120073556851, -0.9999981502451152, 0.0017077579122930509, 0.03396166916586531], [0.0, 0.0, 0.0, 1.0]]}, "Hobj2base": {"type": "ndarray", "data": [[0.9999991470941716, 0.0012934521650898828, 0.00018108679105981128, -0.7360217905902106], [0.0012933934219419435, -0.9999991110347812, 0.00032413439101051163, 0.08773650095642962], [0.00018150588240978507, -0.0003238998980900431, -0.999999931072233, 0.0009662720160145257], [0.0, 0.0, 0.0, 1.0]]}, "mean_rme": {"type": "float", "data": 0.0011906890406564302}, "max_rme": {"type": "float", "data": 0.00316904227154019}, "simu": {"type": "float", "data": 0.002}}, {"type": "dict", "image_number": {"type": "int", "data": 10}, "Hcamera2end": {"type": "ndarray", "data": [[0.9999977346092037, 0.0009031376746009703, -0.0019274643449939417, -0.014736130605656522], [0.0019255739021957442, 0.0020894093489394194, 0.9999959632587125, 0.026130274282863943], [0.0009071612908900091, -0.9999974093521011, 0.002087665557274354, 0.03396370874728954], [0.0, 0.0, 0.0, 1.0]]}, "Hobj2base": {"type": "ndarray", "data": [[0.9999993102117168, 0.0011736670718750061, -4.562559380450436e-05, -0.7360842504302266], [0.0011736945637276465, -0.9999991268316417, 0.0006072701420919441, 0.08796142991821017], [-4.491282099617334e-05, -0.0006073232737155306, -0.9999998145706228, 0.0007863148318383917], [0.0, 0.0, 0.0, 1.0]]}, "mean_rme": {"type": "float", "data": 0.0011776030516308107}, "max_rme": {"type": "float", "data": 0.003398811747141739}, "simu": {"type": "float", "data": 0.002}}, {"type": "dict", "image_number": {"type": "int", "data": 11}, "Hcamera2end": {"type": "ndarray", "data": [[0.9999956031928756, 0.0026074147349856008, -0.0014124387833340819, -0.013924976822217144], [0.0014077680489333316, 0.0017922948050601573, 0.9999974029308537, 0.02508482113536674], [0.002609939470043076, -0.9999949945213383, 0.0017886162895313085, 0.03397704009641532], [0.0, 0.0, 0.0, 1.0]]}, "Hobj2base": {"type": "ndarray", "data": [[0.9999959789452791, 0.002675267695378253, -0.0009407635360938483, -0.7360557356271143], [0.002676277614979162, -0.9999958421348565, 0.0010738953049400678, 0.08903653304279924], [-0.0009378866671084092, -0.001076408731140919, -0.9999989808559018, 0.0009542370372289818], [0.0, 0.0, 0.0, 1.0]]}, "mean_rme": {"type": "float", "data": 0.0012386539404763161}, "max_rme": {"type": "float", "data": 0.004840543513067286}, "simu": {"type": "float", "data": 0.002}}, {"type": "dict", "image_number": {"type": "int", "data": 12}, "Hcamera2end": {"type": "ndarray", "data": [[0.999996228404768, 0.002321054879053072, -0.001468291690184851, -0.013498791715984688], [0.0014638912027752384, 0.0018964631046695102, 0.9999971302210018, 0.025138830315368323], [0.002323832779155855, -0.9999955080558818, 0.0018930581801597235, 0.034228052444166386], [0.0, 0.0, 0.0, 1.0]]}, "Hobj2base": {"type": "ndarray", "data": [[0.9999967408825778, 0.002369198462159992, -0.0009513794560667156, -0.7361876006136391], [0.0023702042350167117, -0.9999966319695677, 0.0010574409704873417, 0.08956942665393734], [-0.0009488709642706509, -0.001059692487778929, -0.9999989883473508, 0.0008069592521474054], [0.0, 0.0, 0.0, 1.0]]}, "mean_rme": {"type": "float", "data": 0.0012518174814757203}, "max_rme": {"type": "float", "data": 0.00475176888078499}, "simu": {"type": "float", "data": 0.002}}, {"type": "dict", "image_number": {"type": "int", "data": 13}, "Hcamera2end": {"type": "ndarray", "data": [[0.9999967916807283, 0.002390673051335313, -0.0008374429006101318, -0.013641936582830033], [0.0008329010453926088, 0.001900186672061599, 0.9999978477809139, 0.02494106738476015], [0.002392259203921495, -0.9999953369756145, 0.0018981893815724904, 0.033954897309953005], [0.0, 0.0, 0.0, 1.0]]}, "Hobj2base": {"type": "ndarray", "data": [[0.9999967148671617, 0.0023915609009435056, -0.0009223293021281812, -0.7358923214514352], [0.0023930977471258138, -0.999995744122741, 0.0016687778696985016, 0.08961769914445254], [-0.0009183343929023482, -0.001670979611716553, -0.9999981822428881, 0.000647532360782786], [0.0, 0.0, 0.0, 1.0]]}, "mean_rme": {"type": "float", "data": 0.0013356822244277428}, "max_rme": {"type": "float", "data": 0.00442288243567579}, "simu": {"type": "float", "data": 0.002}}, {"type": "dict", "image_number": {"type": "int", "data": 14}, "Hcamera2end": {"type": "ndarray", "data": [[0.999996708302075, 0.002393908075939155, -0.0009233575357359536, -0.01362238363906025], [0.0009185154572853961, 0.0020229778555990174, 0.9999975319419294, 0.024952900598095865], [0.0023957700994826025, -0.9999950883702977, 0.002020772354995981, 0.03385437917671756], [0.0, 0.0, 0.0, 1.0]]}, "Hobj2base": {"type": "ndarray", "data": [[0.9999967890887868, 0.002327276952098789, -0.001002793151532631, -0.7358549214394852], [0.0023289461858370837, -0.9999958991447544, 0.0016666443345915126, 0.08964335433728207], [-0.0009989102962758344, -0.0016689744344299757, -0.9999981083494895, 0.000770654161407615], [0.0, 0.0, 0.0, 1.0]]}, "mean_rme": {"type": "float", "data": 0.0012920851278402346}, "max_rme": {"type": "float", "data": 0.004547913997094644}, "simu": {"type": "float", "data": 0.002}}, {"type": "dict", "image_number": {"type": "int", "data": 15}, "Hcamera2end": {"type": "ndarray", "data": [[0.9999966000875946, 0.0024509470522376033, -0.0008903211771050576, -0.01375790860592101], [0.0008849598730288869, 0.0021876579316643108, 0.9999972154955218, 0.024842655604492378], [0.0024528879457493833, -0.9999946034910993, 0.002185481504026865, 0.033983375436650295], [0.0, 0.0, 0.0, 1.0]]}, "Hobj2base": {"type": "ndarray", "data": [[0.9999966616499044, 0.002314134879034774, -0.0011495515683506343, -0.7359806062995723], [0.0023159708765639535, -0.9999960407110364, 0.0015983870466171296, 0.08939795123862913], [-0.0011458481337290223, -0.0016010440385949881, -0.9999980618431425, 0.0008286176524451664], [0.0, 0.0, 0.0, 1.0]]}, "mean_rme": {"type": "float", "data": 0.0013047757474393836}, "max_rme": {"type": "float", "data": 0.004473436776286865}, "simu": {"type": "float", "data": 0.002}}, {"type": "dict", "image_number": {"type": "int", "data": 16}, "Hcamera2end": {"type": "ndarray", "data": [[0.9999962493789235, 0.002583142515720417, -0.0009102762379275831, -0.013814770707261045], [0.0009045976843625546, 0.0021986296794275217, 0.9999971738612875, 0.024914073702503235], [0.0025851365757545387, -0.9999942466845878, 0.002196284728462672, 0.033854926215442206], [0.0, 0.0, 0.0, 1.0]]}, "Hobj2base": {"type": "ndarray", "data": [[0.999996291657519, 0.002435100227243522, -0.0012194089115323396, -0.7359714442700726], [0.0024369980976058094, -0.9999958178794872, 0.0015573258513750024, 0.0894061263789911], [-0.0012156115672827417, -0.0015602917734749988, -0.9999980438871361, 0.0007035800946871701], [0.0, 0.0, 0.0, 1.0]]}, "mean_rme": {"type": "float", "data": 0.0013177053620770389}, "max_rme": {"type": "float", "data": 0.004399983144467545}, "simu": {"type": "float", "data": 0.002}}, {"type": "dict", "image_number": {"type": "int", "data": 17}, "Hcamera2end": {"type": "ndarray", "data": [[0.9999962493084528, 0.0025652159315626612, -0.0009597063359475766, -0.01380404354798784], [0.0009540199583281212, 0.0022170299408139638, 0.9999970873078382, 0.0248995458257232], [0.002567336157559509, -0.9999942522062143, 0.0022145743582223654, 0.03388776662912579], [0.0, 0.0, 0.0, 1.0]]}, "Hobj2base": {"type": "ndarray", "data": [[0.9999963326357607, 0.0024008445562278408, -0.001253259927472673, -0.7360149639539254], [0.002402758070181089, -0.9999959466440747, 0.0015275631174093236, 0.08942850280830941], [-0.001249587405969393, -0.0015305687956837432, -0.9999980479433332, 0.0007149067335251708], [0.0, 0.0, 0.0, 1.0]]}, "mean_rme": {"type": "float", "data": 0.0012550906796550184}, "max_rme": {"type": "float", "data": 0.00438796908218142}, "simu": {"type": "float", "data": 0.002}}, {"type": "dict", "image_number": {"type": "int", "data": 18}, "Hcamera2end": {"type": "ndarray", "data": [[0.99999675104752, 0.0024121885038392997, -0.000824160801335333, -0.013639091557450893], [0.0008188525038033282, 0.002200775664752741, 0.9999972430297249, 0.0249536488740379], [0.0024139956465427186, -0.9999946689523379, 0.0021987932879411476, 0.033668068594986666], [0.0, 0.0, 0.0, 1.0]]}, "Hobj2base": {"type": "ndarray", "data": [[0.9999967481382317, 0.0022439826113025826, -0.0012117157266549206, -0.7357688027677967], [0.0022459984571612844, -0.9999960918929578, 0.0016648392540073343, 0.08963119381865958], [-0.0012079751208035495, -0.0016675553518327988, -0.9999978800253808, 0.0008231152869792529], [0.0, 0.0, 0.0, 1.0]]}, "mean_rme": {"type": "float", "data": 0.0013152778897098287}, "max_rme": {"type": "float", "data": 0.004562969274073958}, "simu": {"type": "float", "data": 0.002}}, {"type": "dict", "image_number": {"type": "int", "data": 19}, "Hcamera2end": {"type": "ndarray", "data": [[0.9999972890945744, 0.002115696638480982, -0.0009724357233116502, -0.0133783608457894], [0.0009666331577332412, 0.0027419225184213136, 0.9999957737316901, 0.025084791468941468], [0.0021183540403867905, -0.9999940028263355, 0.0027398699828061757, 0.03294488172587348], [0.0, 0.0, 0.0, 1.0]]}, "Hobj2base": {"type": "ndarray", "data": [[0.9999973595308744, 0.0017729183470375492, -0.0014620847492014932, -0.7353666902868758], [0.0017748607002657099, -0.9999975427994199, 0.0013282562316108942, 0.08990944313002433], [-0.0014597262667234096, -0.0013308477211531392, -0.9999980490198814, 0.0005048229215689306], [0.0, 0.0, 0.0, 1.0]]}, "mean_rme": {"type": "float", "data": 0.0013046830209709492}, "max_rme": {"type": "float", "data": 0.004591703284132831}, "simu": {"type": "float", "data": 0.002}}, {"type": "dict", "image_number": {"type": "int", "data": 20}, "Hcamera2end": {"type": "ndarray", "data": [[0.9999952820122789, 0.0030014823196054556, -0.0006534960351078452, -0.013337997740567055], [0.000645495657624778, 0.002665671196995567, 0.9999962387591395, 0.023904369988613686], [0.00300321303586565, -0.9999919426180168, 0.0026637211765878632, 0.032922247997129075], [0.0, 0.0, 0.0, 1.0]]}, "Hobj2base": {"type": "ndarray", "data": [[0.999994772104367, 0.002595304812205823, -0.0019287708176019662, -0.7353557289382496], [0.002597924818504755, -0.9999957044972339, 0.001357119640254711, 0.09044706007622996], [-0.0019252403934284922, -0.0013621233469511263, -0.9999972190308406, 0.0014339914362445695], [0.0, 0.0, 0.0, 1.0]]}, "mean_rme": {"type": "float", "data": 0.0012984003948216323}, "max_rme": {"type": "float", "data": 0.0046991162529252395}, "simu": {"type": "float", "data": 0.002}}, {"type": "dict", "image_number": {"type": "int", "data": 21}, "Hcamera2end": {"type": "ndarray", "data": [[0.9999964497461692, 0.002581202391251269, -0.0006617320249064784, -0.014074005944996332], [0.0006551474549146395, 0.002550981985234624, 0.999996531630347, 0.023891924813815565], [0.002582881505161816, -0.9999934149208816, 0.002549281860423802, 0.032779438687323595], [0.0, 0.0, 0.0, 1.0]]}, "Hobj2base": {"type": "ndarray", "data": [[0.9999960251120115, 0.002279738710779344, -0.0016590815494765209, -0.7347541314202625], [0.0022820267464270325, -0.9999964460203503, 0.0013785139089099448, 0.08994905102664398], [-0.0016559330016129672, -0.0013822944979419755, -0.9999976735712015, 0.0014827320552092734], [0.0, 0.0, 0.0, 1.0]]}, "mean_rme": {"type": "float", "data": 0.0014116778335506281}, "max_rme": {"type": "float", "data": 0.006448895849945069}, "simu": {"type": "float", "data": 0.002}}, {"type": "dict", "image_number": {"type": "int", "data": 22}, "Hcamera2end": {"type": "ndarray", "data": [[0.9999964643342132, 0.0025610631340247767, -0.0007157336769601254, -0.01398795560034273], [0.0007094471768511792, 0.0024547118357987063, 0.9999967355319248, 0.023878621111068022], [0.0025628116934440512, -0.9999937076529166, 0.0024528862177478628, 0.032965595520016835], [0.0, 0.0, 0.0, 1.0]]}, "Hobj2base": {"type": "ndarray", "data": [[0.9999961324324821, 0.0022929608430487954, -0.0015739919472492505, -0.7348757174849859], [0.0022950205177901437, -0.9999965109879518, 0.0013080109883316922, 0.09001165150004102], [-0.0015709872375938609, -0.0013116182733246542, -0.9999979058261093, 0.001399148074000083], [0.0, 0.0, 0.0, 1.0]]}, "mean_rme": {"type": "float", "data": 0.001368215129286676}, "max_rme": {"type": "float", "data": 0.00647701785442234}, "simu": {"type": "float", "data": 0.002}}, {"type": "dict", "image_number": {"type": "int", "data": 23}, "Hcamera2end": {"type": "ndarray", "data": [[0.9999961625186329, 0.002657143876912075, -0.0007839224613918939, -0.014021599517562166], [0.0007774388338462623, 0.002440229180018072, 0.9999967204298268, 0.023811858940410196], [0.00265904811308743, -0.9999934924128091, 0.002438154048847063, 0.032849729008567016], [0.0, 0.0, 0.0, 1.0]]}, "Hobj2base": {"type": "ndarray", "data": [[0.9999958688535543, 0.002385435016061751, -0.0016037380113856218, -0.7349135273503518], [0.002387476188115939, -0.9999963409143566, 0.0012720516299775024, 0.08990511668450493], [-0.0016006977466705016, -0.001275875261260092, -0.9999979049523262, 0.0011933408600057977], [0.0, 0.0, 0.0, 1.0]]}, "mean_rme": {"type": "float", "data": 0.0014714571862427055}, "max_rme": {"type": "float", "data": 0.006581181669050418}, "simu": {"type": "float", "data": 0.002}}, {"type": "dict", "image_number": {"type": "int", "data": 24}, "Hcamera2end": {"type": "ndarray", "data": [[0.9999955055887737, 0.0029013444480923494, -0.0007556471705487114, -0.014040732208041841], [0.0007486806882806519, 0.002401457869108725, 0.9999968362336605, 0.0238324419772253], [0.0029031499237604287, -0.9999929075750972, 0.002399274895411141, 0.03285257216061354], [0.0, 0.0, 0.0, 1.0]]}, "Hobj2base": {"type": "ndarray", "data": [[0.9999950534834837, 0.0026310691003353427, -0.001723509197491483, -0.7349257443371525], [0.0026331828416508297, -0.9999957824872692, 0.0012252982482313336, 0.08980752807880382], [-0.0017202780842098839, -0.0012298305021195732, -0.999997764077625, 0.001209530665079087], [0.0, 0.0, 0.0, 1.0]]}, "mean_rme": {"type": "float", "data": 0.0014314699007369858}, "max_rme": {"type": "float", "data": 0.006590878284953305}, "simu": {"type": "float", "data": 0.002}}, {"type": "dict", "image_number": {"type": "int", "data": 25}, "Hcamera2end": {"type": "ndarray", "data": [[0.9999955258750047, 0.002912523848977467, -0.0006822278225182179, -0.014119747273960377], [0.0006753059249708817, 0.0023769199970332666, 0.9999969471019576, 0.023182883541567615], [0.002914136558292986, -0.9999929337031122, 0.002374942517784251, 0.032805892472213966], [0.0, 0.0, 0.0, 1.0]]}, "Hobj2base": {"type": "ndarray", "data": [[0.9999948466738217, 0.002671327221775534, -0.0017806281683998512, -0.7349473804029307], [0.002673298657323864, -0.9999958154440562, 0.0011056982707119154, 0.09007088552660156], [-0.0017776670353720427, -0.0011104527235798478, -0.9999978033949175, 0.0018256947789825851], [0.0, 0.0, 0.0, 1.0]]}, "mean_rme": {"type": "float", "data": 0.00143350698271064}, "max_rme": {"type": "float", "data": 0.0066379012695920725}, "simu": {"type": "float", "data": 0.002}}, {"type": "dict", "image_number": {"type": "int", "data": 26}, "Hcamera2end": {"type": "ndarray", "data": [[0.9999961817092891, 0.0027054886262858715, -0.0005629370618267012, -0.014167256567350997], [0.0005564578526660565, 0.0023949951788817536, 0.9999969771718067, 0.023402048571715083], [0.0027068286796076645, -0.9999934721433863, 0.0023934805437024753, 0.03282688928899256], [0.0, 0.0, 0.0, 1.0]]}, "Hobj2base": {"type": "ndarray", "data": [[0.9999954737330514, 0.0024802594739475716, -0.0017031812446273316, -0.7348591521092366], [0.0024823328861173777, -0.9999961792590517, 0.0012163431836610923, 0.09022624989402903], [-0.0017001578905081615, -0.0012205655409816985, -0.999997809839055, 0.001732388049406367], [0.0, 0.0, 0.0, 1.0]]}, "mean_rme": {"type": "float", "data": 0.001505980281811761}, "max_rme": {"type": "float", "data": 0.0065410362105531306}, "simu": {"type": "float", "data": 0.002}}, {"type": "dict", "image_number": {"type": "int", "data": 27}, "Hcamera2end": {"type": "ndarray", "data": [[0.9999958492241553, 0.0027491254480461204, -0.0008624637565655485, -0.013894112254145321], [0.000855703247738112, 0.0024593772458986196, 0.9999966096120096, 0.023410006714632864], [0.002751237251182527, -0.9999931968632751, 0.002457014602000651, 0.03266116277883573], [0.0, 0.0, 0.0, 1.0]]}, "Hobj2base": {"type": "ndarray", "data": [[0.9999954305334036, 0.0025194674461167304, -0.001670687313907854, -0.734774343100283], [0.002520983702095872, -0.9999964118234705, 0.0009060802160166662, 0.0902890524034574], [-0.0016683984795790219, -0.0009102878512030454, -0.9999981939096396, 0.0015251254624451312], [0.0, 0.0, 0.0, 1.0]]}, "mean_rme": {"type": "float", "data": 0.0015061522670449668}, "max_rme": {"type": "float", "data": 0.006624401394351498}, "simu": {"type": "float", "data": 0.002}}, {"type": "dict", "image_number": {"type": "int", "data": 28}, "Hcamera2end": {"type": "ndarray", "data": [[0.9999958643408225, 0.002730948755017324, -0.0009017871970175636, -0.014040362790235683], [0.0008947908894504189, 0.0025619988282478134, 0.9999963177488547, 0.023409669823371837], [0.002733249076720231, -0.9999929890158739, 0.002559544604628261, 0.03251218120686989], [0.0, 0.0, 0.0, 1.0]]}, "Hobj2base": {"type": "ndarray", "data": [[0.9999954573803388, 0.0024543136134050035, -0.001749732372109301, -0.7348027369082472], [0.002455893012373849, -0.9999965783205365, 0.0009010753190494358, 0.09017176039520547], [-0.0017475148636637305, -0.0009053683813131628, -0.999998063248072, 0.0017305333513541168], [0.0, 0.0, 0.0, 1.0]]}, "mean_rme": {"type": "float", "data": 0.0015462332350964817}, "max_rme": {"type": "float", "data": 0.006661719628594187}, "simu": {"type": "float", "data": 0.002}}, {"type": "dict", "image_number": {"type": "int", "data": 29}, "Hcamera2end": {"type": "ndarray", "data": [[-0.9997821860266471, -0.0033582741708842005, -0.020598604282126162, 17.944035609338457], [-0.020473835090102897, -0.03370852575416561, 0.9992219760234379, -1623.9564293159394], [-0.004050009936003305, 0.9994260639417375, 0.03363242681467338, -29.239884442599482], [0.0, 0.0, 0.0, 1.0]]}, "Hobj2base": {"type": "ndarray", "data": [[-0.999109310160121, -0.021885627236788607, -0.0360777725451409, 33.04357900720909], [0.014880683363678674, 0.6173176040083305, -0.7865732903194996, 689.3903544132377], [0.039486093931870775, -0.7864095593912032, -0.6164420924013354, 1417.969215229843], [0.0, 0.0, 0.0, 1.0]]}, "mean_rme": {"type": "float", "data": 130.6975466899812}, "max_rme": {"type": "float", "data": 768.5053580707566}, "simu": {"type": "float", "data": 0.002}}, {"type": "dict", "image_number": {"type": "int", "data": 29}, "Hcamera2end": {"type": "ndarray", "data": [[0.9999959404086479, 0.002716398761974866, -0.0008604324435176211, -0.0141240176096982], [0.0008533622279175391, 0.0026028770143600166, 0.9999962483950409, 0.02349299976412744], [0.0027186281709494415, -0.9999929230794657, 0.0026005483756436076, 0.03241674841729761], [0.0, 0.0, 0.0, 1.0]]}, "Hobj2base": {"type": "ndarray", "data": [[0.9999955246845664, 0.0024034057968325495, -0.0017816428975476958, -0.7346985602787063], [0.00240502774398736, -0.9999966949718169, 0.0009087832489619091, 0.09013668345306403], [-0.001779452834239088, -0.0009130640824686895, -0.9999979999287958, 0.001672387219186025], [0.0, 0.0, 0.0, 1.0]]}, "mean_rme": {"type": "float", "data": 0.0015217883610115816}, "max_rme": {"type": "float", "data": 0.006598562433664523}, "simu": {"type": "float", "data": 0.002}}, {"type": "dict", "image_number": {"type": "int", "data": 30}, "Hcamera2end": {"type": "ndarray", "data": [[0.9999959983992521, 0.0027039087488084724, -0.0008319032160927086, -0.014071431823882118], [0.0008247401464013422, 0.0026491899202638614, 0.9999961507908205, 0.023412835435549017], [0.002706102210512804, -0.9999928353094559, 0.0026469492971661346, 0.03233354603779482], [0.0, 0.0, 0.0, 1.0]]}, "Hobj2base": {"type": "ndarray", "data": [[0.9999955995215092, 0.0023725709863183253, -0.0017809673024264808, -0.7345990741236641], [0.0023742842619409233, -0.9999967201068378, 0.000960494565395332, 0.09018311125463335], [-0.0017786826195056304, -0.0009647188613968391, -0.9999979528007332, 0.0017186405206025804], [0.0, 0.0, 0.0, 1.0]]}, "mean_rme": {"type": "float", "data": 0.0015038252191407768}, "max_rme": {"type": "float", "data": 0.006587915129176225}, "simu": {"type": "float", "data": 0.002}}]}