{"type": "list", "data": [{"type": "dict", "image_number": {"type": "int", "data": 5}, "Hcamera2end": {"type": "ndarray", "data": [[0.999999763812711, -0.0006251940800116105, 0.0002854941057581352, -0.008883149766324816], [-0.0002856427932213728, -0.0002377497141285989, 0.9999999309416315, 0.022509367476144876], [-0.0006251261606946979, -0.9999997763036926, -0.00023792824015855807, 0.03554044253537958], [0.0, 0.0, 0.0, 1.0]]}, "Hobj2base": {"type": "ndarray", "data": [[0.999999131047327, -0.0008064402966888206, -0.0010428607954971801, -0.7363616929279726], [-0.0008081691539490887, -0.9999982982097622, -0.0016584451148358413, 0.09688682213236599], [-0.0010415215837964082, 0.0016592864816523092, -0.9999980809987401, 0.0011815333777788206], [0.0, 0.0, 0.0, 1.0]]}, "mean_rme": {"type": "float", "data": 0.001244648668373126}, "max_rme": {"type": "float", "data": 0.0038983471585429252}, "simu": {"type": "float", "data": 0.002}}, {"type": "dict", "image_number": {"type": "int", "data": 6}, "Hcamera2end": {"type": "ndarray", "data": [[0.9999993099479626, -0.0011590322925669105, -0.00019169700935376294, -0.008850561024321059], [0.00019031228218729089, -0.0011947192665870965, 0.9999992682132872, 0.022652622819882555], [-0.0011592604685129006, -0.99999861464405, -0.0011944978640878734, 0.035941907298097], [0.0, 0.0, 0.0, 1.0]]}, "Hobj2base": {"type": "ndarray", "data": [[0.9999992800121162, -0.0011992520824010994, 4.206770766780038e-05, -0.7362177234223598], [-0.001199166029377564, -0.9999973025210924, -0.001989208730153392, 0.09669543240194571], [4.445315690301317e-05, 0.001989156851781239, -0.9999980206375088, 0.0008754062373425205], [0.0, 0.0, 0.0, 1.0]]}, "mean_rme": {"type": "float", "data": 0.0010477330423006518}, "max_rme": {"type": "float", "data": 0.003742728427962305}, "simu": {"type": "float", "data": 0.002}}, {"type": "dict", "image_number": {"type": "int", "data": 7}, "Hcamera2end": {"type": "ndarray", "data": [[0.9999985451328249, -0.0015370769530048964, -0.0007396801159903192, -0.00856480509025332], [0.0007368043743115923, -0.0018706406761448413, 0.9999979789093453, 0.023025369226215075], [-0.0015384575221453374, -0.9999970690446557, -0.001869505429588525, 0.03683150181843294], [0.0, 0.0, 0.0, 1.0]]}, "Hobj2base": {"type": "ndarray", "data": [[0.9999985795532945, -0.001511255629970524, 0.0007463228618686309, -0.7368712749481345], [-0.0015094527833379818, -0.9999959559396134, -0.0024103229482258766, 0.09657645848048046], [0.0007499624578194627, 0.0024091929853694693, -0.9999968166676694, 0.0008024906416128551], [0.0, 0.0, 0.0, 1.0]]}, "mean_rme": {"type": "float", "data": 0.0011360968191885831}, "max_rme": {"type": "float", "data": 0.003469619534911983}, "simu": {"type": "float", "data": 0.002}}, {"type": "dict", "image_number": {"type": "int", "data": 8}, "Hcamera2end": {"type": "ndarray", "data": [[0.9999954975489236, -0.0025800088824744563, -0.0015324607816229868, -0.010303483947811148], [0.0015301100106791794, -0.0009128758216692123, 0.9999984127092852, 0.025843920624180554], [-0.002581403733645512, -0.9999962550989384, -0.0009089240140716104, 0.03570405747240889], [0.0, 0.0, 0.0, 1.0]]}, "Hobj2base": {"type": "ndarray", "data": [[0.999996458217263, -0.002646415527121852, -0.0002829095041942102, -0.7371437343597258], [-0.0026470781771785394, -0.9999936924437007, -0.002368132162021511, 0.09407337421101225], [-0.0002766406580027346, 0.0023688726581865696, -0.9999971559520933, -0.0013228549793089794], [0.0, 0.0, 0.0, 1.0]]}, "mean_rme": {"type": "float", "data": 0.0014227077835068682}, "max_rme": {"type": "float", "data": 0.00410328334999549}, "simu": {"type": "float", "data": 0.002}}, {"type": "dict", "image_number": {"type": "int", "data": 9}, "Hcamera2end": {"type": "ndarray", "data": [[0.9999944309059555, -0.002493314708691986, -0.0022184541549282637, -0.010387908600683884], [0.0022161346382473255, -0.0009326724537148667, 0.9999971094305018, 0.025797986929884453], [-0.002495376592672672, -0.9999964567456512, -0.000927141738484405, 0.034417860210088656], [0.0, 0.0, 0.0, 1.0]]}, "Hobj2base": {"type": "ndarray", "data": [[0.9999967722601983, -0.002526753907594228, -0.0002664279930211751, -0.7358122617059536], [-0.002527531980360646, -0.999992420069115, -0.0029616526472313258, 0.09391336507530364], [-0.00025894260611607363, 0.0029623164930600216, -0.9999955788050874, -0.0015050636327339556], [0.0, 0.0, 0.0, 1.0]]}, "mean_rme": {"type": "float", "data": 0.001469845060787935}, "max_rme": {"type": "float", "data": 0.003995581035583368}, "simu": {"type": "float", "data": 0.002}}, {"type": "dict", "image_number": {"type": "int", "data": 10}, "Hcamera2end": {"type": "ndarray", "data": [[0.9999925951571537, -0.002967333376449582, -0.0024504210850238555, -0.009960042942253467], [0.0024476624585492135, -0.0009329401081756838, 0.9999965692797367, 0.02586209665013354], [-0.0029696092924709786, -0.9999951622659918, -0.0009256701693933778, 0.03423690785640868], [0.0, 0.0, 0.0, 1.0]]}, "Hobj2base": {"type": "ndarray", "data": [[0.9999954800346271, -0.0029892285125789854, -0.00032314581127042106, -0.7357007560033695], [-0.0029902525166827796, -0.9999903570612267, -0.0032162360681744612, 0.0943210044825806], [-0.00031352863063697616, 0.003217187818474209, -0.9999947756875223, -0.001512152311573267], [0.0, 0.0, 0.0, 1.0]]}, "mean_rme": {"type": "float", "data": 0.0014144760754427593}, "max_rme": {"type": "float", "data": 0.003974194520296653}, "simu": {"type": "float", "data": 0.002}}, {"type": "dict", "image_number": {"type": "int", "data": 11}, "Hcamera2end": {"type": "ndarray", "data": [[0.9999933293567456, -0.0027156491943481366, -0.0024426402651084845, -0.009703198594586402], [0.0024409762372851, -0.000615900734619812, 0.9999968311456264, 0.02579674823498864], [-0.0027171450127850016, -0.9999961229503536, -0.0006092677910136679, 0.034319904797571965], [0.0, 0.0, 0.0, 1.0]]}, "Hobj2base": {"type": "ndarray", "data": [[0.9999960071800315, -0.002778706308136998, -0.0005142132316006953, -0.7356876314263978], [-0.0027802437512193996, -0.9999915937992949, -0.003013731147556695, 0.0946238234257156], [-0.0005058346352703207, 0.003015148752394741, -0.9999953264937405, -0.0013979751936224925], [0.0, 0.0, 0.0, 1.0]]}, "mean_rme": {"type": "float", "data": 0.0013670082138049617}, "max_rme": {"type": "float", "data": 0.004182969499476469}, "simu": {"type": "float", "data": 0.002}}, {"type": "dict", "image_number": {"type": "int", "data": 12}, "Hcamera2end": {"type": "ndarray", "data": [[0.9999931770418311, -0.003201471246699046, -0.001842946456523191, -0.011079862710222203], [0.0018408495247203122, -0.0006578133354777638, 0.9999980892754963, 0.025891075929041572], [-0.003202677444325159, -0.9999946589174726, -0.0006519154204220889, 0.03336574644943067], [0.0, 0.0, 0.0, 1.0]]}, "Hobj2base": {"type": "ndarray", "data": [[0.9999946597634969, -0.003237478490382464, -0.00044629307900739563, -0.7347307059347602], [-0.0032385458138074205, -0.9999918471974494, -0.002411920323012897, 0.09362319133667842], [-0.00043848090030177225, 0.0024133527833706957, -0.9999969917268965, -0.0015450645122330419], [0.0, 0.0, 0.0, 1.0]]}, "mean_rme": {"type": "float", "data": 0.0013887567437867111}, "max_rme": {"type": "float", "data": 0.004227067545761298}, "simu": {"type": "float", "data": 0.002}}, {"type": "dict", "image_number": {"type": "int", "data": 13}, "Hcamera2end": {"type": "ndarray", "data": [[0.9999926343150141, -0.0033279618523395396, -0.0019120631861660289, -0.011346979405831494], [0.0019091413891580982, -0.0008809093438542082, 0.9999977895864993, 0.025827159516658524], [-0.0033296388504944633, -0.9999940743167619, -0.0008745493056394604, 0.03374835876887523], [0.0, 0.0, 0.0, 1.0]]}, "Hobj2base": {"type": "ndarray", "data": [[0.9999943052579982, -0.0033669943906532588, -0.000229783260511788, -0.734869980695522], [-0.003367541171238656, -0.999991396368106, -0.002422159413759488, 0.09324703739004372], [-0.00022162588638180298, 0.002422919424776775, -0.9999970401673335, -0.001592964208116332], [0.0, 0.0, 0.0, 1.0]]}, "mean_rme": {"type": "float", "data": 0.0014295165917951435}, "max_rme": {"type": "float", "data": 0.004300753120189543}, "simu": {"type": "float", "data": 0.002}}, {"type": "dict", "image_number": {"type": "int", "data": 14}, "Hcamera2end": {"type": "ndarray", "data": [[0.999993726870248, -0.003235913922779837, -0.001440514226264786, -0.012775967765329507], [0.0014379047642423734, -0.0008085882843862358, 0.9999986393065117, 0.025902406861816187], [-0.003237074302619684, -0.9999944375075644, -0.000803930275960818, 0.033517944475635775], [0.0, 0.0, 0.0, 1.0]]}, "Hobj2base": {"type": "ndarray", "data": [[0.99999459030234, -0.0032808946131051195, -0.00023472663446847175, -0.7347421529926652], [-0.0032813445264287815, -0.9999927292091761, -0.0019427575457472797, 0.09205830191785695], [-0.00022835094505380027, 0.0019435172549735506, -0.9999980852964294, -0.0017155131994527379], [0.0, 0.0, 0.0, 1.0]]}, "mean_rme": {"type": "float", "data": 0.0014721081890407312}, "max_rme": {"type": "float", "data": 0.00430704027201867}, "simu": {"type": "float", "data": 0.002}}, {"type": "dict", "image_number": {"type": "int", "data": 15}, "Hcamera2end": {"type": "ndarray", "data": [[0.9999942092442692, -0.003250852368758177, -0.001006695984525232, -0.013246643010192525], [0.0010057279671965302, -0.0002993944029741069, 0.999999449436972, 0.02600054501902463], [-0.0032511519781023173, -0.9999946711467355, -0.00029612319610983207, 0.032916304196058004], [0.0, 0.0, 0.0, 1.0]]}, "Hobj2base": {"type": "ndarray", "data": [[0.9999946925199716, -0.0032304369325168304, -0.0004233309725569464, -0.7345824969171143], [-0.0032309850705520868, -0.9999939345711006, -0.0013005985097806468, 0.09167017588572593], [-0.0004191269034126596, 0.0013019593829322652, -0.9999990646167649, -0.0016622686487057189], [0.0, 0.0, 0.0, 1.0]]}, "mean_rme": {"type": "float", "data": 0.001472378588274393}, "max_rme": {"type": "float", "data": 0.004486628943050686}, "simu": {"type": "float", "data": 0.002}}, {"type": "dict", "image_number": {"type": "int", "data": 16}, "Hcamera2end": {"type": "ndarray", "data": [[0.9999939332706697, -0.0033153247580095828, -0.0010686644021970695, -0.013068209764167458], [0.0010678161253729744, -0.0002576249120116447, 0.9999993966988813, 0.026043241570170246], [-0.0033155980724430345, -0.9999944711102923, -0.0002540831918336206, 0.03303956642427713], [0.0, 0.0, 0.0, 1.0]]}, "Hobj2base": {"type": "ndarray", "data": [[0.9999944275467598, -0.00330318412586821, -0.0004835804573498644, -0.7348156876337525], [-0.0033038366068980367, -0.9999936246407712, -0.0013547477576167507, 0.09174039540597902], [-0.00047910239306321774, 0.001356337879165592, -0.999998965403692, -0.0016106932065995082], [0.0, 0.0, 0.0, 1.0]]}, "mean_rme": {"type": "float", "data": 0.0014914740780528463}, "max_rme": {"type": "float", "data": 0.004491003714906239}, "simu": {"type": "float", "data": 0.002}}, {"type": "dict", "image_number": {"type": "int", "data": 17}, "Hcamera2end": {"type": "ndarray", "data": [[0.9999959398790337, -0.0026881219901758974, -0.0009456350321304246, -0.012584938785552256], [0.0009456729638167891, 1.2839840364486932e-05, 0.999999552768792, 0.024480272280388224], [-0.002688108646160997, -0.9999963869111251, 1.5381872522812756e-05, 0.03283977396484394], [0.0, 0.0, 0.0, 1.0]]}, "Hobj2base": {"type": "ndarray", "data": [[0.9999962450618823, -0.002691212046178517, -0.0005169524718672239, -0.7344428231942423], [-0.0026917285791672437, -0.9999958761843746, -0.0010011051400933848, 0.09189844316133866], [-0.0005142561538380322, 0.0010024928767481305, -0.999999365274119, 3.524798464518207e-05], [0.0, 0.0, 0.0, 1.0]]}, "mean_rme": {"type": "float", "data": 0.0015625139389524399}, "max_rme": {"type": "float", "data": 0.004441696841184839}, "simu": {"type": "float", "data": 0.002}}, {"type": "dict", "image_number": {"type": "int", "data": 18}, "Hcamera2end": {"type": "ndarray", "data": [[0.9999966207213151, -0.0025137776949055624, -0.0006629235633911797, -0.013585662214218756], [0.000663143439680817, 8.663598012781382e-05, 0.9999997763674677, 0.02463483270137352], [-0.0025137196997104265, -0.9999968367029506, 8.830268254789164e-05, 0.032626374577820055], [0.0, 0.0, 0.0, 1.0]]}, "Hobj2base": {"type": "ndarray", "data": [[0.9999967026990492, -0.0025250547642563527, -0.00046764245625630763, -0.7347604880099244], [-0.0025253971429034876, -0.9999965425341224, -0.0007330000491513463, 0.09102927491736139], [-0.00046578997413216234, 0.0007341786151525173, -0.9999996220106593, -3.784464884686805e-05], [0.0, 0.0, 0.0, 1.0]]}, "mean_rme": {"type": "float", "data": 0.001609127434779954}, "max_rme": {"type": "float", "data": 0.0047950837579131544}, "simu": {"type": "float", "data": 0.002}}, {"type": "dict", "image_number": {"type": "int", "data": 19}, "Hcamera2end": {"type": "ndarray", "data": [[0.999995674330833, -0.002871488744230359, -0.0006370808537647819, -0.013564950058163643], [0.000637670400381835, 0.00020439958243101408, 0.9999997757986104, 0.02482607472621168], [-0.002871357881378108, -0.9999958563780164, 0.0002062297616433062, 0.03256466041791904], [0.0, 0.0, 0.0, 1.0]]}, "Hobj2base": {"type": "ndarray", "data": [[0.99999573732531, -0.0028815925665101588, -0.00047090921650384305, -0.7346786798181286], [-0.0028818703432771297, -0.9999956731969868, -0.0005902631863121475, 0.09113162509866322], [-0.0004692062809624646, 0.0005916177695176211, -0.9999997149168995, -0.0002048307174749838], [0.0, 0.0, 0.0, 1.0]]}, "mean_rme": {"type": "float", "data": 0.0015533938742074626}, "max_rme": {"type": "float", "data": 0.004751441546962831}, "simu": {"type": "float", "data": 0.002}}, {"type": "dict", "image_number": {"type": "int", "data": 20}, "Hcamera2end": {"type": "ndarray", "data": [[0.9999967273011195, -0.0025250371524050425, -0.00041179415878578275, -0.014586905697702945], [0.00041234718752705094, 0.00021850137587176022, 0.9999998911134667, 0.02490180155772892], [-0.0025249468998722307, -0.9999967882171059, 0.00021954185275074867, 0.031559063428649364], [0.0, 0.0, 0.0, 1.0]]}, "Hobj2base": {"type": "ndarray", "data": [[0.9999966546952979, -0.0025556335410982845, -0.00039916840671779327, -0.7341131587376066], [-0.002555791380479801, -0.9999966557842013, -0.0003954122320323288, 0.08985579402698737], [-0.00039815654304975885, 0.0003964311004311789, -0.9999998421568626, -0.0003892983357236007], [0.0, 0.0, 0.0, 1.0]]}, "mean_rme": {"type": "float", "data": 0.0016455095441012069}, "max_rme": {"type": "float", "data": 0.00494518264170557}, "simu": {"type": "float", "data": 0.002}}, {"type": "dict", "image_number": {"type": "int", "data": 21}, "Hcamera2end": {"type": "ndarray", "data": [[0.9999970773347265, -0.0023651650066196994, -0.0005013147676983931, -0.014675283400418172], [0.0005018084081878835, 0.00020812410379500434, 0.9999998524363285, 0.02492144427092154], [-0.002365060321920521, -0.999997181335452, 0.00020931035520499464, 0.03158647238800297], [0.0, 0.0, 0.0, 1.0]]}, "Hobj2base": {"type": "ndarray", "data": [[0.9999970403941755, -0.0023992542701724126, -0.0004034623115301821, -0.7340824519704215], [-0.002399445091512301, -0.9999970093952624, -0.00047314245705748986, 0.08971775893185231], [-0.0004023259158733867, 0.00047410914240532946, -0.9999998066771707, -0.0003355273938967507], [0.0, 0.0, 0.0, 1.0]]}, "mean_rme": {"type": "float", "data": 0.0016200331348119141}, "max_rme": {"type": "float", "data": 0.005038539316005897}, "simu": {"type": "float", "data": 0.002}}, {"type": "dict", "image_number": {"type": "int", "data": 22}, "Hcamera2end": {"type": "ndarray", "data": [[0.999996876784178, -0.0024123226194806015, -0.0006535453075526941, -0.014627332907359035], [0.0006540267366437232, 0.00019878730594302674, 0.9999997663662901, 0.025004973862118966], [-0.0024121921393697185, -0.9999970705873025, 0.00020036440857795768, 0.03168847644641641], [0.0, 0.0, 0.0, 1.0]]}, "Hobj2base": {"type": "ndarray", "data": [[0.9999969250318549, -0.002442351384198366, -0.0004299378453038749, -0.73419821680341], [-0.0024426127753595333, -0.9999968316786008, -0.0006085027445373443, 0.0896556275139112], [-0.00042845030560218996, 0.0006095510450843386, -0.999999722438891, -0.000234241193883895], [0.0, 0.0, 0.0, 1.0]]}, "mean_rme": {"type": "float", "data": 0.0016402611815838205}, "max_rme": {"type": "float", "data": 0.005197309622927471}, "simu": {"type": "float", "data": 0.002}}, {"type": "dict", "image_number": {"type": "int", "data": 23}, "Hcamera2end": {"type": "ndarray", "data": [[0.9999979648074899, -0.001984567368794348, -0.00036314354853041924, -0.014274792468871247], [0.00036257480248459424, -0.00028693666211587754, 0.9999998931034263, 0.025023848176749797], [-0.001984671355848581, -0.9999979895778343, -0.0002862165240227199, 0.03209154389233192], [0.0, 0.0, 0.0, 1.0]]}, "Hobj2base": {"type": "ndarray", "data": [[0.9999978719472895, -0.0020578103678256885, 0.00014668804473565636, -0.7341481364984347], [-0.002057730595143168, -0.9999977360325201, -0.0005419175508238184, 0.09010214726423645], [0.00014780287619328537, 0.0005416145531171112, -0.9999998424039804, -0.0004337792938566263], [0.0, 0.0, 0.0, 1.0]]}, "mean_rme": {"type": "float", "data": 0.001653014971547052}, "max_rme": {"type": "float", "data": 0.005159978798952386}, "simu": {"type": "float", "data": 0.002}}, {"type": "dict", "image_number": {"type": "int", "data": 24}, "Hcamera2end": {"type": "ndarray", "data": [[0.9999982849695138, -0.00182669546034283, -0.0003053550823108377, -0.014179573806942772], [0.00030480438791251634, -0.00030174108030123215, 0.9999999080232983, 0.025042005319406882], [-0.0018267874305018194, -0.9999982860665387, -0.00030118377801446883, 0.03208108557621868], [0.0, 0.0, 0.0, 1.0]]}, "Hobj2base": {"type": "ndarray", "data": [[0.9999981769908067, -0.0018985617822008924, 0.00020366202952637724, -0.7340636972183326], [-0.0018984575005132917, -0.9999980673620148, -0.0005110101313498949, 0.09016356299584706], [0.00020463182022710118, 0.0005106225560662035, -0.9999998486952004, -0.0004412470906788359], [0.0, 0.0, 0.0, 1.0]]}, "mean_rme": {"type": "float", "data": 0.0016134776595783445}, "max_rme": {"type": "float", "data": 0.005169092428358779}, "simu": {"type": "float", "data": 0.002}}, {"type": "dict", "image_number": {"type": "int", "data": 25}, "Hcamera2end": {"type": "ndarray", "data": [[0.999998364042629, -0.001789618764575472, -0.00026301472046600283, -0.014230527658658131], [0.00026261135111570514, -0.00022562526460045973, 0.9999999400642574, 0.02510913293792895], [-0.001789678000079241, -0.9999983731776356, -0.00022515492128527548, 0.032604376057310896], [0.0, 0.0, 0.0, 1.0]]}, "Hobj2base": {"type": "ndarray", "data": [[0.9999982575615929, -0.0018611084974037436, 0.000145426747788567, -0.7346060820218915], [-0.0018610439714452757, -0.9999981703159371, -0.00044258345443969743, 0.09034121457733871], [0.00014625017753143232, 0.0004423120376930293, -0.9999998914854673, -0.0004939934026832104], [0.0, 0.0, 0.0, 1.0]]}, "mean_rme": {"type": "float", "data": 0.0016260331944783412}, "max_rme": {"type": "float", "data": 0.005846877758082736}, "simu": {"type": "float", "data": 0.002}}, {"type": "dict", "image_number": {"type": "int", "data": 26}, "Hcamera2end": {"type": "ndarray", "data": [[0.9999984091482655, -0.0017670683262187709, -0.00024324980694391486, -0.013956182071261872], [0.00024292462884326494, -0.00018423353942798038, 0.9999999535228129, 0.025185772962217447], [-0.0017671130588633038, -0.9999984217625214, -0.00018380398192241465, 0.032942869931318716], [0.0, 0.0, 0.0, 1.0]]}, "Hobj2base": {"type": "ndarray", "data": [[0.9999983058094055, -0.0018368506590184142, 0.00011982476822550477, -0.7348337133052465], [-0.0018368013225712868, -0.999998228800316, -0.00041055709995309884, 0.0907352290689174], [0.0001205786880715267, 0.0004103363100983682, -0.9999999085424423, -0.0004931895740050601], [0.0, 0.0, 0.0, 1.0]]}, "mean_rme": {"type": "float", "data": 0.0016451683975358903}, "max_rme": {"type": "float", "data": 0.0064102726614238825}, "simu": {"type": "float", "data": 0.002}}, {"type": "dict", "image_number": {"type": "int", "data": 27}, "Hcamera2end": {"type": "ndarray", "data": [[0.99999831363342, -0.0018293832501778545, -0.00016151544903818282, -0.013996393948866759], [0.00016121880833415544, -0.00016229969949654866, 0.9999999738336512, 0.025111103088735896], [-0.0018294094162184177, -0.9999983135064435, -0.00016200449481229562, 0.03284450396594025], [0.0, 0.0, 0.0, 1.0]]}, "Hobj2base": {"type": "ndarray", "data": [[0.9999982708344538, -0.0018568887761656143, 0.00010145035847667952, -0.7347963443642965], [-0.0018568545065866195, -0.9999982193091621, -0.00033685285605791033, 0.09068867962415335], [0.00010207567611258893, 0.0003366638950282252, -0.9999999381189875, -0.0005836842991319311], [0.0, 0.0, 0.0, 1.0]]}, "mean_rme": {"type": "float", "data": 0.0016680578609232439}, "max_rme": {"type": "float", "data": 0.006294487399050697}, "simu": {"type": "float", "data": 0.002}}, {"type": "dict", "image_number": {"type": "int", "data": 28}, "Hcamera2end": {"type": "ndarray", "data": [[0.9999977387194442, -0.002120527498562832, -0.00016099418030032092, -0.014168566149337692], [0.00016056806612437967, -0.00020111596495486772, 0.9999999668851322, 0.025154340709575874], [-0.0021205598068417667, -0.9999977314551755, -0.0002007750211756587, 0.03270187267065096], [0.0, 0.0, 0.0, 1.0]]}, "Hobj2base": {"type": "ndarray", "data": [[0.9999977091749451, -0.0021364531402320555, 0.00013119771897434197, -0.7347760136864617], [-0.0021364052466198804, -0.9999976515952724, -0.00036411064582602987, 0.09050732098979518], [0.00013197531620166543, 0.0003638295202170784, -0.9999999251052953, -0.0005957949834425781], [0.0, 0.0, 0.0, 1.0]]}, "mean_rme": {"type": "float", "data": 0.0017005282056690154}, "max_rme": {"type": "float", "data": 0.006026584275084623}, "simu": {"type": "float", "data": 0.002}}, {"type": "dict", "image_number": {"type": "int", "data": 29}, "Hcamera2end": {"type": "ndarray", "data": [[0.9999976132790674, -0.002178345756606263, -0.00016806526486335305, -0.014225719955960635], [0.0001676527316103744, -0.00018956036272599341, 0.9999999679797146, 0.025091092019848223], [-0.0021783775453675797, -0.9999976094354593, -0.00018919470468170552, 0.03270680040573771], [0.0, 0.0, 0.0, 1.0]]}, "Hobj2base": {"type": "ndarray", "data": [[0.9999975871473622, -0.0021933417041034653, 0.00012227682882118865, -0.7347399437375424], [-0.002193294982297418, -0.9999975221708322, -0.0003809321686710254, 0.09046401417527851], [0.00012311204025207634, 0.00038066306038273267, -0.9999999199695271, -0.0006151690571066505], [0.0, 0.0, 0.0, 1.0]]}, "mean_rme": {"type": "float", "data": 0.0016803256348345474}, "max_rme": {"type": "float", "data": 0.006014877861699769}, "simu": {"type": "float", "data": 0.002}}, {"type": "dict", "image_number": {"type": "int", "data": 30}, "Hcamera2end": {"type": "ndarray", "data": [[0.9999969938456272, -0.002450845711855703, -7.519976866834834e-05, -0.014146348735910468], [7.479813222671769e-05, -0.00016396792061001975, 0.99999998375988, 0.025036115963890868], [-0.0024508580024033733, -0.9999969832303582, -0.00016378410901540796, 0.03263026824699464], [0.0, 0.0, 0.0, 1.0]]}, "Hobj2base": {"type": "ndarray", "data": [[0.9999969967289103, -0.0024494327819465545, 8.25360921441013e-05, -0.7347341760165622], [-0.0024494062346549386, -0.9999969489278446, -0.0003202250761229681, 0.09065516725727116], [8.332021011958568e-05, 0.000320021949981573, -0.9999999453218456, -0.0006352670395208001], [0.0, 0.0, 0.0, 1.0]]}, "mean_rme": {"type": "float", "data": 0.001690561090652112}, "max_rme": {"type": "float", "data": 0.006060011908677193}, "simu": {"type": "float", "data": 0.002}}]}