{"type": "list", "data": [{"type": "dict", "image_number": {"type": "int", "data": 5}, "Hcamera2end": {"type": "ndarray", "data": [[0.9999878869497375, 0.0003297790193531806, 0.00491092655181375, -0.013760398524720335], [-0.0049108966388123326, -9.145478100269777e-05, 0.9999879372923587, 0.0283947623931107], [0.00033022416903759995, -0.9999999414409092, -8.983416252861254e-05, 0.03739163907886879], [0.0, 0.0, 0.0, 1.0]]}, "Hobj2base": {"type": "ndarray", "data": [[0.9999979147391618, -0.00035062099618481997, 0.0020118603940537665, -0.7402695119596444], [-0.0003595217355059072, -0.9999901428917102, 0.00442547890496512, 0.09048689100005829], [0.002010288897105745, -0.004426192984227735, -0.9999881837072955, 0.006995916104940991], [0.0, 0.0, 0.0, 1.0]]}, "mean_rme": {"type": "float", "data": 0.0015547182386919515}, "max_rme": {"type": "float", "data": 0.006815690423183335}, "simu": {"type": "float", "data": 0.002}}, {"type": "dict", "image_number": {"type": "int", "data": 6}, "Hcamera2end": {"type": "ndarray", "data": [[0.9999914355399719, 5.100988335421559e-05, 0.0041383867264843015, -0.013468151117314565], [-0.004138372573813355, -0.0002745009141427168, 0.9999913992238578, 0.02818496607897705], [5.2145435569122406e-05, -0.9999999610236194, -0.0002742874652883476, 0.037387809693770015], [0.0, 0.0, 0.0, 1.0]]}, "Hobj2base": {"type": "ndarray", "data": [[0.9999970635823031, -0.0008180900224272516, 0.0022811303089626373, -0.7400090608282958], [-0.0008263873700756821, -0.9999930380218551, 0.0036388173539125437, 0.09050528170914933], [0.0022781375476126097, -0.0036406917661016935, -0.9999907776838637, 0.006711474854794841], [0.0, 0.0, 0.0, 1.0]]}, "mean_rme": {"type": "float", "data": 0.0014848226100208017}, "max_rme": {"type": "float", "data": 0.0068399992374657825}, "simu": {"type": "float", "data": 0.002}}, {"type": "dict", "image_number": {"type": "int", "data": 7}, "Hcamera2end": {"type": "ndarray", "data": [[0.9999920860783245, -0.0004979503814609189, 0.0039471288474700284, -0.012992250732481087], [-0.003947208789426165, -0.00015966153229807212, 0.9999921969950404, 0.028926471950765368], [-0.0004973162913116573, -0.9999998632767969, -0.00016162578287159945, 0.03780411337775792], [0.0, 0.0, 0.0, 1.0]]}, "Hobj2base": {"type": "ndarray", "data": [[0.9999978051144787, -0.001113231872265475, 0.001774959442807817, -0.7402361181492422], [-0.0011198343378583267, -0.9999924420735244, 0.003723139385576044, 0.0916468991009218], [0.0017708013103659413, -0.0037251188742436748, -0.9999914938398684, 0.006639054000207645], [0.0, 0.0, 0.0, 1.0]]}, "mean_rme": {"type": "float", "data": 0.0015921546466734439}, "max_rme": {"type": "float", "data": 0.0059766448747854695}, "simu": {"type": "float", "data": 0.002}}, {"type": "dict", "image_number": {"type": "int", "data": 8}, "Hcamera2end": {"type": "ndarray", "data": [[0.9999985516773324, 0.0004799925109478882, 0.0016328657099926413, -0.013711280813278395], [-0.001633954711041017, 0.0022772190375658363, 0.999996072225015, 0.02997956542197975], [0.0004762722327647267, -0.9999972919366555, 0.002278000025442428, 0.033237784291120016], [0.0, 0.0, 0.0, 1.0]]}, "Hobj2base": {"type": "ndarray", "data": [[0.9999994790987412, 0.0009194811516211039, -0.0004431214936770668, -0.7373963535383576], [0.0009203166857786043, -0.9999977922251502, 0.0018890637955646936, 0.08927877104879842], [-0.000441383556810346, -0.0018894706236534428, -0.9999981175388875, 0.005012227779510409], [0.0, 0.0, 0.0, 1.0]]}, "mean_rme": {"type": "float", "data": 0.001628270496444004}, "max_rme": {"type": "float", "data": 0.006121371656793301}, "simu": {"type": "float", "data": 0.002}}, {"type": "dict", "image_number": {"type": "int", "data": 9}, "Hcamera2end": {"type": "ndarray", "data": [[0.9999985593741236, 0.0006491449401707074, 0.0015683942501425981, -0.013798970615292602], [-0.001569765219279071, 0.002116868045071052, 0.9999965273473883, 0.03011917029196242], [0.0006458226022456358, -0.9999975487372588, 0.00211788400060553, 0.03351740944549751], [0.0, 0.0, 0.0, 1.0]]}, "Hobj2base": {"type": "ndarray", "data": [[0.9999993798624697, 0.0010530126815282703, -0.0003625451262701379, -0.7372730295128371], [0.0010537231789585462, -0.9999975138890762, 0.0019651674555548103, 0.08896093754090474], [-0.0003604748786907133, -0.001965548259083687, -0.999998003336958, 0.004987763562075069], [0.0, 0.0, 0.0, 1.0]]}, "mean_rme": {"type": "float", "data": 0.0016827210188808633}, "max_rme": {"type": "float", "data": 0.006263113753016608}, "simu": {"type": "float", "data": 0.002}}, {"type": "dict", "image_number": {"type": "int", "data": 10}, "Hcamera2end": {"type": "ndarray", "data": [[0.9999987989923945, 0.00032486752800237897, 0.0015154124381530206, -0.014174901760403608], [-0.0015160413415828747, 0.0019444509113341057, 0.9999969603600324, 0.033359738127195164], [0.00032191989542564275, -0.9999980567839833, 0.0019449410886367424, 0.03349018864485349], [0.0, 0.0, 0.0, 1.0]]}, "Hobj2base": {"type": "ndarray", "data": [[0.9999996979376564, 0.0006870636222106097, -0.00036341185316819013, -0.737188420834389], [0.0006877301548692453, -0.9999980759274623, 0.0018371631956414244, 0.0904870963268732], [-0.00036214890593763417, -0.0018374125699936645, -0.9999982463800712, 0.001999210901075299], [0.0, 0.0, 0.0, 1.0]]}, "mean_rme": {"type": "float", "data": 0.0015885045386593538}, "max_rme": {"type": "float", "data": 0.00478629466003834}, "simu": {"type": "float", "data": 0.002}}, {"type": "dict", "image_number": {"type": "int", "data": 11}, "Hcamera2end": {"type": "ndarray", "data": [[0.9999987607721851, 0.0003953884663356564, 0.0015238510605712692, -0.0142859851683334], [-0.001524598635309335, 0.001897372974694278, 0.9999970377830107, 0.033448120372502735], [0.0003924959812894367, -0.9999981218201142, 0.0018979734321330488, 0.033539116158503635], [0.0, 0.0, 0.0, 1.0]]}, "Hobj2base": {"type": "ndarray", "data": [[0.9999997356785815, 0.0006695023193737717, -0.00028356553295658354, -0.7370795418309757], [0.0006700125169680737, -0.99999815019716, 0.001802965746944511, 0.09051199327366886], [-0.00028235791866692466, -0.0018031552628385088, -0.9999983344511645, 0.0018480676992701757], [0.0, 0.0, 0.0, 1.0]]}, "mean_rme": {"type": "float", "data": 0.0015043110920405294}, "max_rme": {"type": "float", "data": 0.004611516897579715}, "simu": {"type": "float", "data": 0.002}}, {"type": "dict", "image_number": {"type": "int", "data": 12}, "Hcamera2end": {"type": "ndarray", "data": [[0.9999989525152433, 9.645672135684077e-05, 0.0014441829929676357, -0.014366009408575596], [-0.00144434385338397, 0.0016889828957813435, 0.9999975306007568, 0.03359889651402597], [9.401728279318509e-05, -0.9999985690154157, 0.0016891204432700757, 0.03353632237236363], [0.0, 0.0, 0.0, 1.0]]}, "Hobj2base": {"type": "ndarray", "data": [[0.9999998643302139, 0.000312512279498424, -0.00041674408084767044, -0.7370343022096679], [0.0003132977945270037, -0.9999981721310338, 0.0018861545758091867, 0.09072639201288418], [-0.0004161538726281256, -0.0018862848849164106, -0.9999981343709037, 0.0017443124517436865], [0.0, 0.0, 0.0, 1.0]]}, "mean_rme": {"type": "float", "data": 0.0014689667854565574}, "max_rme": {"type": "float", "data": 0.004258841630310886}, "simu": {"type": "float", "data": 0.002}}, {"type": "dict", "image_number": {"type": "int", "data": 13}, "Hcamera2end": {"type": "ndarray", "data": [[0.9999988283669659, -3.567861050414673e-05, 0.0015303567336456786, -0.014075863335457486], [-0.001530302115042965, 0.001483669590179315, 0.9999977284474122, 0.03361997372453187], [-3.794907320614309e-05, -0.9999988987251858, 0.0014836132528098789, 0.0335431656968444], [0.0, 0.0, 0.0, 1.0]]}, "Hobj2base": {"type": "ndarray", "data": [[0.999999947469203, 8.771389199797126e-05, -0.00031203824209802245, -0.7369369799237331], [8.835553586462064e-05, -0.9999978807174197, 0.0020568796679234377, 0.0910860613305366], [-0.00031185716387976655, -0.00205690713018, -0.9999978359367419, 0.0018936466218963132], [0.0, 0.0, 0.0, 1.0]]}, "mean_rme": {"type": "float", "data": 0.00140151325980481}, "max_rme": {"type": "float", "data": 0.004238088530809855}, "simu": {"type": "float", "data": 0.002}}, {"type": "dict", "image_number": {"type": "int", "data": 14}, "Hcamera2end": {"type": "ndarray", "data": [[0.9999989567314943, -1.9531380913299207e-05, 0.00144435260517203, -0.013900472619763425], [-0.0014443225051724252, 0.0014620838028286398, 0.9999978881194975, 0.033435066578116714], [-2.1643104214952324e-05, -0.9999989309641681, 0.0014620540678695892, 0.03361075149544314], [0.0, 0.0, 0.0, 1.0]]}, "Hobj2base": {"type": "ndarray", "data": [[0.9999999542047595, 9.26969735471222e-05, -0.000288093300936855, -0.736971434151686], [9.329368507072705e-05, -0.9999978492170691, 0.0020719212155417516, 0.09094605946192635], [-0.0002879006204845921, -0.0020719479979433094, -0.9999978120699695, 0.002117745655204859], [0.0, 0.0, 0.0, 1.0]]}, "mean_rme": {"type": "float", "data": 0.0014131513583118865}, "max_rme": {"type": "float", "data": 0.004589560949448554}, "simu": {"type": "float", "data": 0.002}}, {"type": "dict", "image_number": {"type": "int", "data": 15}, "Hcamera2end": {"type": "ndarray", "data": [[0.999999222729662, -0.0001642672810799195, 0.0012359434988053262, -0.014067810429467302], [-0.001235706650904307, 0.0014342089938201852, 0.9999982080352119, 0.034496932683153826], [-0.00016603958800057606, -0.9999989580298683, 0.0014340048928803695, 0.03374298353459043], [0.0, 0.0, 0.0, 1.0]]}, "Hobj2base": {"type": "ndarray", "data": [[0.9999999832633658, -4.512564249777978e-05, -0.00017730466601552174, -0.736833424646471], [-4.477906034646223e-05, -0.9999980894596112, 0.0019542446016362312, 0.09127415894773105], [-0.00017739251381104288, -0.0019542366293924147, -0.999998074743693, 0.001028018836709721], [0.0, 0.0, 0.0, 1.0]]}, "mean_rme": {"type": "float", "data": 0.0014750997874645104}, "max_rme": {"type": "float", "data": 0.004947369345567831}, "simu": {"type": "float", "data": 0.002}}, {"type": "dict", "image_number": {"type": "int", "data": 16}, "Hcamera2end": {"type": "ndarray", "data": [[0.9999986969417216, 0.0002366702630888025, 0.0015969038936173173, -0.013612066169393519], [-0.0015971657491484943, 0.0011103870471032007, 0.9999981080492978, 0.034472360135479246], [0.00023489663392139114, -0.9999993555136882, 0.0011107636018421463, 0.03358845284002669], [0.0, 0.0, 0.0, 1.0]]}, "Hobj2base": {"type": "ndarray", "data": [[0.9999999792113782, 0.00018721547230110116, 8.079362749400642e-05, -0.7368745388467113], [0.00018702078347034232, -0.9999970952488393, 0.0024030224947767524, 0.0918254545164576], [8.124327579993299e-05, -0.002403007334733713, -0.9999971094734621, 0.001318493886638461], [0.0, 0.0, 0.0, 1.0]]}, "mean_rme": {"type": "float", "data": 0.0015701553243631398}, "max_rme": {"type": "float", "data": 0.004952750548190901}, "simu": {"type": "float", "data": 0.002}}, {"type": "dict", "image_number": {"type": "int", "data": 17}, "Hcamera2end": {"type": "ndarray", "data": [[0.9999986080827619, 0.0002499919091469891, 0.0016496474121052342, -0.013699899547591559], [-0.00164993503310453, 0.0011547158887992293, 0.9999979721707453, 0.03463224886826534], [0.000248086528128408, -0.9999993020673872, 0.001155126751939184, 0.03346683750309261], [0.0, 0.0, 0.0, 1.0]]}, "Hobj2base": {"type": "ndarray", "data": [[0.9999999777636442, 0.00019986085830087276, 6.729300288555438e-05, -0.7369369379889505], [0.0001996969932433849, -0.9999970364394113, 0.0024263621960211863, 0.09202610203729619], [6.77777382897087e-05, -0.0024263487038573913, -0.999997054114734, 0.0013015716301696858], [0.0, 0.0, 0.0, 1.0]]}, "mean_rme": {"type": "float", "data": 0.0016356808403937997}, "max_rme": {"type": "float", "data": 0.004727449184351362}, "simu": {"type": "float", "data": 0.002}}, {"type": "dict", "image_number": {"type": "int", "data": 18}, "Hcamera2end": {"type": "ndarray", "data": [[0.9999977477222709, 0.0005839077222678864, 0.0020404906658101417, -0.014323538542784812], [-0.0020411969370143467, 0.001211530868697186, 0.9999971828500411, 0.03433878944579235], [0.0005814339598833529, -0.9999990956219542, 0.0012127200106473168, 0.03252263789657152], [0.0, 0.0, 0.0, 1.0]]}, "Hobj2base": {"type": "ndarray", "data": [[0.9999998565455629, 0.0005335198057270186, -4.75969581107663e-05, -0.7359817975833803], [0.0005336492767093566, -0.9999960407268289, 0.002762924015617885, 0.091665233824408], [-4.612269497735605e-05, -0.002762949019346445, -0.9999961819854184, 0.0017399810863350147], [0.0, 0.0, 0.0, 1.0]]}, "mean_rme": {"type": "float", "data": 0.0016762468672068026}, "max_rme": {"type": "float", "data": 0.004813922037872925}, "simu": {"type": "float", "data": 0.002}}, {"type": "dict", "image_number": {"type": "int", "data": 19}, "Hcamera2end": {"type": "ndarray", "data": [[0.9999977751976883, 0.0005738151617856, 0.0020298610380507917, -0.01429551405533245], [-0.00203054584855771, 0.0011953812746476888, 0.9999972239697296, 0.03427818775857124], [0.0005713871109823177, -0.9999991208994979, 0.0011965437731553674, 0.032531647065432386], [0.0, 0.0, 0.0, 1.0]]}, "Hobj2base": {"type": "ndarray", "data": [[0.9999998588850918, 0.0005270793027365211, -6.646205790121044e-05, -0.7359728283704716], [0.0005272621068643712, -0.9999959935717126, 0.0027811571680327945, 0.09161838748075685], [-6.499590124481423e-05, -0.0027811918184947318, -0.9999961303663136, 0.0017760036430255418], [0.0, 0.0, 0.0, 1.0]]}, "mean_rme": {"type": "float", "data": 0.0016206254199297196}, "max_rme": {"type": "float", "data": 0.004821189221504069}, "simu": {"type": "float", "data": 0.002}}, {"type": "dict", "image_number": {"type": "int", "data": 20}, "Hcamera2end": {"type": "ndarray", "data": [[0.9999979528378182, 0.0005170935934655733, 0.0019562551951002338, -0.014329373414736377], [-0.0019568419297400588, 0.001136617818998431, 0.9999974394315198, 0.034194997310644556], [0.000514868754898757, -0.9999992203567708, 0.001137627362582716, 0.03256328714531285], [0.0, 0.0, 0.0, 1.0]]}, "Hobj2base": {"type": "ndarray", "data": [[0.9999998756994604, 0.0004908699733954293, -8.745131867869212e-05, -0.7359312943272477], [0.0004911084594392064, -0.9999961029643307, 0.002748248284384068, 0.09156756679892465], [-8.610194531554428e-05, -0.002748290890857715, -0.9999962197346719, 0.0017207209611104584], [0.0, 0.0, 0.0, 1.0]]}, "mean_rme": {"type": "float", "data": 0.0015955783467101778}, "max_rme": {"type": "float", "data": 0.004854825561601606}, "simu": {"type": "float", "data": 0.002}}, {"type": "dict", "image_number": {"type": "int", "data": 21}, "Hcamera2end": {"type": "ndarray", "data": [[0.9999979540395059, 0.0005294573853820196, 0.0019523298080371173, -0.01441588298214596], [-0.001952925300222259, 0.0011265466686226633, 0.9999974584844579, 0.03428389466781989], [0.0005272566491165485, -0.9999992252834401, 0.0011275783544760776, 0.03266149390048499], [0.0, 0.0, 0.0, 1.0]]}, "Hobj2base": {"type": "ndarray", "data": [[0.9999998678729549, 0.0005083461546186556, -7.640850579258371e-05, -0.7358516436210628], [0.0005085538940804884, -0.9999961063910427, 0.0027438250110499757, 0.09168970135182805], [-7.50133953944274e-05, -0.0027438635063596465, -0.9999962327859286, 0.0016656980266965403], [0.0, 0.0, 0.0, 1.0]]}, "mean_rme": {"type": "float", "data": 0.0016330641583653792}, "max_rme": {"type": "float", "data": 0.005029298139230337}, "simu": {"type": "float", "data": 0.002}}, {"type": "dict", "image_number": {"type": "int", "data": 22}, "Hcamera2end": {"type": "ndarray", "data": [[0.9999985510302578, -3.9682883886642674e-05, 0.0017018703398073115, -0.01461276970918179], [-0.001701827818298327, 0.0010480159430182878, 0.9999980027203353, 0.033941205146951925], [-4.1466391877893294e-05, -0.9999994500437747, 0.0010479468910391532, 0.0327467873234948], [0.0, 0.0, 0.0, 1.0]]}, "Hobj2base": {"type": "ndarray", "data": [[0.9999999933885347, -3.5166585512602786e-05, -0.00010948169611805705, -0.7356748814684763], [-3.4892811935324296e-05, -0.9999968753069324, 0.002499631745657615, 0.09134897836201983], [-0.00010956925753489381, -0.0024996279090071533, -0.9999968699225488, 0.001852151299342585], [0.0, 0.0, 0.0, 1.0]]}, "mean_rme": {"type": "float", "data": 0.0016931262251143767}, "max_rme": {"type": "float", "data": 0.0051751168928595714}, "simu": {"type": "float", "data": 0.002}}, {"type": "dict", "image_number": {"type": "int", "data": 23}, "Hcamera2end": {"type": "ndarray", "data": [[0.9999984709286398, -4.191326463684811e-05, 0.0017482516010444752, -0.01454958183056388], [-0.0017482088953890648, 0.000998164546148761, 0.9999979737145456, 0.033851338274518285], [-4.3658222474520056e-05, -0.9999995009552841, 0.0009980897467418703, 0.03284606286139219], [0.0, 0.0, 0.0, 1.0]]}, "Hobj2base": {"type": "ndarray", "data": [[0.999999989534194, -4.549904921493618e-05, -0.00013733698833327633, -0.7355674638561964], [-4.515932891849782e-05, -0.9999969420606822, 0.002472616007215551, 0.09124501253982112], [-0.0001374490700425019, -0.0024726097792914024, -0.9999969336496148, 0.0018935926228132811], [0.0, 0.0, 0.0, 1.0]]}, "mean_rme": {"type": "float", "data": 0.0017568874183093346}, "max_rme": {"type": "float", "data": 0.005349080316758015}, "simu": {"type": "float", "data": 0.002}}, {"type": "dict", "image_number": {"type": "int", "data": 24}, "Hcamera2end": {"type": "ndarray", "data": [[0.9999991374008197, 0.00022370922630468397, 0.001294276554111417, -0.0141606434205734], [-0.0012945180195719037, 0.0010826185480751205, 0.9999985760790747, 0.033952709673492384], [0.00022230769995661528, -0.9999993889454443, 0.0010829072098338388, 0.03259379156100236], [0.0, 0.0, 0.0, 1.0]]}, "Hobj2base": {"type": "ndarray", "data": [[0.9999999404845593, 0.00024018944744949003, -0.00024766894658896166, -0.7352799884215057], [0.0002407053449056999, -0.9999977972264602, 0.0020850906849523786, 0.09131315826295756], [-0.0002471675842508587, -0.002085150176096499, -0.9999977955260344, 0.0018120174299860621], [0.0, 0.0, 0.0, 1.0]]}, "mean_rme": {"type": "float", "data": 0.001732985274582699}, "max_rme": {"type": "float", "data": 0.00547367309907007}, "simu": {"type": "float", "data": 0.002}}, {"type": "dict", "image_number": {"type": "int", "data": 25}, "Hcamera2end": {"type": "ndarray", "data": [[0.9999989651327266, 0.00042514634437082336, 0.0013744031656950373, -0.013978797357876943], [-0.001374871009211842, 0.00110210144434697, 0.9999984475498518, 0.03402724745906438], [0.000423630952638291, -0.9999993023112523, 0.0011026848252018162, 0.032651452232168525], [0.0, 0.0, 0.0, 1.0]]}, "Hobj2base": {"type": "ndarray", "data": [[0.9999998460541862, 0.00045135917218971813, -0.0003227483561757503, -0.7353100265358822], [0.0004520716163113642, -0.9999974540516157, 0.0022107739686824507, 0.09148005208513485], [-0.0003217496813666912, -0.002210919533714091, -0.9999975041528644, 0.0016861199581347064], [0.0, 0.0, 0.0, 1.0]]}, "mean_rme": {"type": "float", "data": 0.0017145252145474867}, "max_rme": {"type": "float", "data": 0.005540841309708555}, "simu": {"type": "float", "data": 0.002}}, {"type": "dict", "image_number": {"type": "int", "data": 26}, "Hcamera2end": {"type": "ndarray", "data": [[0.9999991270658264, 0.0001594456366121892, 0.001311657224312009, -0.013937485973528348], [-0.0013118261953364342, 0.001064296102830986, 0.9999985731919014, 0.03430984214561363], [0.00015804941744177847, -0.9999994209252796, 0.0010645043387333963, 0.032684933731455416], [0.0, 0.0, 0.0, 1.0]]}, "Hobj2base": {"type": "ndarray", "data": [[0.9999999281871559, 0.0001739530379966018, -0.000336698713449306, -0.7352276019259184], [0.00017467953641091573, -0.999997654347907, 0.0021588853011662175, 0.09165586347898244], [-0.00033632237901443996, -0.0021589439605056997, -0.9999976129212675, 0.0014349936794342266], [0.0, 0.0, 0.0, 1.0]]}, "mean_rme": {"type": "float", "data": 0.0016972237685999641}, "max_rme": {"type": "float", "data": 0.005599111360121339}, "simu": {"type": "float", "data": 0.002}}, {"type": "dict", "image_number": {"type": "int", "data": 27}, "Hcamera2end": {"type": "ndarray", "data": [[0.9999993953427684, 0.00010244308124674297, 0.001094906166175219, -0.013845242839178398], [-0.0010950150729834248, 0.0010691489284011535, 0.9999988289305938, 0.034355441896113614], [0.00010127234352451853, -0.9999994232128256, 0.0010692604586506338, 0.032671387515167086], [0.0, 0.0, 0.0, 1.0]]}, "Hobj2base": {"type": "ndarray", "data": [[0.9999999386008943, 0.000127054025755741, -0.0003265815092368132, -0.7352440562530911], [0.00012768549547466818, -0.9999981211238251, 0.0019342815807608202, 0.09161671478828039], [-0.00032633513736881557, -0.0019343231617194809, -0.9999980759477911, 0.0014500111258666031], [0.0, 0.0, 0.0, 1.0]]}, "mean_rme": {"type": "float", "data": 0.0016757135653303183}, "max_rme": {"type": "float", "data": 0.005567018836537374}, "simu": {"type": "float", "data": 0.002}}, {"type": "dict", "image_number": {"type": "int", "data": 28}, "Hcamera2end": {"type": "ndarray", "data": [[0.9999992142931963, 0.0005393089996731759, 0.0011316177769074697, -0.01392455264309091], [-0.0011321138344869502, 0.0009203861989920403, 0.9999989356031889, 0.03353198075878391], [0.0005382669002499964, -0.9999994310173621, 0.0009209960350179403, 0.03257356292353331], [0.0, 0.0, 0.0, 1.0]]}, "Hobj2base": {"type": "ndarray", "data": [[0.9999998751809912, 0.0004931342357932837, -8.035314241554804e-05, -0.7352461576207704], [0.0004933176329917589, -0.9999972365732415, 0.002298582953293628, 0.09135323846937392], [-7.921941041744425e-05, -0.0022986223060088022, -0.9999973550263916, 0.0021763898583031416], [0.0, 0.0, 0.0, 1.0]]}, "mean_rme": {"type": "float", "data": 0.0017316038685976712}, "max_rme": {"type": "float", "data": 0.005412250962078258}, "simu": {"type": "float", "data": 0.002}}, {"type": "dict", "image_number": {"type": "int", "data": 29}, "Hcamera2end": {"type": "ndarray", "data": [[0.9999990881298448, 0.0005090510968351627, 0.0012508423000572564, -0.013946478199843411], [-0.0012512927073662446, 0.000885443279266318, 0.9999988251276896, 0.033580731211510714], [0.000507942948857117, -0.9999994784284539, 0.0008860794437821617, 0.03260589131054718], [0.0, 0.0, 0.0, 1.0]]}, "Hobj2base": {"type": "ndarray", "data": [[0.999999887969637, 0.00046462975133912973, -9.044284189416488e-05, -0.7352065034090723], [0.00046483874639554777, -0.9999971899426381, 0.002324657343958372, 0.09138792417519769], [-8.936248278091914e-05, -0.0023246991248634125, -0.9999972938905011, 0.002222335168553549], [0.0, 0.0, 0.0, 1.0]]}, "mean_rme": {"type": "float", "data": 0.0017181314042990007}, "max_rme": {"type": "float", "data": 0.005459548777944523}, "simu": {"type": "float", "data": 0.002}}, {"type": "dict", "image_number": {"type": "int", "data": 30}, "Hcamera2end": {"type": "ndarray", "data": [[0.9999992026106282, 0.000495318076529406, 0.0011616531800926757, -0.013901485646175512], [-0.0011621036419109275, 0.0009101236193882478, 0.999998910594468, 0.033618043618743605], [0.0004942602889304135, -0.9999994631673561, 0.0009106985046060112, 0.03259568164939683], [0.0, 0.0, 0.0, 1.0]]}, "Hobj2base": {"type": "ndarray", "data": [[0.9999998979335535, 0.00044704986255339235, -6.54163812823024e-05, -0.7352115028665487], [0.0004471916134759994, -0.9999975168819177, 0.002183174216395098, 0.09135596608793399], [-6.444023111233363e-05, -0.0021832032472233567, -0.9999976147326741, 0.0022314451553355876], [0.0, 0.0, 0.0, 1.0]]}, "mean_rme": {"type": "float", "data": 0.0016895171279790863}, "max_rme": {"type": "float", "data": 0.00545714584249396}, "simu": {"type": "float", "data": 0.002}}]}