{"type": "list", "data": [{"type": "dict", "image_number": {"type": "int", "data": 5}, "Hcamera2end": {"type": "ndarray", "data": [[0.9999894391986361, -0.004595668635206001, 3.634546089282447e-05, -0.017089680431234627], [-3.207385433165889e-05, 0.0009295556108568359, 0.9999995674487235, 0.026081555405879128], [-0.004595700432470769, -0.9999890078176669, 0.0009293983931983885, 0.033865892525965884], [0.0, 0.0, 0.0, 1.0]]}, "Hobj2base": {"type": "ndarray", "data": [[0.9999914308798055, -0.004124476573746025, 0.0003561740470401975, -0.7344587735298239], [-0.004123879655804486, -0.99999011780267, -0.0016606967169811593, 0.08817826783745798], [0.0003630200319632667, 0.0016592136673648703, -0.9999985576121906, 0.004082278050523946], [0.0, 0.0, 0.0, 1.0]]}, "mean_rme": {"type": "float", "data": 0.0018476254962183393}, "max_rme": {"type": "float", "data": 0.006609410526101811}, "simu": {"type": "float", "data": 0.002}}, {"type": "dict", "image_number": {"type": "int", "data": 6}, "Hcamera2end": {"type": "ndarray", "data": [[0.9999932625010767, -0.003538195505247443, 0.000977816454833542, -0.013940041323355818], [-0.0009789828832852175, -0.0003279507054290143, 0.9999994670202825, 0.026031268418394045], [-0.0035378729438648596, -0.9999936867905224, -0.0003314123286988213, 0.03526467615619631], [0.0, 0.0, 0.0, 1.0]]}, "Hobj2base": {"type": "ndarray", "data": [[0.9999932061833278, -0.003364818920605161, 0.0015051846464987709, -0.7356781437583284], [-0.003364017133672092, -0.9999941986193865, -0.0005348983962718115, 0.0916041455542772], [0.0015069757505941205, 0.000529831295330007, -0.9999987241506285, 0.004239361602230114], [0.0, 0.0, 0.0, 1.0]]}, "mean_rme": {"type": "float", "data": 0.001865726138405203}, "max_rme": {"type": "float", "data": 0.005790392111372777}, "simu": {"type": "float", "data": 0.002}}, {"type": "dict", "image_number": {"type": "int", "data": 7}, "Hcamera2end": {"type": "ndarray", "data": [[0.9999961402310573, -0.00216742512426969, 0.0017383300372314258, -0.013200212656325143], [-0.001738056498849916, 0.0001280814758307658, 0.9999984813762184, 0.027725227099434663], [-0.002167644480643001, -0.9999976429289554, 0.0001243138741428007, 0.03556023950768947], [0.0, 0.0, 0.0, 1.0]]}, "Hobj2base": {"type": "ndarray", "data": [[0.9999968989057951, -0.0020614889949556138, 0.0013972980772656261, -0.7365298924183802], [-0.002062955027042474, -0.999997322362868, 0.0010485626598222342, 0.09363970686700981], [0.0013951327354246646, -0.001051441971223418, -0.9999984740360519, 0.0033414382271317483], [0.0, 0.0, 0.0, 1.0]]}, "mean_rme": {"type": "float", "data": 0.0019967897567320218}, "max_rme": {"type": "float", "data": 0.0061756764758261196}, "simu": {"type": "float", "data": 0.002}}, {"type": "dict", "image_number": {"type": "int", "data": 8}, "Hcamera2end": {"type": "ndarray", "data": [[0.9999978559880752, -0.0013528506909757539, 0.0015677417710305076, -0.012989519575429091], [-0.001566843750872761, 0.0006646031654288231, 0.9999985516505978, 0.027041909196819508], [-0.001353890657718866, -0.9999988640481752, 0.0006624820348606342, 0.03541571723749552], [0.0, 0.0, 0.0, 1.0]]}, "Hobj2base": {"type": "ndarray", "data": [[0.999998576353078, -0.0011402470451996765, 0.0012438362003438356, -0.7365605449578037], [-0.0011418638611200571, -0.9999985031663927, 0.0012999276504896756, 0.09343805411030211], [0.001242352099865565, -0.0013013460914580025, -0.9999983815284952, 0.004111389753455229], [0.0, 0.0, 0.0, 1.0]]}, "mean_rme": {"type": "float", "data": 0.0018775817261693346}, "max_rme": {"type": "float", "data": 0.006656939730549094}, "simu": {"type": "float", "data": 0.002}}, {"type": "dict", "image_number": {"type": "int", "data": 9}, "Hcamera2end": {"type": "ndarray", "data": [[0.9999976372286375, -0.001191041246969145, 0.0018185043003271497, -0.013237079643018759], [-0.0018179135804750081, 0.0004968642259491896, 0.9999982241565006, 0.027205002682433213], [-0.0011919426815978564, -0.9999991672729978, 0.0004946978419149151, 0.03516080151953914], [0.0, 0.0, 0.0, 1.0]]}, "Hobj2base": {"type": "ndarray", "data": [[0.9999985735013607, -0.0010205397337678494, 0.0013459174920665959, -0.7362479344169359], [-0.00102276865436518, -0.9999981051180964, 0.001656413141705359, 0.09348013171849837], [0.0013442245062852511, -0.0016577873410565137, -0.9999977223982104, 0.004330564691862413], [0.0, 0.0, 0.0, 1.0]]}, "mean_rme": {"type": "float", "data": 0.0018702788031597188}, "max_rme": {"type": "float", "data": 0.0064014814672806175}, "simu": {"type": "float", "data": 0.002}}, {"type": "dict", "image_number": {"type": "int", "data": 10}, "Hcamera2end": {"type": "ndarray", "data": [[0.9999979083833912, -0.0011273198199537038, 0.0017065693265415794, -0.013119541942418343], [-0.0017061267481772498, 0.0003934385210392355, 0.9999984671676502, 0.02715212135187544], [-0.0011279895220733009, -0.999999287177823, 0.0003915143476181937, 0.03507733900627824], [0.0, 0.0, 0.0, 1.0]]}, "Hobj2base": {"type": "ndarray", "data": [[0.9999988299655866, -0.0009335424279942939, 0.001211844046465234, -0.7361983476858593], [-0.0009355389768135805, -0.9999982044141966, 0.001648009467756751, 0.09347676868272216], [0.0012103033837353807, -0.0016491412668682478, -0.9999979077472119, 0.004201796268067726], [0.0, 0.0, 0.0, 1.0]]}, "mean_rme": {"type": "float", "data": 0.0017683346924285193}, "max_rme": {"type": "float", "data": 0.006447360174557076}, "simu": {"type": "float", "data": 0.002}}, {"type": "dict", "image_number": {"type": "int", "data": 11}, "Hcamera2end": {"type": "ndarray", "data": [[0.9999986332030877, -0.0010410093406323494, 0.0012844810272188605, -0.012902865719700674], [-0.0012841351865268027, 0.00033281704037213533, 0.9999991201144329, 0.02722818568281899], [-0.0010414359218371486, -0.9999994027660066, 0.00033147978875502915, 0.03498855126578636], [0.0, 0.0, 0.0, 1.0]]}, "Hobj2base": {"type": "ndarray", "data": [[0.9999992290045677, -0.0008726738792833536, 0.0008834198156036088, -0.7361398329849077], [-0.0008740150813178083, -0.9999984644470759, 0.0015189473747871975, 0.09339501930735468], [0.0008820929133677453, -0.0015197183259276822, -0.9999984561829589, 0.00418678798679887], [0.0, 0.0, 0.0, 1.0]]}, "mean_rme": {"type": "float", "data": 0.0016451995248313914}, "max_rme": {"type": "float", "data": 0.0064224616973674875}, "simu": {"type": "float", "data": 0.002}}, {"type": "dict", "image_number": {"type": "int", "data": 12}, "Hcamera2end": {"type": "ndarray", "data": [[0.999998329626471, -0.0005461906237879167, 0.0017442534421615741, -0.014674568986457373], [-0.001744137713751118, 0.00021228750145219077, 0.9999984564576349, 0.027361240698071786], [-0.0005465600639246853, -0.9999998283048949, 0.00021133451518695612, 0.03479097465708331], [0.0, 0.0, 0.0, 1.0]]}, "Hobj2base": {"type": "ndarray", "data": [[0.9999994017795958, -0.00042815815921666, 0.0010065391404190415, -0.7358319944371633], [-0.00043016556104348173, -0.9999979174828475, 0.001994990615944132, 0.09183788610903919], [0.0010056828727742402, -0.00199542240097409, -0.9999975034425839, 0.004495705663894169], [0.0, 0.0, 0.0, 1.0]]}, "mean_rme": {"type": "float", "data": 0.0017594141691334437}, "max_rme": {"type": "float", "data": 0.006513390050946394}, "simu": {"type": "float", "data": 0.002}}, {"type": "dict", "image_number": {"type": "int", "data": 13}, "Hcamera2end": {"type": "ndarray", "data": [[0.999999387147793, -0.0006306259841984535, 0.0009099532441499179, -0.014546011218714103], [-0.0009099541707119629, -1.1823545942313274e-06, 0.9999995859909189, 0.02768198523272918], [-0.0006306246472261705, -0.9999998011547152, -1.7561946139554863e-06, 0.03331734366040693], [0.0, 0.0, 0.0, 1.0]]}, "Hobj2base": {"type": "ndarray", "data": [[0.9999994907812699, -0.0004938765881395538, 0.0008800699497476082, -0.7344699916113432], [-0.0004948670802523887, -0.99999924405672, 0.00112560764087067, 0.0909515292578321], [0.0008795133732033869, -0.001126042585336626, -0.9999989792416402, 0.0042307972588650315], [0.0, 0.0, 0.0, 1.0]]}, "mean_rme": {"type": "float", "data": 0.0017965556019138725}, "max_rme": {"type": "float", "data": 0.00688552533149045}, "simu": {"type": "float", "data": 0.002}}, {"type": "dict", "image_number": {"type": "int", "data": 14}, "Hcamera2end": {"type": "ndarray", "data": [[0.9999996371687743, -0.0006106844009897963, 0.0005939081428707835, -0.014589979013808447], [-0.0005938656987656372, 6.968150407982154e-05, 0.9999998212339939, 0.027858009935109167], [-0.0006107256762328654, -0.9999998111045073, 6.931881427874043e-05, 0.03301195519576851], [0.0, 0.0, 0.0, 1.0]]}, "Hobj2base": {"type": "ndarray", "data": [[0.9999996335003096, -0.0005250685428593505, 0.0006762412822299946, -0.7343087295526702], [-0.0005256395273052582, -0.9999995053040227, 0.0008444494050950143, 0.09064745798958997], [0.0006757975538775007, -0.0008448045547525046, -0.9999994148012943, 0.0042294302901334235], [0.0, 0.0, 0.0, 1.0]]}, "mean_rme": {"type": "float", "data": 0.0017596369359753048}, "max_rme": {"type": "float", "data": 0.0068985739583295735}, "simu": {"type": "float", "data": 0.002}}, {"type": "dict", "image_number": {"type": "int", "data": 15}, "Hcamera2end": {"type": "ndarray", "data": [[0.9999998299783173, -0.000576251767789896, -8.931537801944425e-05, -0.01440209068514468], [8.924536358487947e-05, -0.0001215243005361355, 0.9999999886335549, 0.027933272604192826], [-0.0005762626152288027, -0.9999998265828574, -0.00012147285207575464, 0.03268978146002401], [0.0, 0.0, 0.0, 1.0]]}, "Hobj2base": {"type": "ndarray", "data": [[0.9999997220508527, -0.0004320323943780809, 0.0006076563400231289, -0.7339985742646867], [-0.00043211386356905993, -0.9999998976679987, 0.00013394626317169634, 0.09028538604044868], [0.0006075984087156435, -0.00013420880267025632, -0.9999998064060669, 0.004173364578205978], [0.0, 0.0, 0.0, 1.0]]}, "mean_rme": {"type": "float", "data": 0.0017259117682297761}, "max_rme": {"type": "float", "data": 0.006991988222329937}, "simu": {"type": "float", "data": 0.002}}, {"type": "dict", "image_number": {"type": "int", "data": 16}, "Hcamera2end": {"type": "ndarray", "data": [[0.9999999617971943, -0.0001854853332224997, 0.00020494096992869216, -0.014258942570945916], [-0.00020493507847112579, 3.178083930654996e-05, 0.9999999784957958, 0.028668888179960515], [-0.00018549184242981786, -0.9999999822925847, 3.1742825641112304e-05, 0.03267087145975482], [0.0, 0.0, 0.0, 1.0]]}, "Hobj2base": {"type": "ndarray", "data": [[0.9999998290369057, 2.8736780951721372e-05, 0.0005840379755603095, -0.7340513729938611], [2.8540223093480228e-05, -0.9999999429579782, 0.0003365553381581781, 0.09058113434905296], [0.0005840476137626335, -0.0003365386120455185, -0.9999997728150478, 0.003653324265708184], [0.0, 0.0, 0.0, 1.0]]}, "mean_rme": {"type": "float", "data": 0.0017316174457274978}, "max_rme": {"type": "float", "data": 0.006544637704773981}, "simu": {"type": "float", "data": 0.002}}, {"type": "dict", "image_number": {"type": "int", "data": 17}, "Hcamera2end": {"type": "ndarray", "data": [[0.9999998998764421, -7.402636842747322e-05, 0.00044132437325595305, -0.01453166794042245], [-0.00044131865676806333, 7.722088677952765e-05, 0.9999998996373841, 0.028795345261720038], [-7.406044045745364e-05, -0.9999999942785159, 7.71882098303811e-05, 0.03302155850239685], [0.0, 0.0, 0.0, 1.0]]}, "Hobj2base": {"type": "ndarray", "data": [[0.9999998848405885, 0.00010476842478388237, 0.0004683400333178306, -0.7343602969171927], [0.00010451506231450873, -0.9999998482132162, 0.0005409714839228879, 0.09029233692224425], [0.0004683966389602268, -0.0005409224730371637, -0.9999997440037007, 0.003765205724599211], [0.0, 0.0, 0.0, 1.0]]}, "mean_rme": {"type": "float", "data": 0.0017190801745387478}, "max_rme": {"type": "float", "data": 0.006646711054068971}, "simu": {"type": "float", "data": 0.002}}, {"type": "dict", "image_number": {"type": "int", "data": 18}, "Hcamera2end": {"type": "ndarray", "data": [[0.9999999007976345, -0.00021672069113239388, 0.0003891488960599446, -0.01442479881437183], [-0.00038912928545073384, 9.052275748699934e-05, 0.9999999201920117, 0.028726618085273183], [-0.00021675590066749583, -0.9999999724188858, 9.043841613920467e-05, 0.033275917057920615], [0.0, 0.0, 0.0, 1.0]]}, "Hobj2base": {"type": "ndarray", "data": [[0.9999999016410047, -4.521838625528359e-05, 0.0004412179488711983, -0.7345555890645082], [-4.5440711987888255e-05, -0.9999998720130117, 0.0005038939395728844, 0.09051067782414374], [0.0004411951071302504, -0.0005039139392681213, -0.9999997757087846, 0.0037922186981540393], [0.0, 0.0, 0.0, 1.0]]}, "mean_rme": {"type": "float", "data": 0.0016875423075013909}, "max_rme": {"type": "float", "data": 0.006556599658448403}, "simu": {"type": "float", "data": 0.002}}, {"type": "dict", "image_number": {"type": "int", "data": 19}, "Hcamera2end": {"type": "ndarray", "data": [[0.9999998954588193, -0.00035954667140932384, 0.00028250405571160145, -0.014260001276408167], [-0.0002824885913210142, 4.306085888161615e-05, 0.9999999591729783, 0.028641055572860896], [-0.0003595588215973806, -0.9999999344359748, 4.295928654729497e-05, 0.03342969774707018], [0.0, 0.0, 0.0, 1.0]]}, "Hobj2base": {"type": "ndarray", "data": [[0.9999998844194413, -0.00014440384137940734, 0.0004585941936945088, -0.7346204181579715], [-0.00014458601064744317, -0.9999999106532595, 0.00039722582889453826, 0.09069846926354097], [0.00045853679178502475, -0.00039729208928792747, -0.9999998159514867, 0.003742629951303358], [0.0, 0.0, 0.0, 1.0]]}, "mean_rme": {"type": "float", "data": 0.001682652777765403}, "max_rme": {"type": "float", "data": 0.006519350359771053}, "simu": {"type": "float", "data": 0.002}}, {"type": "dict", "image_number": {"type": "int", "data": 20}, "Hcamera2end": {"type": "ndarray", "data": [[0.999999906800993, -0.0002856430162376942, 0.0003237376600976821, -0.014322187337802762], [-0.00032372141949492595, 5.690069468300418e-05, 0.9999999459833753, 0.02859283964920091], [-0.0002856614217059772, -0.9999999575851881, 5.680822061726598e-05, 0.03341292789494465], [0.0, 0.0, 0.0, 1.0]]}, "Hobj2base": {"type": "ndarray", "data": [[0.9999999067240425, -0.00010379507831291436, 0.00041925945194712356, -0.7345855578553445], [-0.00010396955574899218, -0.9999999080023025, 0.000416155882272592, 0.09068236661168363], [0.0004192162184438284, -0.00041619943367421613, -0.9999998255178817, 0.0037759143536178984], [0.0, 0.0, 0.0, 1.0]]}, "mean_rme": {"type": "float", "data": 0.001621737708658178}, "max_rme": {"type": "float", "data": 0.006514390658204444}, "simu": {"type": "float", "data": 0.002}}, {"type": "dict", "image_number": {"type": "int", "data": 21}, "Hcamera2end": {"type": "ndarray", "data": [[0.9999999106997649, -0.0004053601351052004, 0.00011951411210144605, -0.014391921141266497], [-0.00011950829332405428, 1.437877873722293e-05, 0.9999999927555092, 0.028257661171894485], [-0.00040536185063554656, -0.9999999177382024, 1.4330333555245822e-05, 0.03339858750839712], [0.0, 0.0, 0.0, 1.0]]}, "Hobj2base": {"type": "ndarray", "data": [[0.999999884830458, -0.00023207269601951977, 0.0004200968156450459, -0.7345873869406093], [-0.00023228401776646918, -0.9999998464913065, 0.0005030521827625232, 0.09064405396748104], [0.00041998000648024036, -0.0005031497066024228, -0.9999997852285605, 0.003989801098897149], [0.0, 0.0, 0.0, 1.0]]}, "mean_rme": {"type": "float", "data": 0.00161766428624127}, "max_rme": {"type": "float", "data": 0.006563657385398075}, "simu": {"type": "float", "data": 0.002}}, {"type": "dict", "image_number": {"type": "int", "data": 22}, "Hcamera2end": {"type": "ndarray", "data": [[0.9999999275308573, -0.00035161685027318635, 0.00014595845513225934, -0.014445338977238365], [-0.00014593590947079986, 6.414477223048998e-05, 0.9999999872940791, 0.028224090501507218], [-0.0003516262082774301, -0.9999999361255173, 6.409345405711253e-05, 0.03324485023732307], [0.0, 0.0, 0.0, 1.0]]}, "Hobj2base": {"type": "ndarray", "data": [[0.9999998945303514, -0.00017952884602024752, 0.00042273949350168043, -0.7344669649088833], [-0.0001797349351211237, -0.9999998650093065, 0.00048752099623349085, 0.09070301510334294], [0.0004226519123539186, -0.0004875969258702604, -0.9999997918072776, 0.004180273324159368], [0.0, 0.0, 0.0, 1.0]]}, "mean_rme": {"type": "float", "data": 0.0016322331061048724}, "max_rme": {"type": "float", "data": 0.006483990264317591}, "simu": {"type": "float", "data": 0.002}}, {"type": "dict", "image_number": {"type": "int", "data": 23}, "Hcamera2end": {"type": "ndarray", "data": [[0.9999999502082206, -0.0002142621930349948, 0.00023167923697213483, -0.014724227161057465], [-0.00023166616312149675, 6.104080652868937e-05, 0.9999999713024038, 0.02811741370313665], [-0.00021427632877366563, -0.9999999751828658, 6.0991166189183765e-05, 0.03313715451917483], [0.0, 0.0, 0.0, 1.0]]}, "Hobj2base": {"type": "ndarray", "data": [[0.9999999194114467, -5.826239685484572e-05, 0.00039721857111129824, -0.7342647299879921], [-5.847972114658381e-05, -0.9999998486169077, 0.0005471254737052016, 0.09051453310167021], [0.00039718663413764425, -0.0005471486588444239, -0.9999997714355353, 0.004220055522732252], [0.0, 0.0, 0.0, 1.0]]}, "mean_rme": {"type": "float", "data": 0.001628597407768074}, "max_rme": {"type": "float", "data": 0.006502220568307349}, "simu": {"type": "float", "data": 0.002}}, {"type": "dict", "image_number": {"type": "int", "data": 24}, "Hcamera2end": {"type": "ndarray", "data": [[0.999999958759797, -0.00024950964131135734, 0.0001422158331168279, -0.014678399907338463], [-0.00014220297724834889, 5.154151987440958e-05, 0.9999999885608922, 0.02819806089506094], [-0.0002495169684773788, -0.9999999675442045, 5.1506036734982885e-05, 0.03317629193903827], [0.0, 0.0, 0.0, 1.0]]}, "Hobj2base": {"type": "ndarray", "data": [[0.9999999252805031, -9.754694199083544e-05, 0.0003740636073955024, -0.7342778642132585], [-9.771854707268915e-05, -0.9999998899913776, 0.00045876826289692094, 0.09052626905162504], [0.00037401881480415204, -0.00045880478157021463, -0.9999998248040343, 0.0042750078847615626], [0.0, 0.0, 0.0, 1.0]]}, "mean_rme": {"type": "float", "data": 0.0016124984017730022}, "max_rme": {"type": "float", "data": 0.006446639294671153}, "simu": {"type": "float", "data": 0.002}}, {"type": "dict", "image_number": {"type": "int", "data": 25}, "Hcamera2end": {"type": "ndarray", "data": [[0.9999999349906871, -0.0003192082694992363, 0.00016770421069566027, -0.014667373695766678], [-0.00016771251552370595, -2.5990367901185252e-05, 0.9999999855985062, 0.028183950174247293], [-0.0003192039062080259, -0.9999999487152893, -2.6043901433459027e-05, 0.03322632444815409], [0.0, 0.0, 0.0, 1.0]]}, "Hobj2base": {"type": "ndarray", "data": [[0.9999998791463101, -0.00017852924448925563, 0.0004580771485947834, -0.7342663228054908], [-0.0001787329003844138, -0.999999885198813, 0.0004445862244417407, 0.09056918205973324], [0.00045799772436422314, -0.0004446680441692232, -0.9999997962541867, 0.004263056782603827], [0.0, 0.0, 0.0, 1.0]]}, "mean_rme": {"type": "float", "data": 0.0015569260335574926}, "max_rme": {"type": "float", "data": 0.006438368969699737}, "simu": {"type": "float", "data": 0.002}}, {"type": "dict", "image_number": {"type": "int", "data": 26}, "Hcamera2end": {"type": "ndarray", "data": [[0.9999999528514675, -0.00026092562705257806, 0.00016191009825669906, -0.014587917263428674], [-0.00016191287876210798, -1.063522560840191e-05, 0.9999999868355557, 0.028236922268916005], [-0.0002609239016672139, -0.9999999659023538, -1.0677472326303672e-05, 0.03336198003935334], [0.0, 0.0, 0.0, 1.0]]}, "Hobj2base": {"type": "ndarray", "data": [[0.9999998962441898, -0.00013259402046160535, 0.00043581009097458585, -0.734441827961454], [-0.00013278523193969302, -0.9999998949333004, 0.0004387498959395412, 0.09055848767343523], [0.000435751869572778, -0.00043880771956070197, -0.9999998087840287, 0.0042081156214509325], [0.0, 0.0, 0.0, 1.0]]}, "mean_rme": {"type": "float", "data": 0.0015352295360954137}, "max_rme": {"type": "float", "data": 0.006479201958436209}, "simu": {"type": "float", "data": 0.002}}, {"type": "dict", "image_number": {"type": "int", "data": 27}, "Hcamera2end": {"type": "ndarray", "data": [[0.9999999694579302, -0.00021056749656176623, 0.00012940428141291764, -0.014537216690012025], [-0.0001293734794399247, 0.00014628780435776978, 0.9999999809311907, 0.028205525070940533], [-0.00021058642281469715, -0.9999999671306036, 0.00014626055804012328, 0.033390629011875596], [0.0, 0.0, 0.0, 1.0]]}, "Hobj2base": {"type": "ndarray", "data": [[0.9999999488450356, -7.508028480925353e-05, 0.00031092262200563503, -0.7345611151493288], [-7.518304467720213e-05, -0.9999999425581945, 0.0003305013126638879, 0.0905214910474698], [0.00031089779001299364, -0.0003305246718664865, -0.9999998970479975, 0.004225157691075193], [0.0, 0.0, 0.0, 1.0]]}, "mean_rme": {"type": "float", "data": 0.00151366597052978}, "max_rme": {"type": "float", "data": 0.00656758155266815}, "simu": {"type": "float", "data": 0.002}}, {"type": "dict", "image_number": {"type": "int", "data": 28}, "Hcamera2end": {"type": "ndarray", "data": [[0.9999999504432874, -0.00027740606077694707, 0.00014886000227282267, -0.014563389639115734], [-0.00014885856288928204, 5.20936411019246e-06, 0.9999999889069954, 0.028208609174628113], [-0.0002774068331656336, -0.9999999615093692, 5.168069584504664e-06, 0.033374401454828034], [0.0, 0.0, 0.0, 1.0]]}, "Hobj2base": {"type": "ndarray", "data": [[0.9999998941521103, -0.00013359727562948907, 0.0004402812011071237, -0.7344907288238901], [-0.0001337151804878294, -0.999999955208162, 0.00026777588650565, 0.09047261947434158], [0.00044024540725720287, -0.000267834730442409, -0.9999998672242609, 0.004163806840047545], [0.0, 0.0, 0.0, 1.0]]}, "mean_rme": {"type": "float", "data": 0.0014882828343656933}, "max_rme": {"type": "float", "data": 0.006598975271172036}, "simu": {"type": "float", "data": 0.002}}, {"type": "dict", "image_number": {"type": "int", "data": 29}, "Hcamera2end": {"type": "ndarray", "data": [[0.9999999733547744, -0.00020214420122245232, 0.00011148171329500325, -0.014719233941495512], [-0.00011149989258542415, -8.992324828183129e-05, 0.9999999897407919, 0.028190117308969434], [-0.00020213417435082935, -0.9999999755257656, -8.994578494236904e-05, 0.033353412409512416], [0.0, 0.0, 0.0, 1.0]]}, "Hobj2base": {"type": "ndarray", "data": [[0.9999998506049723, -7.911893085594141e-05, 0.000540860636212479, -0.734343737027925], [-7.927637983852476e-05, -0.9999999544900628, 0.0002910929900288508, 0.09035766273739831], [0.0005408375806317943, -0.00029113582401424154, -0.9999998113673045, 0.004229984733198045], [0.0, 0.0, 0.0, 1.0]]}, "mean_rme": {"type": "float", "data": 0.001499420811899537}, "max_rme": {"type": "float", "data": 0.006544005255424062}, "simu": {"type": "float", "data": 0.002}}, {"type": "dict", "image_number": {"type": "int", "data": 30}, "Hcamera2end": {"type": "ndarray", "data": [[0.9999999658559764, -0.0002154776524634002, 0.0001478425765668988, -0.014875938619605364], [-0.00014783406025180393, 3.9538353719170694e-05, 0.9999999882909045, 0.028169187964016545], [-0.00021548349539243886, -0.9999999760030496, 3.950649743289514e-05, 0.03339997304939233], [0.0, 0.0, 0.0, 1.0]]}, "Hobj2base": {"type": "ndarray", "data": [[0.9999999082008736, -9.115150106347776e-05, 0.00041867606599144575, -0.7343626959085832], [-9.125769818388143e-05, -0.9999999636699617, 0.000253637748106616, 0.09018345392237566], [0.0004186529313194621, -0.0002536759322369594, -0.9999998801891148, 0.004290595865301385], [0.0, 0.0, 0.0, 1.0]]}, "mean_rme": {"type": "float", "data": 0.001507741966162663}, "max_rme": {"type": "float", "data": 0.006626964059639223}, "simu": {"type": "float", "data": 0.002}}]}