{"type": "list", "data": [{"type": "dict", "image_number": {"type": "int", "data": 5}, "Hcamera2end": {"type": "ndarray", "data": [[0.9999992757809537, -0.001032333815754366, -0.0006186472831540677, -0.016069853441026755], [0.0006183389721154351, -0.00029894684742393096, 0.9999997641438211, 0.031108867648836344], [-0.0010325185149270234, -0.9999994224586707, -0.0002983082986902641, 0.037848921950047625], [0.0, 0.0, 0.0, 1.0]]}, "Hobj2base": {"type": "ndarray", "data": [[0.9999992700665865, -0.0011262063876377125, -0.0004376362263640279, -0.740573855619736], [-0.001128151417692987, -0.9999893737434984, -0.004469862913453423, 0.08703088083461485], [-0.00043259758776423583, 0.004470353370680334, -0.9999899143491744, 0.002796007538419243], [0.0, 0.0, 0.0, 1.0]]}, "mean_rme": {"type": "float", "data": 0.0012901677804958178}, "max_rme": {"type": "float", "data": 0.0028925736941207703}, "simu": {"type": "float", "data": 0.002}}, {"type": "dict", "image_number": {"type": "int", "data": 6}, "Hcamera2end": {"type": "ndarray", "data": [[0.9999982542843695, -0.0007067895609849568, -0.0017297042319269337, -0.016283301047148382], [0.0017295519653290935, -0.00021598858913063346, 0.9999984809983106, 0.03103005336083121], [-0.0007071620837470869, -0.9999997268986857, -0.0002147657828017735, 0.03777442587611445], [0.0, 0.0, 0.0, 1.0]]}, "Hobj2base": {"type": "ndarray", "data": [[0.999999542478571, -0.0008437003126605097, -0.00045079089506227214, -0.7407107010831457], [-0.0008459385507934785, -0.9999872008811677, -0.00498823233376141, 0.08696247570399251], [-0.0004465765521564199, 0.004988611392934705, -0.9999874570842142, 0.0024278756044610605], [0.0, 0.0, 0.0, 1.0]]}, "mean_rme": {"type": "float", "data": 0.0013506474657320555}, "max_rme": {"type": "float", "data": 0.0035556918424062174}, "simu": {"type": "float", "data": 0.002}}, {"type": "dict", "image_number": {"type": "int", "data": 7}, "Hcamera2end": {"type": "ndarray", "data": [[0.9999962343870191, -0.001698697674430208, -0.0021553742117566763, -0.01569427497214191], [0.0021546339198000074, -0.0004375093276156594, 0.9999975830662092, 0.030960403193549358], [-0.0016996365651125438, -0.999998461504716, -0.00043384760849596304, 0.0382005575252915], [0.0, 0.0, 0.0, 1.0]]}, "Hobj2base": {"type": "ndarray", "data": [[0.9999983135725805, -0.0018090502114420507, -0.00031652697736548436, -0.7400637203353951], [-0.001810366449190213, -0.9999895045963083, -0.004208713645512933, 0.0872857692320118], [-0.00030890988097676333, 0.004209279577642927, -0.9999910932303961, 0.0026557354347523454], [0.0, 0.0, 0.0, 1.0]]}, "mean_rme": {"type": "float", "data": 0.0016681688143451994}, "max_rme": {"type": "float", "data": 0.005133776024352721}, "simu": {"type": "float", "data": 0.002}}, {"type": "dict", "image_number": {"type": "int", "data": 8}, "Hcamera2end": {"type": "ndarray", "data": [[0.9999969819880108, -0.0008490674169506465, -0.0023054499325511593, -0.013083669092700033], [0.0023039300687079144, -0.0017866879798844604, 0.9999957498171187, 0.030968895760407213], [-0.0008531829279415597, -0.9999980434133781, -0.0017847263956862758, 0.03666824111396042], [0.0, 0.0, 0.0, 1.0]]}, "Hobj2base": {"type": "ndarray", "data": [[0.9999990172342363, -0.0010436302159308318, 0.0009361445047988873, -0.7383175137482592], [-0.001039741500626654, -0.999990869405254, -0.004144881631063528, 0.09005915191508455], [0.0009404616809544252, 0.004143904209323544, -0.9999909717541102, 0.0023624708835997127], [0.0, 0.0, 0.0, 1.0]]}, "mean_rme": {"type": "float", "data": 0.0018326788201108604}, "max_rme": {"type": "float", "data": 0.00557386753686373}, "simu": {"type": "float", "data": 0.002}}, {"type": "dict", "image_number": {"type": "int", "data": 9}, "Hcamera2end": {"type": "ndarray", "data": [[0.9999991390407453, -0.0007160551357083924, -0.001099628487622979, -0.012774517915588326], [0.001098307096940708, -0.0018431614117071504, 0.9999976982361163, 0.03093266838293983], [-0.0007180802803141431, -0.9999980450086152, -0.001842373376382822, 0.03455549767984003], [0.0, 0.0, 0.0, 1.0]]}, "Hobj2base": {"type": "ndarray", "data": [[0.9999991613241119, -0.000890937370121941, 0.0009399902527715141, -0.7361772522215753], [-0.00088820172032496, -0.9999953810552742, -0.0029067104811192615, 0.0910541781606253], [0.000942575608000248, 0.002905873142371667, -0.9999953337153646, 0.002542013514103066], [0.0, 0.0, 0.0, 1.0]]}, "mean_rme": {"type": "float", "data": 0.0017877031965243648}, "max_rme": {"type": "float", "data": 0.005572757589878907}, "simu": {"type": "float", "data": 0.002}}, {"type": "dict", "image_number": {"type": "int", "data": 10}, "Hcamera2end": {"type": "ndarray", "data": [[0.999999667730222, -0.0007723956672025375, -0.0002606614257596906, -0.013656870547886137], [0.00026007311276467, -0.0007616756641344313, 0.9999996761060268, 0.030721952481965048], [-0.0007725939564928157, -0.9999994116273847, -0.0007614745317072735, 0.03318910911425847], [0.0, 0.0, 0.0, 1.0]]}, "Hobj2base": {"type": "ndarray", "data": [[0.9999995460006921, -0.0009381288948213955, 0.00016707060289381388, -0.7354956419438476], [-0.0009378289693036828, -0.9999979647623138, -0.0017863224945918008, 0.09034595887117913], [0.0001687460636130726, 0.0017861649999513119, -0.9999983905683845, 0.0028900233006803723], [0.0, 0.0, 0.0, 1.0]]}, "mean_rme": {"type": "float", "data": 0.0016668965918757348}, "max_rme": {"type": "float", "data": 0.005718514047745593}, "simu": {"type": "float", "data": 0.002}}, {"type": "dict", "image_number": {"type": "int", "data": 11}, "Hcamera2end": {"type": "ndarray", "data": [[0.9999995658211599, -0.0008628375774111101, -0.0003519500060472215, -0.013656466057683146], [0.0003513159578234247, -0.0007348822296964208, 0.9999996682625482, 0.030692798222628253], [-0.0008630959329807564, -0.9999993577295055, -0.0007345787820161043, 0.033241887801977586], [0.0, 0.0, 0.0, 1.0]]}, "Hobj2base": {"type": "ndarray", "data": [[0.999999503532787, -0.0009899161679464258, 0.0001140182441061855, -0.7354935309473902], [-0.0009897095856781896, -0.9999978940833012, -0.0017978609231736557, 0.09038651255289157], [0.00011579773558882995, 0.0017977471856455195, -0.9999983773466541, 0.00282073911302987], [0.0, 0.0, 0.0, 1.0]]}, "mean_rme": {"type": "float", "data": 0.0016002877927313178}, "max_rme": {"type": "float", "data": 0.005653403347162356}, "simu": {"type": "float", "data": 0.002}}, {"type": "dict", "image_number": {"type": "int", "data": 12}, "Hcamera2end": {"type": "ndarray", "data": [[0.9999998737471862, -0.0005016317869198123, 2.9515451671145558e-05, -0.013240642003761346], [-2.9868022952622637e-05, -0.0007028558064390289, 0.999999752550778, 0.031218489350749015], [-0.00050161091768483, -0.9999996271795637, -0.0007028707004510526, 0.03321308632743238], [0.0, 0.0, 0.0, 1.0]]}, "Hobj2base": {"type": "ndarray", "data": [[0.9999997807101881, -0.0006474002159063246, 0.00013947234899504274, -0.735558441186109], [-0.0006472011396954353, -0.999998778526519, -0.0014227003039660817, 0.09101079822244403], [0.00014039323511722473, 0.001422609725319174, -0.9999989782351324, 0.002549812055720991], [0.0, 0.0, 0.0, 1.0]]}, "mean_rme": {"type": "float", "data": 0.0015804380418411657}, "max_rme": {"type": "float", "data": 0.005720341459406364}, "simu": {"type": "float", "data": 0.002}}, {"type": "dict", "image_number": {"type": "int", "data": 13}, "Hcamera2end": {"type": "ndarray", "data": [[0.9999999154340542, -2.6814979424811847e-05, 0.0004103813363783113, -0.013626856032967033], [-0.0004104070742974199, -0.0009669833531000815, 0.9999994482544619, 0.031179359678592044], [-2.6418132709065772e-05, -0.9999995321119663, -0.0009669942763834705, 0.03345465833269809], [0.0, 0.0, 0.0, 1.0]]}, "Hobj2base": {"type": "ndarray", "data": [[0.999999962578675, -0.00016751434337804484, 0.0002162905301711285, -0.7356261680503096], [-0.000167315627688053, -0.9999995642405322, -0.0009184357495729178, 0.0907264953790862], [0.00021644428708200684, 0.0009183995264180165, -0.9999995548469909, 0.002598928976192465], [0.0, 0.0, 0.0, 1.0]]}, "mean_rme": {"type": "float", "data": 0.001498332478166536}, "max_rme": {"type": "float", "data": 0.005665811611842486}, "simu": {"type": "float", "data": 0.002}}, {"type": "dict", "image_number": {"type": "int", "data": 14}, "Hcamera2end": {"type": "ndarray", "data": [[0.9999998926399222, 8.602789201618601e-05, 0.00045532334221744285, -0.013926056281076734], [-0.00045522042172023804, -0.0011926176294723145, 0.999999185218447, 0.03132123899086294], [8.657084856728521e-05, -0.9999992851309404, -0.001192578339779482, 0.03323448334287514], [0.0, 0.0, 0.0, 1.0]]}, "Hobj2base": {"type": "ndarray", "data": [[0.9999999006161622, -5.393292198327276e-05, 0.00044255949401435284, -0.7352587999777397], [-5.356247613647903e-05, -0.9999996482622386, -0.0008370223773369483, 0.09047937475940934], [0.0004426044814120423, 0.0008369985895681151, -0.9999995517672167, 0.0027549100312544033], [0.0, 0.0, 0.0, 1.0]]}, "mean_rme": {"type": "float", "data": 0.0015570250469968893}, "max_rme": {"type": "float", "data": 0.005627720522994484}, "simu": {"type": "float", "data": 0.002}}, {"type": "dict", "image_number": {"type": "int", "data": 15}, "Hcamera2end": {"type": "ndarray", "data": [[0.9999999755906687, -0.00017995702976358912, 0.0001281956692261437, -0.014104720756357637], [-0.00012823664920972157, -0.00022772787281111206, 0.9999999658476884, 0.03136526234137327], [-0.00017992782989058407, -0.9999999578777408, -0.0002277509443389114, 0.03305998653126584], [0.0, 0.0, 0.0, 1.0]]}, "Hobj2base": {"type": "ndarray", "data": [[0.9999997938471737, -0.000324256388782257, -0.0005542232441908411, -0.7356732169195471], [-0.00032467977743364743, -0.9999996554339676, -0.0007640124262418148, 0.09034940109645989], [-0.000553975317314019, 0.0007641922138180664, -0.9999995545607046, 0.003134834733104763], [0.0, 0.0, 0.0, 1.0]]}, "mean_rme": {"type": "float", "data": 0.0016040071700051308}, "max_rme": {"type": "float", "data": 0.005741534523609204}, "simu": {"type": "float", "data": 0.002}}, {"type": "dict", "image_number": {"type": "int", "data": 16}, "Hcamera2end": {"type": "ndarray", "data": [[0.9999999762050545, -0.000214229475365729, -4.1177933857891355e-05, -0.014084221864149059], [4.1084691455752005e-05, -0.0004352316353164465, 0.999999904442731, 0.031405074147093634], [-0.00021424737683403743, -0.9999998823395706, -0.00043522282340813234, 0.0333287040256835], [0.0, 0.0, 0.0, 1.0]]}, "Hobj2base": {"type": "ndarray", "data": [[0.9999998916908703, -0.00038702320284810047, -0.0002585174810184845, -0.7357276362424724], [-0.0003872160711146569, -0.9999996464588334, -0.0007464220809953462, 0.09021532972020067], [-0.0002582285069574492, 0.0007465221022743348, -0.999999688011346, 0.0030679055610404148], [0.0, 0.0, 0.0, 1.0]]}, "mean_rme": {"type": "float", "data": 0.001575091563209942}, "max_rme": {"type": "float", "data": 0.005631054532335811}, "simu": {"type": "float", "data": 0.002}}, {"type": "dict", "image_number": {"type": "int", "data": 17}, "Hcamera2end": {"type": "ndarray", "data": [[0.9999999671850534, -0.0001916445868584237, 0.00017000660136329586, -0.014780187584016643], [-0.00017007111431387466, -0.0003366620670173237, 0.9999999288672318, 0.0314460802780778], [-0.00019158733845239215, -0.9999999249654997, -0.00033669464917829295, 0.033105978365189304], [0.0, 0.0, 0.0, 1.0]]}, "Hobj2base": {"type": "ndarray", "data": [[0.9999998956373013, -0.0003567759289389105, -0.00028537050118578787, -0.7357967873221789], [-0.0003569187442253712, -0.9999998110236261, -0.0005005614073116489, 0.08960854850508536], [-0.00028519185899642067, 0.0005006632091526318, -0.9999998340009637, 0.0032024711102435635], [0.0, 0.0, 0.0, 1.0]]}, "mean_rme": {"type": "float", "data": 0.001604088496711313}, "max_rme": {"type": "float", "data": 0.0058728214870101825}, "simu": {"type": "float", "data": 0.002}}, {"type": "dict", "image_number": {"type": "int", "data": 18}, "Hcamera2end": {"type": "ndarray", "data": [[0.9999999099398453, -0.00031698967510393537, 0.0002822017844260555, -0.014471883648191965], [-0.0002824421161630356, -0.0007583802504202986, 0.9999996725428698, 0.03135845410356181], [-0.00031677555504346403, -0.9999996621884139, -0.0007584697133549145, 0.03348641365091522], [0.0, 0.0, 0.0, 1.0]]}, "Hobj2base": {"type": "ndarray", "data": [[0.9999998810724944, -0.0004634663638375076, 0.00015183519547933393, -0.7357965090500111], [-0.00046338171481176795, -0.9999997374765188, -0.0005570675725129106, 0.09003047506016652], [0.00015209333770127415, 0.0005569971486090038, -0.9999998333108828, 0.003142529464980078], [0.0, 0.0, 0.0, 1.0]]}, "mean_rme": {"type": "float", "data": 0.0016239288168842304}, "max_rme": {"type": "float", "data": 0.005706917436130443}, "simu": {"type": "float", "data": 0.002}}, {"type": "dict", "image_number": {"type": "int", "data": 19}, "Hcamera2end": {"type": "ndarray", "data": [[0.9999999144070342, -0.00033719066877664833, 0.0002397673396413413, -0.014531957505246544], [-0.00024002231903685078, -0.0007563505247449864, 0.9999996851615354, 0.03134670265754576], [-0.0003370092144629014, -0.9999996571181093, -0.0007564313932930666, 0.03347146809480501], [0.0, 0.0, 0.0, 1.0]]}, "Hobj2base": {"type": "ndarray", "data": [[0.9999998827444245, -0.00045725474212739213, 0.00015946547585122113, -0.7358045901556547], [-0.00045717340301596864, -0.9999997655800692, -0.0005097374682199857, 0.09011266998405273], [0.0001596985183439189, 0.000509664505076167, -0.9999998573692277, 0.0031574451304082177], [0.0, 0.0, 0.0, 1.0]]}, "mean_rme": {"type": "float", "data": 0.0015916456037407415}, "max_rme": {"type": "float", "data": 0.00573002488462826}, "simu": {"type": "float", "data": 0.002}}, {"type": "dict", "image_number": {"type": "int", "data": 20}, "Hcamera2end": {"type": "ndarray", "data": [[0.9999999563678907, -0.00020234401236619032, 0.00021522341242920505, -0.014656870691341485], [-0.00021539073867963928, -0.0008272816768719604, 0.9999996346058617, 0.03135931709478039], [-0.0002021658880453377, -0.9999996373308981, -0.0008273252238022444, 0.03324987267154444], [0.0, 0.0, 0.0, 1.0]]}, "Hobj2base": {"type": "ndarray", "data": [[0.9999999183186284, -0.00032518320988642404, 0.00024003878120318445, -0.7355224233450193], [-0.00032506044631894606, -0.9999998164569626, -0.0005112941880972941, 0.09004931608219705], [0.0002402050014310193, 0.0005112161192207317, -0.9999998404798054, 0.003211854186940291], [0.0, 0.0, 0.0, 1.0]]}, "mean_rme": {"type": "float", "data": 0.0015866908372606256}, "max_rme": {"type": "float", "data": 0.005701034321777709}, "simu": {"type": "float", "data": 0.002}}, {"type": "dict", "image_number": {"type": "int", "data": 21}, "Hcamera2end": {"type": "ndarray", "data": [[0.9999999059085272, -0.00026213171443061886, 0.0003456441827594498, -0.014710802279035966], [-0.0003458341679779164, -0.0007250713867064107, 0.9999996773350543, 0.031425592025807365], [-0.0002618810131430031, -0.9999997027791803, -0.000725161972586541, 0.03325923963384999], [0.0, 0.0, 0.0, 1.0]]}, "Hobj2base": {"type": "ndarray", "data": [[0.9999998672437114, -0.00036382194890302507, 0.00036489196900005874, -0.7354582115862166], [-0.0003636066170108777, -0.999999759834536, -0.0005900178793609628, 0.09006354884448513], [0.00036510654282036653, 0.0005898851238979563, -0.9999997593663474, 0.0032711463027190295], [0.0, 0.0, 0.0, 1.0]]}, "mean_rme": {"type": "float", "data": 0.0016068756534500098}, "max_rme": {"type": "float", "data": 0.005578357965274394}, "simu": {"type": "float", "data": 0.002}}, {"type": "dict", "image_number": {"type": "int", "data": 22}, "Hcamera2end": {"type": "ndarray", "data": [[0.9999999079295707, -0.00024165317167840615, 0.0003546048430170216, -0.01460184266539619], [-0.00035475682213155003, -0.0006291618231761831, 0.9999997391514647, 0.03135991332777581], [-0.00024143000481399057, -0.9999997728795466, -0.000629247493360241, 0.032916220100452906], [0.0, 0.0, 0.0, 1.0]]}, "Hobj2base": {"type": "ndarray", "data": [[0.999999903491154, -0.0003369117393296799, 0.0002819719182786635, -0.7351441950015882], [-0.00033676074110114776, -0.9999997999779049, -0.0005353843037010365, 0.09005218378933287], [0.00028215223913501944, 0.000535289294959546, -0.9999998169277253, 0.0032386912620277664], [0.0, 0.0, 0.0, 1.0]]}, "mean_rme": {"type": "float", "data": 0.0016148232611149125}, "max_rme": {"type": "float", "data": 0.005559207379411291}, "simu": {"type": "float", "data": 0.002}}, {"type": "dict", "image_number": {"type": "int", "data": 23}, "Hcamera2end": {"type": "ndarray", "data": [[0.9999996879975964, -0.0005780464213239683, 0.0005383930206403989, -0.014471203798845582], [-0.0005387481265652674, -0.0006143409144809819, 0.9999996661677927, 0.03165519932675668], [-0.0005777154714928051, -0.9999996442237243, -0.00061465214423162, 0.03293783315996983], [0.0, 0.0, 0.0, 1.0]]}, "Hobj2base": {"type": "ndarray", "data": [[0.9999997520815455, -0.0006502993194404944, 0.000270088212901904, -0.7350916601143712], [-0.0006501780047249536, -0.9999996878282564, -0.0004490121960208109, 0.09030716053690113], [0.00027038012091348845, 0.00044883647928703685, -0.9999998627201934, 0.0030660641202332906], [0.0, 0.0, 0.0, 1.0]]}, "mean_rme": {"type": "float", "data": 0.001600366217289859}, "max_rme": {"type": "float", "data": 0.00548677463730779}, "simu": {"type": "float", "data": 0.002}}, {"type": "dict", "image_number": {"type": "int", "data": 24}, "Hcamera2end": {"type": "ndarray", "data": [[0.9999996676460137, -0.0006283879770129746, 0.0005194578062524092, -0.014376702306465674], [-0.0005198192626696678, -0.0005751856762388208, 0.9999996994746412, 0.031620008524265705], [-0.0006280890034768856, -0.9999996371449287, -0.0005755121332484681, 0.0329481187505451], [0.0, 0.0, 0.0, 1.0]]}, "Hobj2base": {"type": "ndarray", "data": [[0.9999997279985503, -0.0006965739141185428, 0.00024246155877157732, -0.735045608001287], [-0.0006964724615492149, -0.9999996699920037, -0.00041826067768839856, 0.09040830933622192], [0.00024275282823470336, 0.00041809169612221916, -0.9999998831351924, 0.0030233288891434867], [0.0, 0.0, 0.0, 1.0]]}, "mean_rme": {"type": "float", "data": 0.001589128467856473}, "max_rme": {"type": "float", "data": 0.005412489358503025}, "simu": {"type": "float", "data": 0.002}}, {"type": "dict", "image_number": {"type": "int", "data": 25}, "Hcamera2end": {"type": "ndarray", "data": [[0.9999995709452082, -0.0008747340121275673, 0.00030487670878791235, -0.014374142263871882], [-0.00030524821617246495, -0.0004246069069357983, 0.999999863266241, 0.03168746073330492], [-0.0008746044397655826, -0.9999995272745794, -0.00042487373575306187, 0.03292660885621692], [0.0, 0.0, 0.0, 1.0]]}, "Hobj2base": {"type": "ndarray", "data": [[0.9999993869248263, -0.0010219913797916245, 0.0004262435821537634, -0.7349240440236248], [-0.0010217539808490578, -0.9999993229947011, -0.0005568024268822867, 0.09040593465831759], [0.0004268123408651203, 0.000556366569443665, -0.9999997541437029, 0.003067487401917053], [0.0, 0.0, 0.0, 1.0]]}, "mean_rme": {"type": "float", "data": 0.0016261624625442447}, "max_rme": {"type": "float", "data": 0.005242473433212491}, "simu": {"type": "float", "data": 0.002}}, {"type": "dict", "image_number": {"type": "int", "data": 26}, "Hcamera2end": {"type": "ndarray", "data": [[0.9999996644226863, -0.0008129325550764768, 0.00010146514542078356, -0.014233173616089327], [-0.00010188699638888918, -0.0005189003211751864, 0.9999998601807387, 0.0318086987377774], [-0.0008128797911163004, -0.9999995349414508, -0.0005189829743001972, 0.032997017736056816], [0.0, 0.0, 0.0, 1.0]]}, "Hobj2base": {"type": "ndarray", "data": [[0.9999994317870956, -0.0009932096700326467, 0.0003872467396084723, -0.7349177767260981], [-0.0009930922732528584, -0.9999994609088736, -0.000303232087202328, 0.09037864002229282], [0.0003875477038884648, 0.0003028473431569955, -0.9999998790451246, 0.0029823340406139706], [0.0, 0.0, 0.0, 1.0]]}, "mean_rme": {"type": "float", "data": 0.0015913719969760445}, "max_rme": {"type": "float", "data": 0.005210085262191411}, "simu": {"type": "float", "data": 0.002}}, {"type": "dict", "image_number": {"type": "int", "data": 27}, "Hcamera2end": {"type": "ndarray", "data": [[0.9999997157130196, -0.0007501622499323851, 7.635757240025479e-05, -0.014250611807767335], [-7.676124414770434e-05, -0.0005380985312088971, 0.9999998522788299, 0.031834672103785176], [-0.0007501210512199846, -0.9999995738531938, -0.0005381559616219889, 0.033045123666649384], [0.0, 0.0, 0.0, 1.0]]}, "Hobj2base": {"type": "ndarray", "data": [[0.9999994902877755, -0.0009238939795032596, 0.00040723961483929823, -0.7349420666416945], [-0.0009237675440962481, -0.999999525106571, -0.0003105481560067797, 0.09031434561168762], [0.00040752633501556153, 0.00031017180297772954, -0.9999998688578609, 0.002989522386202037], [0.0, 0.0, 0.0, 1.0]]}, "mean_rme": {"type": "float", "data": 0.001556711741495574}, "max_rme": {"type": "float", "data": 0.005194130240602279}, "simu": {"type": "float", "data": 0.002}}, {"type": "dict", "image_number": {"type": "int", "data": 28}, "Hcamera2end": {"type": "ndarray", "data": [[0.9999995708120939, -0.0009208184275741916, 0.00010231838223942274, -0.01447342895759517], [-0.00010269653779827498, -0.00041063540596986137, 0.9999999104159882, 0.031797591888513], [-0.0009207763295331537, -0.9999994917358643, -0.0004107297945945554, 0.03314677414257178], [0.0, 0.0, 0.0, 1.0]]}, "Hobj2base": {"type": "ndarray", "data": [[0.9999993565360181, -0.0010962774637812, 0.00029172465114829066, -0.7351648858193945], [-0.0010962040557035981, -0.999999367497769, -0.00025167584295001137, 0.09020432456026613], [0.0002920003731866023, 0.0002513558912599339, -0.9999999257779961, 0.0030451184184307756], [0.0, 0.0, 0.0, 1.0]]}, "mean_rme": {"type": "float", "data": 0.0015555498967129472}, "max_rme": {"type": "float", "data": 0.0052563928887442435}, "simu": {"type": "float", "data": 0.002}}, {"type": "dict", "image_number": {"type": "int", "data": 29}, "Hcamera2end": {"type": "ndarray", "data": [[0.9999996439945223, -0.0008364108100167426, 0.0001114799773620673, -0.014465631884248577], [-0.00011181961301333002, -0.0004060274268948838, 0.9999999113190472, 0.03189277951733586], [-0.0008363654719146764, -0.999999567779249, -0.00040612080948010387, 0.03333292202468547], [0.0, 0.0, 0.0, 1.0]]}, "Hobj2base": {"type": "ndarray", "data": [[0.9999994462688847, -0.001012301455062338, 0.0002875894437139041, -0.7353198471879713], [-0.0010122312236145552, -0.9999994578652842, -0.0002442480052062315, 0.09006597085551683], [0.0002878365404127491, 0.000243956762944002, -0.9999999288176096, 0.0030135708212852275], [0.0, 0.0, 0.0, 1.0]]}, "mean_rme": {"type": "float", "data": 0.0015679948017228147}, "max_rme": {"type": "float", "data": 0.0052202103532089095}, "simu": {"type": "float", "data": 0.002}}, {"type": "dict", "image_number": {"type": "int", "data": 30}, "Hcamera2end": {"type": "ndarray", "data": [[0.9999995284591434, -0.0009706169034399881, 3.1373837373511906e-05, -0.014352744782297462], [-3.178888482901072e-05, -0.00042759954863758054, 0.999999908074042, 0.031940862697406765], [-0.0009706033987763996, -0.9999994375305681, -0.0004276302018357825, 0.033473353708505946], [0.0, 0.0, 0.0, 1.0]]}, "Hobj2base": {"type": "ndarray", "data": [[0.9999992754296644, -0.0011442616950753848, 0.0003739054954101962, -0.7354375845952094], [-0.0011441551534687384, -0.9999993048325218, -0.000285032382034929, 0.09005715989994387], [0.00037423138711987434, 0.00028460436960943636, -0.999999889475605, 0.002926442934105276], [0.0, 0.0, 0.0, 1.0]]}, "mean_rme": {"type": "float", "data": 0.0015638900214164178}, "max_rme": {"type": "float", "data": 0.005211731356733085}, "simu": {"type": "float", "data": 0.002}}]}