{"type": "list", "data": [{"type": "dict", "image_number": {"type": "int", "data": 5}, "Hcamera2end": {"type": "ndarray", "data": [[0.9999840612245623, 0.002306926030379114, -0.005153192129272246, -0.0187160050630431], [0.005150846326762457, 0.0010216411867119968, 0.9999862124206531, 0.025479485951755976], [0.0023121589367757272, -0.9999968171657228, 0.0010097422815328327, 0.04190740977384771], [0.0, 0.0, 0.0, 1.0]]}, "Hobj2base": {"type": "ndarray", "data": [[0.9999971310386271, 0.0016936988281308271, -0.0016939004677258816, -0.7440896046195331], [0.0016905774745414363, -0.9999968736777809, -0.001842439270811876, 0.08296667879737044], [-0.001697015709281089, 0.0018395703149499234, -0.9999968680544649, 0.004125986031542972], [0.0, 0.0, 0.0, 1.0]]}, "mean_rme": {"type": "float", "data": 0.0017429715347859363}, "max_rme": {"type": "float", "data": 0.0056086922931561645}, "simu": {"type": "float", "data": 0.002}}, {"type": "dict", "image_number": {"type": "int", "data": 6}, "Hcamera2end": {"type": "ndarray", "data": [[0.9999792099018573, 0.0029383548628966446, -0.0057398462311189806, -0.015341761013684077], [0.005737233174301846, 0.0008969504743513435, 0.99998313967554, 0.025215957039069287], [0.0029434536790799845, -0.9999952807641376, 0.0008800737996657038, 0.03862826614039357], [0.0, 0.0, 0.0, 1.0]]}, "Hobj2base": {"type": "ndarray", "data": [[0.9999946799521909, 0.002440757863252521, -0.002163970510019246, -0.7415396926097152], [0.0024356870249411457, -0.9999942892256874, -0.002342849702440324, 0.0858889358034387], [-0.0021696764809056943, 0.0023375664834742885, -0.9999949141305184, 0.0018228005511232344], [0.0, 0.0, 0.0, 1.0]]}, "mean_rme": {"type": "float", "data": 0.002287141449223563}, "max_rme": {"type": "float", "data": 0.005420061509856855}, "simu": {"type": "float", "data": 0.002}}, {"type": "dict", "image_number": {"type": "int", "data": 7}, "Hcamera2end": {"type": "ndarray", "data": [[0.9999765634193899, 0.003103275149659984, -0.006102646580980657, -0.01588959508216551], [0.006100058110342698, 0.0008428915110094692, 0.9999810392327202, 0.02511387596352023], [0.003108360178179865, -0.9999948295952565, 0.0008239415977693287, 0.03915489408710015], [0.0, 0.0, 0.0, 1.0]]}, "Hobj2base": {"type": "ndarray", "data": [[0.9999943326874634, 0.0025226906250126174, -0.0022294898441446932, -0.7420389158378212], [0.0025162690915470753, -0.9999926915833255, -0.002878397087807107, 0.08597243864305794], [-0.002236734855452415, 0.0028727707786464665, -0.9999933720806553, 0.0014993325315439637], [0.0, 0.0, 0.0, 1.0]]}, "mean_rme": {"type": "float", "data": 0.002472654520771281}, "max_rme": {"type": "float", "data": 0.004840408491381065}, "simu": {"type": "float", "data": 0.002}}, {"type": "dict", "image_number": {"type": "int", "data": 8}, "Hcamera2end": {"type": "ndarray", "data": [[0.9999840949313654, 0.0030163023757134666, -0.004765690325258422, -0.015500937477182326], [0.004766138169680941, -0.00014130394942402091, 0.9999886319154542, 0.02496724099331831], [0.0030155946752683533, -0.9999954409661939, -0.00015567781585934526, 0.037859698178864816], [0.0, 0.0, 0.0, 1.0]]}, "Hobj2base": {"type": "ndarray", "data": [[0.9999947882054007, 0.0030365053992237687, -0.0010969033669043142, -0.739969954308605], [0.0030345102628901114, -0.9999937469466558, -0.0018159887258231274, 0.08627467699306675], [-0.001102410767479939, 0.0018126506967386241, -0.9999977494914434, 0.0008492495923391602], [0.0, 0.0, 0.0, 1.0]]}, "mean_rme": {"type": "float", "data": 0.0023627595273634063}, "max_rme": {"type": "float", "data": 0.004933272981001824}, "simu": {"type": "float", "data": 0.002}}, {"type": "dict", "image_number": {"type": "int", "data": 9}, "Hcamera2end": {"type": "ndarray", "data": [[0.9999894784835145, 0.002530803682727292, -0.0038259580484246475, -0.015906212406018815], [0.0038273996378322328, -0.0005650194820316923, 0.9999925158544923, 0.025085577497094905], [0.002528623000989482, -0.9999966378872002, -0.0005746999342686188, 0.03654905990338184], [0.0, 0.0, 0.0, 1.0]]}, "Hobj2base": {"type": "ndarray", "data": [[0.9999956064124136, 0.002955307289314213, -0.0002308997510433323, -0.7383276039975323], [0.0029550793262420032, -0.9999951521069681, -0.0009814625499434903, 0.08601097981750627], [-0.0002337991550940751, 0.0009807759107210716, -0.9999994917081547, 0.000864966746175175], [0.0, 0.0, 0.0, 1.0]]}, "mean_rme": {"type": "float", "data": 0.0022904654457227345}, "max_rme": {"type": "float", "data": 0.005113235204728228}, "simu": {"type": "float", "data": 0.002}}, {"type": "dict", "image_number": {"type": "int", "data": 10}, "Hcamera2end": {"type": "ndarray", "data": [[0.9999924852862759, 0.002169783708551038, -0.0032126950735158213, -0.014972975028755917], [0.0032156388448139435, -0.001354588668604384, 0.9999939123596494, 0.02490040052544839], [0.002165418619345916, -0.9999967285587471, -0.001361555730036379, 0.034600806371780486], [0.0, 0.0, 0.0, 1.0]]}, "Hobj2base": {"type": "ndarray", "data": [[0.9999950876840209, 0.0030592105530178088, 0.0006825237136747327, -0.7357747602394356], [0.0030595124578062303, -0.999995222117102, -0.00044173123985155203, 0.08679053074555516], [0.0006811691037858022, 0.00044381725973286, -0.9999996695173914, -1.453623478974153e-05], [0.0, 0.0, 0.0, 1.0]]}, "mean_rme": {"type": "float", "data": 0.002251943927702234}, "max_rme": {"type": "float", "data": 0.0055610306171941515}, "simu": {"type": "float", "data": 0.002}}, {"type": "dict", "image_number": {"type": "int", "data": 11}, "Hcamera2end": {"type": "ndarray", "data": [[0.9999928494142997, 0.002380841830351178, -0.0029381477921678304, -0.015271178885316206], [0.002941323360019407, -0.001331398541569051, 0.9999947879838254, 0.025177977751685312], [0.0023769175756796425, -0.9999962794781303, -0.0013383918469818123, 0.03485611601696324], [0.0, 0.0, 0.0, 1.0]]}, "Hobj2base": {"type": "ndarray", "data": [[0.9999947921296166, 0.0031782202376505887, 0.000560918680314152, -0.7361873145319954], [0.0031782967605775768, -0.9999949400103132, -0.0001355856627945445, 0.08684622772587854], [0.0005604849209739855, 0.00013736772270657674, -0.9999998334933673, 0.00018987629426724486], [0.0, 0.0, 0.0, 1.0]]}, "mean_rme": {"type": "float", "data": 0.00232111306642564}, "max_rme": {"type": "float", "data": 0.00521687478623184}, "simu": {"type": "float", "data": 0.002}}, {"type": "dict", "image_number": {"type": "int", "data": 12}, "Hcamera2end": {"type": "ndarray", "data": [[0.9999931709613997, 0.0023249638473491745, -0.0028727293073579564, -0.015468709767461475], [0.0028756433708823923, -0.001251009298180339, 0.9999950828133802, 0.02510625306203768], [0.002321358603993392, -0.9999965147533486, -0.0012576865218647537, 0.03503301844444075], [0.0, 0.0, 0.0, 1.0]]}, "Hobj2base": {"type": "ndarray", "data": [[0.9999952241921991, 0.003049405507810619, 0.0005027114902881816, -0.7361178513322519], [0.003049483739624573, -0.9999953383124514, -0.00015492671823384263, 0.08670724594381442], [0.0005022367124163973, 0.00015645898884896934, -0.9999998616394254, 0.0004026002732925582], [0.0, 0.0, 0.0, 1.0]]}, "mean_rme": {"type": "float", "data": 0.0022422603825130462}, "max_rme": {"type": "float", "data": 0.005276630227135121}, "simu": {"type": "float", "data": 0.002}}, {"type": "dict", "image_number": {"type": "int", "data": 13}, "Hcamera2end": {"type": "ndarray", "data": [[0.9999933058837623, 0.0022840240631170974, -0.002858569877271369, -0.015278785518124076], [0.0028606428964822175, -0.000904866243263136, 0.9999954989595206, 0.025088482661286753], [0.002281427159246381, -0.9999969822210268, -0.0009113939631948398, 0.033598144670754206], [0.0, 0.0, 0.0, 1.0]]}, "Hobj2base": {"type": "ndarray", "data": [[0.9999958558499399, 0.002869146760816844, 0.00023723366368357332, -0.7350671652220808], [0.0028692160906562993, -0.9999958410359047, -0.000292420791835584, 0.08735834657164632], [0.0002363936788695932, 0.0002931002546450282, -0.9999999291051325, 1.3453797633929868e-05], [0.0, 0.0, 0.0, 1.0]]}, "mean_rme": {"type": "float", "data": 0.00227540055709522}, "max_rme": {"type": "float", "data": 0.0056582429604332685}, "simu": {"type": "float", "data": 0.002}}, {"type": "dict", "image_number": {"type": "int", "data": 14}, "Hcamera2end": {"type": "ndarray", "data": [[0.9999944963968578, 0.0023789759131394267, -0.0023124985620554153, -0.015033419230327406], [0.002314246533575116, -0.0007322677763033081, 0.9999970540191034, 0.024986993849651015], [0.0023772755365420923, -0.9999969021239559, -0.0007377692829524385, 0.03341369591802297], [0.0, 0.0, 0.0, 1.0]]}, "Hobj2base": {"type": "ndarray", "data": [[0.9999961178621954, 0.0027842017220217423, -0.00011171977970807829, -0.7351573882733066], [0.0027842226417907697, -0.9999961064597624, 0.00018753558718317156, 0.08787491051078945], [-0.00011119720781784492, -0.00018784591188437797, -0.9999999761745471, -0.000129952342192521], [0.0, 0.0, 0.0, 1.0]]}, "mean_rme": {"type": "float", "data": 0.0021624935064162793}, "max_rme": {"type": "float", "data": 0.005831072148893279}, "simu": {"type": "float", "data": 0.002}}, {"type": "dict", "image_number": {"type": "int", "data": 15}, "Hcamera2end": {"type": "ndarray", "data": [[0.9999935936556427, 0.002763439069092958, -0.0022750938848151553, -0.014518901665340408], [0.0022775069315700267, -0.0008703714664279882, 0.9999970277034264, 0.02509760117928169], [0.0027614506785316934, -0.9999958029202033, -0.0008766596421634354, 0.032923228053499], [0.0, 0.0, 0.0, 1.0]]}, "Hobj2base": {"type": "ndarray", "data": [[0.999995015431062, 0.0031517897079358036, -0.00018797517676887122, -0.7349845220133159], [0.003151844461934439, -0.9999949903807543, 0.00029170170208262804, 0.08845345887281461], [-0.00018705485266239658, -0.0002922927165952648, -0.9999999397877231, -0.00047871065198056283], [0.0, 0.0, 0.0, 1.0]]}, "mean_rme": {"type": "float", "data": 0.0022277787170513906}, "max_rme": {"type": "float", "data": 0.0060225699667803}, "simu": {"type": "float", "data": 0.002}}, {"type": "dict", "image_number": {"type": "int", "data": 16}, "Hcamera2end": {"type": "ndarray", "data": [[0.9999942206177038, 0.0025588393567377667, -0.0022385424582682637, -0.014747793612104484], [0.0022407356845811585, -0.0008545723630979385, 0.9999971244006994, 0.02517774658424021], [0.002556919002022645, -0.9999963610169901, -0.0008603011068553101, 0.032650141919093795], [0.0, 0.0, 0.0, 1.0]]}, "Hobj2base": {"type": "ndarray", "data": [[0.9999955573704772, 0.002979970015439069, -7.083795344631925e-05, -0.7348370453866828], [0.002979992674148935, -0.9999955079881684, 0.0003219427706870792, 0.08818744927349641], [-6.987825543805936e-05, -0.00032215243699694327, -0.9999999456674171, -0.00036475746210579835], [0.0, 0.0, 0.0, 1.0]]}, "mean_rme": {"type": "float", "data": 0.0022000317369638383}, "max_rme": {"type": "float", "data": 0.005979454933626727}, "simu": {"type": "float", "data": 0.002}}, {"type": "dict", "image_number": {"type": "int", "data": 17}, "Hcamera2end": {"type": "ndarray", "data": [[0.9999946596926952, 0.0025988123185257967, -0.001981605567177178, -0.01499541498238013], [0.0019837155701573073, -0.0008095843064517272, 0.9999977047202597, 0.025153104817880786], [0.0025972020767557696, -0.9999962953670298, -0.0008147352874827707, 0.03263110420482373], [0.0, 0.0, 0.0, 1.0]]}, "Hobj2base": {"type": "ndarray", "data": [[0.9999955948213464, 0.002962075805168569, -0.00019090528035605126, -0.7348144691635577], [0.002962181489501649, -0.9999954583226742, 0.0005557111188215859, 0.08815959675965622], [-0.00018925835486614356, -0.0005562741669025464, -0.999999827370148, -0.0001719747559277089], [0.0, 0.0, 0.0, 1.0]]}, "mean_rme": {"type": "float", "data": 0.002118042594719611}, "max_rme": {"type": "float", "data": 0.005931136097021339}, "simu": {"type": "float", "data": 0.002}}, {"type": "dict", "image_number": {"type": "int", "data": 18}, "Hcamera2end": {"type": "ndarray", "data": [[0.9999944567771364, 0.0026711314926394997, -0.001987830865282897, -0.014958916996998767], [0.0019898520864587684, -0.0007542465950627353, 0.9999977357978108, 0.025165540630579717], [0.0026696261299960257, -0.999996148076893, -0.000759557570679581, 0.03262703209336637], [0.0, 0.0, 0.0, 1.0]]}, "Hobj2base": {"type": "ndarray", "data": [[0.9999954780554756, 0.003003260671275355, -0.00015586513784554928, -0.7347893102475065], [0.003003345400545709, -0.9999953407531306, 0.0005462494251231527, 0.0881196037269737], [-0.00015422388221621465, -0.0005467150718584097, -0.9999998386587987, -0.00013583004593173718], [0.0, 0.0, 0.0, 1.0]]}, "mean_rme": {"type": "float", "data": 0.0020465765970519626}, "max_rme": {"type": "float", "data": 0.005860078061241336}, "simu": {"type": "float", "data": 0.002}}, {"type": "dict", "image_number": {"type": "int", "data": 19}, "Hcamera2end": {"type": "ndarray", "data": [[0.9999951820488956, 0.0025367350249393497, -0.0017890931807472, -0.01450242553623526], [0.001790918445532895, -0.0007174442023845096, 0.9999981389407371, 0.02512896303691274], [0.0025354467293950815, -0.9999965251185774, -0.0007219838313210492, 0.03254803397103362], [0.0, 0.0, 0.0, 1.0]]}, "Hobj2base": {"type": "ndarray", "data": [[0.999995837220447, 0.0028846639496493253, -6.52355337525748e-05, -0.7345563567103134], [0.002884711738954226, -0.9999955618924254, 0.0007447372925006922, 0.08859431501308633], [-6.308692741062213e-05, -0.0007449223780335316, -0.9999997205553057, -0.00041216142847694845], [0.0, 0.0, 0.0, 1.0]]}, "mean_rme": {"type": "float", "data": 0.0020054865543529293}, "max_rme": {"type": "float", "data": 0.00590199110612355}, "simu": {"type": "float", "data": 0.002}}, {"type": "dict", "image_number": {"type": "int", "data": 20}, "Hcamera2end": {"type": "ndarray", "data": [[0.9999956170646569, 0.002198851062756052, -0.001982651124116167, -0.014327086169460317], [0.001983932499818374, -0.0005807198297147487, 0.9999978633858752, 0.02504150050518206], [0.002197694999836633, -0.9999974139058977, -0.000585079656542753, 0.032600850631168826], [0.0, 0.0, 0.0, 1.0]]}, "Hobj2base": {"type": "ndarray", "data": [[0.9999968010027859, 0.002528969289187013, -4.7942977314755135e-05, -0.7346068747748454], [0.002528999170836177, -0.9999966012173869, 0.0006338113820173769, 0.08871465448120239], [-4.63399248467383e-05, -0.000633930602206408, -0.9999997979922808, -0.0005845741947145017], [0.0, 0.0, 0.0, 1.0]]}, "mean_rme": {"type": "float", "data": 0.00198755412578658}, "max_rme": {"type": "float", "data": 0.006054552979296357}, "simu": {"type": "float", "data": 0.002}}, {"type": "dict", "image_number": {"type": "int", "data": 21}, "Hcamera2end": {"type": "ndarray", "data": [[0.9999959298739124, 0.0020519950700241068, -0.0019823097239793025, -0.014326816551966846], [0.0019832921811448584, -0.00047685736311153804, 0.9999979195774258, 0.024986655522114383], [0.0020510455220193935, -0.999997780959182, -0.00048092512802022647, 0.033172586423294986], [0.0, 0.0, 0.0, 1.0]]}, "Hobj2base": {"type": "ndarray", "data": [[0.9999972669803625, 0.0023373206307118846, -5.444331752742559e-05, -0.735169980126053], [0.002337352368779431, -0.9999970941159011, 0.0005903758613011316, 0.08856948394383315], [-5.306326164096147e-05, -0.0005905015010094962, -0.9999998242461183, -0.00040170606050447084], [0.0, 0.0, 0.0, 1.0]]}, "mean_rme": {"type": "float", "data": 0.002021499547064415}, "max_rme": {"type": "float", "data": 0.005742894732060022}, "simu": {"type": "float", "data": 0.002}}, {"type": "dict", "image_number": {"type": "int", "data": 22}, "Hcamera2end": {"type": "ndarray", "data": [[0.9999964149123061, 0.0018821944899107327, -0.0019046013853515418, -0.014414806189555214], [0.0019055570637163054, -0.0005060840593558158, 0.999998056363712, 0.024993101934579848], [0.0018812269432086674, -0.9999981006096096, -0.0005096688740056088, 0.03318653371020519], [0.0, 0.0, 0.0, 1.0]]}, "Hobj2base": {"type": "ndarray", "data": [[0.99999765552252, 0.002163144471500828, 9.876972652748393e-05, -0.7351942251538798], [0.0021630830852561096, -0.9999974699150982, 0.0006174422798872881, 0.08854501829852318], [0.00010010509348589912, -0.0006172271851829807, -0.9999998045047671, -0.0004765762579728994], [0.0, 0.0, 0.0, 1.0]]}, "mean_rme": {"type": "float", "data": 0.001970586969767339}, "max_rme": {"type": "float", "data": 0.005798561680649128}, "simu": {"type": "float", "data": 0.002}}, {"type": "dict", "image_number": {"type": "int", "data": 23}, "Hcamera2end": {"type": "ndarray", "data": [[-0.9994986456750827, -0.0040995294166682635, -0.03139508165678795, 45.75089674090246], [-0.0316543959717001, 0.10822489124914292, 0.9936223488477791, -2752.9738322466055], [-0.0006756547500966527, 0.9941179843321781, -0.108300400359304, 150.12609053312815], [0.0, 0.0, 0.0, 1.0]]}, "Hobj2base": {"type": "ndarray", "data": [[-0.9975977552590136, 0.031162499330574946, 0.06186774068647453, -94.84889272643461], [-0.035092392241307675, 0.542686053780759, -0.8392022229705122, 1285.7710913753015], [-0.05972639876100976, -0.8393573408670106, -0.5402888224123295, 2362.182154971392], [0.0, 0.0, 0.0, 1.0]]}, "mean_rme": {"type": "float", "data": 176.31618161856431}, "max_rme": {"type": "float", "data": 1275.2146409811091}, "simu": {"type": "float", "data": 0.002}}, {"type": "dict", "image_number": {"type": "int", "data": 23}, "Hcamera2end": {"type": "ndarray", "data": [[0.9999963718355813, 0.0018970607831326864, -0.001912452890646301, -0.014445236843552537], [0.0019134011371938515, -0.0004981614568397852, 0.9999980453637155, 0.02506490241464324], [0.0018961043647507038, -0.9999980764959243, -0.0005017894876879758, 0.03315846855178488], [0.0, 0.0, 0.0, 1.0]]}, "Hobj2base": {"type": "ndarray", "data": [[0.9999976204838683, 0.002178757447976438, 0.00010973870868023538, -0.7352073379302718], [0.0021786897583139023, -0.9999974386365511, 0.0006132138885293181, 0.08859536689705798], [0.00011107447192635394, -0.000612973342776286, -0.9999998059630522, -0.00046477850675809106], [0.0, 0.0, 0.0, 1.0]]}, "mean_rme": {"type": "float", "data": 0.0019641883570976596}, "max_rme": {"type": "float", "data": 0.005748714855225268}, "simu": {"type": "float", "data": 0.002}}, {"type": "dict", "image_number": {"type": "int", "data": 24}, "Hcamera2end": {"type": "ndarray", "data": [[0.9999976369098081, 0.00020030929484194044, -0.0021647288481475993, -0.01468827897856479], [0.002164793844433064, -0.00032483373216152245, 0.9999976040724584, 0.023303818917187087], [0.0001996056379645224, -0.9999999271796137, -0.0003252665928785703, 0.03316776328341196], [0.0, 0.0, 0.0, 1.0]]}, "Hobj2base": {"type": "ndarray", "data": [[0.999999441529083, 0.0006052419740242675, 0.0008663854078745372, -0.7350946618559197], [0.0006048723435669476, -0.9999997259712232, 0.00042683360529085476, 0.08961847767901404], [0.0008666435080738498, -0.00042630931434460654, -0.9999995335945904, 0.0011128504261797682], [0.0, 0.0, 0.0, 1.0]]}, "mean_rme": {"type": "float", "data": 0.0019938697380955123}, "max_rme": {"type": "float", "data": 0.00552852583118435}, "simu": {"type": "float", "data": 0.002}}, {"type": "dict", "image_number": {"type": "int", "data": 25}, "Hcamera2end": {"type": "ndarray", "data": [[0.999997736619893, 0.00016616569687270713, -0.0021211185851803425, -0.01464817185127278], [0.002121172352519243, -0.0003240714512933174, 0.9999976978001225, 0.023371072412567303], [0.00016547792034779518, -0.9999999336833255, -0.00032442318387859714, 0.03333700594552058], [0.0, 0.0, 0.0, 1.0]]}, "Hobj2base": {"type": "ndarray", "data": [[0.9999994176646927, 0.0005907345566933838, 0.0009031627532876814, -0.7351751285329462], [0.0005903154731266148, -0.9999997180164848, 0.00046421395189113335, 0.08974993619575508], [0.0009034367258337546, -0.00046368053061494164, -0.9999994844010911, 0.0010020712469142046], [0.0, 0.0, 0.0, 1.0]]}, "mean_rme": {"type": "float", "data": 0.0019921181265020052}, "max_rme": {"type": "float", "data": 0.005497947099348199}, "simu": {"type": "float", "data": 0.002}}, {"type": "dict", "image_number": {"type": "int", "data": 26}, "Hcamera2end": {"type": "ndarray", "data": [[0.9999979451094513, 0.00012584164593327336, -0.0020233488960172113, -0.014526583080820017], [0.002023383857991214, -0.00027832114845716127, 0.9999979142253755, 0.023275380937034396], [0.0001252782426674928, -0.9999999533506082, -0.0002785752024927479, 0.033390163099950694], [0.0, 0.0, 0.0, 1.0]]}, "Hobj2base": {"type": "ndarray", "data": [[0.9999995058506628, 0.0005212212231533197, 0.0008465381661829027, -0.7353172077727173], [0.0005207680372591695, -0.9999997210349381, 0.0005354724062396506, 0.08987839142446855], [0.0008468170296108757, -0.0005350312916170478, -0.9999994983210923, 0.0009681630871064678], [0.0, 0.0, 0.0, 1.0]]}, "mean_rme": {"type": "float", "data": 0.001974505077985424}, "max_rme": {"type": "float", "data": 0.0055342663107366685}, "simu": {"type": "float", "data": 0.002}}, {"type": "dict", "image_number": {"type": "int", "data": 27}, "Hcamera2end": {"type": "ndarray", "data": [[0.9999980766274494, -0.0004851036098879215, -0.0019003725659728957, -0.014395217676531145], [0.0019002755820322127, -0.00020030686570060574, 0.9999981744132694, 0.023230211390688055], [-0.0004854833819615622, -0.999999862275814, -0.00019938464989111004, 0.03339338471684236], [0.0, 0.0, 0.0, 1.0]]}, "Hobj2base": {"type": "ndarray", "data": [[0.9999993193305738, -4.560354037768555e-05, 0.0011658725085156182, -0.7352604566601747], [-4.634088518005701e-05, -0.9999997989479874, 0.0006324211462624242, 0.09014679466309701], [0.001165843433471325, -0.0006324747433567373, -0.9999991203920067, 0.0007848441568402163], [0.0, 0.0, 0.0, 1.0]]}, "mean_rme": {"type": "float", "data": 0.0019393165240827574}, "max_rme": {"type": "float", "data": 0.005572166858188787}, "simu": {"type": "float", "data": 0.002}}, {"type": "dict", "image_number": {"type": "int", "data": 28}, "Hcamera2end": {"type": "ndarray", "data": [[0.9999979142094212, -0.0006541267299734878, -0.001934863051543756, -0.014372361976997695], [0.0019347500378737762, -0.00017335896040671095, 0.9999981133427012, 0.02328478660973772], [-0.0006544609217076634, -0.9999997710324198, -0.00017209302710052832, 0.03354639619984935], [0.0, 0.0, 0.0, 1.0]]}, "Hobj2base": {"type": "ndarray", "data": [[0.9999992615474897, -0.00019758672797702136, 0.0011991096530932861, -0.7353582499704209], [-0.0001983498897992048, -0.9999997778548884, 0.0006363548497560009, 0.09024724853292758], [0.001198983651444343, -0.0006365922231057129, -0.9999990785938477, 0.0006535718121574044], [0.0, 0.0, 0.0, 1.0]]}, "mean_rme": {"type": "float", "data": 0.0019378875128765337}, "max_rme": {"type": "float", "data": 0.005594671545878449}, "simu": {"type": "float", "data": 0.002}}, {"type": "dict", "image_number": {"type": "int", "data": 29}, "Hcamera2end": {"type": "ndarray", "data": [[0.9999978074465615, -0.000798458261460301, -0.0019358632375224628, -0.01415609724499019], [0.0019357079832876991, -0.00019516949866948963, 0.9999981074699444, 0.023313862334832028], [-0.0007988345718116026, -0.9999996621865788, -0.00019362348871898583, 0.03355662011418522], [0.0, 0.0, 0.0, 1.0]]}, "Hobj2base": {"type": "ndarray", "data": [[0.9999991328467162, -0.000321396859542688, 0.001277109969601013, -0.7352009755288781], [-0.0003222255511194819, -0.9999997376615701, 0.0006487275898845357, 0.09047128786764777], [0.0012769011355559007, -0.0006491385448020707, -0.999998974070794, 0.000647549228258531], [0.0, 0.0, 0.0, 1.0]]}, "mean_rme": {"type": "float", "data": 0.0019704171497064746}, "max_rme": {"type": "float", "data": 0.0054459330415493334}, "simu": {"type": "float", "data": 0.002}}, {"type": "dict", "image_number": {"type": "int", "data": 30}, "Hcamera2end": {"type": "ndarray", "data": [[0.9999978818621296, -0.0008075110109182229, -0.0018931976182044127, -0.014256368746167303], [0.0018930152823454205, -0.00022650442270277793, 0.9999981825927924, 0.023231349371583252], [-0.0008079383609754642, -0.9999996483107954, -0.0002249753122507414, 0.03341675617522147], [0.0, 0.0, 0.0, 1.0]]}, "Hobj2base": {"type": "ndarray", "data": [[0.9999990923640708, -0.0003109346141393499, 0.0013109503043175828, -0.7351429129241712], [-0.0003118098989329247, -0.9999997285954627, 0.0006675204772373284, 0.09030474899191772], [0.0013107423932977023, -0.0006679286386536551, -0.9999989179122704, 0.0006880516524071419], [0.0, 0.0, 0.0, 1.0]]}, "mean_rme": {"type": "float", "data": 0.001986437406319834}, "max_rme": {"type": "float", "data": 0.005549942357685744}, "simu": {"type": "float", "data": 0.002}}]}