{"type": "list", "data": [{"type": "dict", "image_number": {"type": "int", "data": 5}, "Hcamera2end": {"type": "ndarray", "data": [[0.9999980274891987, 0.00012230741873362752, -0.0019824375417962833, -0.017055141829309572], [0.001982187897623172, 0.0020085505107630963, 0.9999960183200652, 0.02283288013235519], [0.00012628875768176337, -0.9999979753808209, 0.0020083041125903422, 0.03629813099278298], [0.0, 0.0, 0.0, 1.0]]}, "Hobj2base": {"type": "ndarray", "data": [[0.9999998484488676, -0.0005463432255532626, -6.790671384036225e-05, -0.7389897870183916], [-0.000546286582556758, -0.9999995051991473, 0.0008313678069231157, 0.08812123410852915], [-6.836089240931785e-05, -0.0008313305844017465, -0.9999996521080634, 0.002760457163018981], [0.0, 0.0, 0.0, 1.0]]}, "mean_rme": {"type": "float", "data": 0.0011076311072940248}, "max_rme": {"type": "float", "data": 0.002265329110704012}, "simu": {"type": "float", "data": 0.002}}, {"type": "dict", "image_number": {"type": "int", "data": 6}, "Hcamera2end": {"type": "ndarray", "data": [[0.9999984053624549, 6.362655679557992e-05, -0.0017847196442522264, -0.018673060964675588], [0.001784613194174668, 0.0016355853940500653, 0.9999970700037906, 0.022848266334050536], [6.65454317526229e-05, -0.9999986604051427, 0.001635469237091458, 0.0359867872635318], [0.0, 0.0, 0.0, 1.0]]}, "Hobj2base": {"type": "ndarray", "data": [[0.9999998997366458, -0.0003415537656038719, 0.00028959924648381787, -0.7387391262399867], [-0.0003418326215285881, -0.9999994775046557, 0.0009634006823944318, 0.08667208237320707], [0.00028927004203870265, -0.0009634995802702662, -0.999999493995573, 0.003394112701898655], [0.0, 0.0, 0.0, 1.0]]}, "mean_rme": {"type": "float", "data": 0.001049328316820389}, "max_rme": {"type": "float", "data": 0.0025955291886999854}, "simu": {"type": "float", "data": 0.002}}, {"type": "dict", "image_number": {"type": "int", "data": 7}, "Hcamera2end": {"type": "ndarray", "data": [[0.9999981801361059, 0.00037761802173445747, -0.001870061257264292, -0.015681184064889504], [0.001869738186422442, 0.0008540975441807541, 0.9999978872960179, 0.023101345395570072], [0.0003792144386666564, -0.9999995639609124, 0.0008533899430043235, 0.033742058968634525], [0.0, 0.0, 0.0, 1.0]]}, "Hobj2base": {"type": "ndarray", "data": [[0.9999996090007021, 0.00031991248240742075, 0.0008244115760069731, -0.7366359661767216], [0.0003190635197457577, -0.9999994189518624, 0.0010297059811251973, 0.08951665531472806], [0.0008247405127807338, -0.0010294425388517217, -0.9999991300251942, 0.0014941578156721924], [0.0, 0.0, 0.0, 1.0]]}, "mean_rme": {"type": "float", "data": 0.001281356706829093}, "max_rme": {"type": "float", "data": 0.002776988401677921}, "simu": {"type": "float", "data": 0.002}}, {"type": "dict", "image_number": {"type": "int", "data": 8}, "Hcamera2end": {"type": "ndarray", "data": [[0.9999980709537769, -9.366210078955162e-05, -0.0019619674145946214, -0.014900195109627751], [0.0019620597153390405, 0.0009957602957105793, 0.9999975793886237, 0.02311079118175445], [-9.170822481707394e-05, -0.999999499844297, 0.0009959421454777129, 0.033784223564904035], [0.0, 0.0, 0.0, 1.0]]}, "Hobj2base": {"type": "ndarray", "data": [[0.9999996861205707, -0.0001562575050773337, 0.000776751152062821, -0.7364128970095438], [-0.00015705513025816075, -0.9999994603857951, 0.0010269185969063747, 0.09031633969103847], [0.0007765902691789956, -0.001027040267331117, -0.999999171047578, 0.0013535714145555336], [0.0, 0.0, 0.0, 1.0]]}, "mean_rme": {"type": "float", "data": 0.0013387381178428897}, "max_rme": {"type": "float", "data": 0.003223985577353039}, "simu": {"type": "float", "data": 0.002}}, {"type": "dict", "image_number": {"type": "int", "data": 9}, "Hcamera2end": {"type": "ndarray", "data": [[0.9999978299171579, -0.0006585895454642734, -0.0019764667428068304, -0.015394744509770526], [0.001976962733355112, 0.0007533122548769589, 0.9999977620669946, 0.02302187562690801], [-0.0006570991749662793, -0.9999994993901034, 0.0007546126271149589, 0.03279696235019091], [0.0, 0.0, 0.0, 1.0]]}, "Hobj2base": {"type": "ndarray", "data": [[0.9999991993610315, -0.0004813789347462977, 0.0011702784357263294, -0.735374069478474], [-0.0004824898249458292, -0.9999994331530928, 0.0009491559731650928, 0.08971937400909057], [0.0011698208686663474, -0.000949719860671425, -0.9999988647750162, 0.0016663445785181949], [0.0, 0.0, 0.0, 1.0]]}, "mean_rme": {"type": "float", "data": 0.0013762158826789756}, "max_rme": {"type": "float", "data": 0.002970941416864048}, "simu": {"type": "float", "data": 0.002}}, {"type": "dict", "image_number": {"type": "int", "data": 10}, "Hcamera2end": {"type": "ndarray", "data": [[0.9999961373386279, 0.0026869920619717546, -0.0007109018799375507, -0.015133056810199597], [0.000709763411175927, 0.0004246261831530873, 0.9999996579641939, 0.02189693157107349], [0.002687293010476133, -0.9999962998762864, 0.00042271741431421095, 0.03283718999219809], [0.0, 0.0, 0.0, 1.0]]}, "Hobj2base": {"type": "ndarray", "data": [[0.9999967633250737, 0.002440895255807745, -0.0007178925593419599, -0.7356801941603749], [0.0024418455259626395, -0.99999613980187, 0.0013258098605744596, 0.09008364603627048], [-0.0007146536251356653, -0.0013275585520930778, -0.9999988634285977, 0.002362680750505436], [0.0, 0.0, 0.0, 1.0]]}, "mean_rme": {"type": "float", "data": 0.0013307225077275396}, "max_rme": {"type": "float", "data": 0.003716930521036388}, "simu": {"type": "float", "data": 0.002}}, {"type": "dict", "image_number": {"type": "int", "data": 11}, "Hcamera2end": {"type": "ndarray", "data": [[0.9999964420402634, 0.0025607154164880184, -0.0007474244911010456, -0.015241967534948341], [0.00074602377986504, 0.0005479114814328501, 0.9999995716206723, 0.021724098902695596], [0.0025611238419906484, -0.999996571258904, 0.0005459991773917316, 0.03253251982588977], [0.0, 0.0, 0.0, 1.0]]}, "Hobj2base": {"type": "ndarray", "data": [[0.9999970537382934, 0.002307144970951008, -0.0007547163809909608, -0.7355013975571161], [0.002308149957510989, -0.9999964471596297, 0.00133345862007048, 0.0898571427593737], [-0.0007516372172548675, -0.0013351966899351273, -0.9999988261449575, 0.0025230458567947426], [0.0, 0.0, 0.0, 1.0]]}, "mean_rme": {"type": "float", "data": 0.0013171075537097734}, "max_rme": {"type": "float", "data": 0.0037106213339059835}, "simu": {"type": "float", "data": 0.002}}, {"type": "dict", "image_number": {"type": "int", "data": 12}, "Hcamera2end": {"type": "ndarray", "data": [[0.9999958209264369, 0.0027857322500059647, -0.0007731917568359003, -0.015113890580162843], [0.0007714410075792401, 0.0006294897517197251, 0.9999995043105893, 0.021808714591912748], [0.0027862175854350296, -0.9999959217109257, 0.0006273380929420203, 0.03247988278748157], [0.0, 0.0, 0.0, 1.0]]}, "Hobj2base": {"type": "ndarray", "data": [[0.9999963876245335, 0.0025515642454558103, -0.0008451377314986398, -0.7356395050037748], [0.002552696587169995, -0.9999958420862773, 0.001341473179335352, 0.08988405764895535], [-0.0008417113624882384, -0.0013436257136334353, -0.999998743095172, 0.002528258939848695], [0.0, 0.0, 0.0, 1.0]]}, "mean_rme": {"type": "float", "data": 0.0012815236538007558}, "max_rme": {"type": "float", "data": 0.003783833964908223}, "simu": {"type": "float", "data": 0.002}}, {"type": "dict", "image_number": {"type": "int", "data": 13}, "Hcamera2end": {"type": "ndarray", "data": [[0.9999961119312358, 0.0027105783192603134, -0.0006548950957207973, -0.015556649663147234], [0.0006532103239436644, 0.0006223929892961166, 0.999999592971537, 0.021596516062521484], [0.002710984818094087, -0.999996132688593, 0.0006206199916473087, 0.032562403464999744], [0.0, 0.0, 0.0, 1.0]]}, "Hobj2base": {"type": "ndarray", "data": [[0.9999965622607677, 0.0024984607309179565, -0.0007957139075382828, -0.7357498572585326], [0.002499611551895346, -0.9999958267714939, 0.001448579195758973, 0.08954334759457873], [-0.0007920913686060925, -0.001450563191596727, -0.999998634227913, 0.0026553285628920956], [0.0, 0.0, 0.0, 1.0]]}, "mean_rme": {"type": "float", "data": 0.0013136990800257599}, "max_rme": {"type": "float", "data": 0.003684207640899273}, "simu": {"type": "float", "data": 0.002}}, {"type": "dict", "image_number": {"type": "int", "data": 14}, "Hcamera2end": {"type": "ndarray", "data": [[0.9999960525642047, 0.0026565199148616933, -0.0009152911833560291, -0.015501315789006891], [0.0009138733680844185, 0.0005348763175250237, 0.9999994393712393, 0.021306776367096443], [0.0026570079931178413, -0.9999963283978934, 0.000532446483333171, 0.033014103952365294], [0.0, 0.0, 0.0, 1.0]]}, "Hobj2base": {"type": "ndarray", "data": [[0.9999965250803359, 0.0025659983946881735, -0.0006045489984588102, -0.7360350184402836], [0.0025667979460047598, -0.9999958272696634, 0.0013255155848702746, 0.08924840880472518], [-0.0006011452049759532, -0.001327062733937607, -0.9999989387639083, 0.0027588622112232303], [0.0, 0.0, 0.0, 1.0]]}, "mean_rme": {"type": "float", "data": 0.0013595587442680776}, "max_rme": {"type": "float", "data": 0.0036471424590854007}, "simu": {"type": "float", "data": 0.002}}, {"type": "dict", "image_number": {"type": "int", "data": 15}, "Hcamera2end": {"type": "ndarray", "data": [[0.999996062710416, 0.0025601291349170666, -0.0011490441585568223, -0.014890060838602597], [0.0011467473120493985, 0.0008984477693660953, 0.999998938880541, 0.021514200367791753], [0.0025611587744753827, -0.9999963192584351, 0.000895508410713064, 0.03284571240931857], [0.0, 0.0, 0.0, 1.0]]}, "Hobj2base": {"type": "ndarray", "data": [[0.9999968732895653, 0.002366049741042534, -0.0008094564323557036, -0.7362511019038294], [0.002366862290187198, -0.9999966946267476, 0.0010043398219774966, 0.08972736492776943], [-0.0008070774388243547, -0.0010062525536029875, -0.9999991680405567, 0.002607054260434949], [0.0, 0.0, 0.0, 1.0]]}, "mean_rme": {"type": "float", "data": 0.0014586560477429142}, "max_rme": {"type": "float", "data": 0.003758761978371411}, "simu": {"type": "float", "data": 0.002}}, {"type": "dict", "image_number": {"type": "int", "data": 16}, "Hcamera2end": {"type": "ndarray", "data": [[0.9999926336913715, 0.003694713805670803, -0.0010400254269359052, -0.014876985390784195], [0.0010371804455685757, 0.0007718466197716989, 0.9999991642544104, 0.02164061815426334], [0.0036955134579402917, -0.999992876645974, 0.0007680088492000303, 0.032899101821139504], [0.0, 0.0, 0.0, 1.0]]}, "Hobj2base": {"type": "ndarray", "data": [[0.9999932210441079, 0.0034061805769254353, -0.00139849909090143, -0.7363437931645325], [0.0034075114380344926, -0.99999374282315, 0.0009503580103965294, 0.0893803750885282], [-0.001395253249249155, -0.0009551169696098228, -0.9999985705089509, 0.002613256362319679], [0.0, 0.0, 0.0, 1.0]]}, "mean_rme": {"type": "float", "data": 0.0014429834469800666}, "max_rme": {"type": "float", "data": 0.0037661819866523782}, "simu": {"type": "float", "data": 0.002}}, {"type": "dict", "image_number": {"type": "int", "data": 17}, "Hcamera2end": {"type": "ndarray", "data": [[0.999993646291597, 0.0034270297569200404, -0.0009812458822625622, -0.014690261328488424], [0.0009784755520267669, 0.0008099595818066296, 0.9999991932752095, 0.02167550652705056], [0.003427821761754625, -0.9999937996970385, 0.0008066011707263954, 0.03291409312008932], [0.0, 0.0, 0.0, 1.0]]}, "Hobj2base": {"type": "ndarray", "data": [[0.9999941284215503, 0.003147036766280664, -0.0013562013182038875, -0.7362565830826014], [0.0031484668764338885, -0.9999944884682537, 0.001053655277300511, 0.08968760777435214], [-0.0013528779515606176, -0.0010579190456090324, -0.9999985252631831, 0.0026447751208327143], [0.0, 0.0, 0.0, 1.0]]}, "mean_rme": {"type": "float", "data": 0.0014680809187024493}, "max_rme": {"type": "float", "data": 0.003827024148955277}, "simu": {"type": "float", "data": 0.002}}, {"type": "dict", "image_number": {"type": "int", "data": 18}, "Hcamera2end": {"type": "ndarray", "data": [[0.9999935988602687, 0.0034235802342526085, -0.0010398734863613234, -0.014435168269441382], [0.0010372385575136067, 0.000771326932797578, 0.9999991645951198, 0.021849869334468967], [0.0034243794566037058, -0.9999938420576111, 0.0007677709260024423, 0.032497035829163703], [0.0, 0.0, 0.0, 1.0]]}, "Hobj2base": {"type": "ndarray", "data": [[0.9999941293134887, 0.003168345439378031, -0.0013049619666508899, -0.7360825914647919], [0.0031696836013526608, -0.9999944515807575, 0.0010246529008817115, 0.08993870069329202], [-0.0013017082718293493, -0.00102878320201183, -0.9999986235794018, 0.002179797059180579], [0.0, 0.0, 0.0, 1.0]]}, "mean_rme": {"type": "float", "data": 0.0015699100937682782}, "max_rme": {"type": "float", "data": 0.004195368919995585}, "simu": {"type": "float", "data": 0.002}}, {"type": "dict", "image_number": {"type": "int", "data": 19}, "Hcamera2end": {"type": "ndarray", "data": [[0.9999936562335009, 0.0034131188881770832, -0.0010188779171447998, -0.014463781660533408], [0.0010161657547576495, 0.0007962686752130965, 0.9999991666813304, 0.02206136056673928], [0.0034139273445306815, -0.9999938582689654, 0.0007927953293394019, 0.03252142203407734], [0.0, 0.0, 0.0, 1.0]]}, "Hobj2base": {"type": "ndarray", "data": [[0.9999941673806582, 0.003153724053514318, -0.001311193829510791, -0.7360483127591584], [0.0031550512483896386, -0.9999945113759816, 0.0010113701255485192, 0.09004135917809851], [-0.0013079970505688982, -0.001015501110340242, -0.999998628949665, 0.002170528300621617], [0.0, 0.0, 0.0, 1.0]]}, "mean_rme": {"type": "float", "data": 0.001618326573943268}, "max_rme": {"type": "float", "data": 0.004390525860738931}, "simu": {"type": "float", "data": 0.002}}, {"type": "dict", "image_number": {"type": "int", "data": 20}, "Hcamera2end": {"type": "ndarray", "data": [[0.9999942805672649, 0.003215159897414406, -0.0010495616191120874, -0.014470340337944577], [0.001046875277212552, 0.0008370926046586957, 0.9999991016636591, 0.022208213198917963], [0.0032160355893889204, -0.9999944809961729, 0.0008337219455549771, 0.03278115082634526], [0.0, 0.0, 0.0, 1.0]]}, "Hobj2base": {"type": "ndarray", "data": [[0.9999947816180841, 0.0029559198773733957, -0.0013035621499620483, -0.7362835975636262], [0.0029572417482851597, -0.9999951139741776, 0.0010132862447654006, 0.09020011814358049], [-0.0013005605877713512, -0.0010171359054621373, -0.999998636987425, 0.0020468055913255346], [0.0, 0.0, 0.0, 1.0]]}, "mean_rme": {"type": "float", "data": 0.001610774855246799}, "max_rme": {"type": "float", "data": 0.004454517034558153}, "simu": {"type": "float", "data": 0.002}}, {"type": "dict", "image_number": {"type": "int", "data": 21}, "Hcamera2end": {"type": "ndarray", "data": [[0.9999946755439849, 0.003091367440641443, -0.0010451464143151421, -0.014629279294560992], [0.0010427248974421927, 0.0007848238046691547, 0.9999991483878296, 0.02213493675647594], [0.0030921850637806256, -0.9999949137365364, 0.0007815961801118654, 0.032657155335114645], [0.0, 0.0, 0.0, 1.0]]}, "Hobj2base": {"type": "ndarray", "data": [[0.9999951737224457, 0.002862529225469678, -0.001207666447716179, -0.7361601072269284], [0.002863740989657994, -0.9999953966191548, 0.0010028599320214982, 0.09007948404337929], [-0.001204790172503122, -0.0010063135358492777, -0.9999987679060949, 0.0021755618487338375], [0.0, 0.0, 0.0, 1.0]]}, "mean_rme": {"type": "float", "data": 0.0015733849246444566}, "max_rme": {"type": "float", "data": 0.004457479067584064}, "simu": {"type": "float", "data": 0.002}}, {"type": "dict", "image_number": {"type": "int", "data": 22}, "Hcamera2end": {"type": "ndarray", "data": [[0.999995200059061, 0.0029473967441873373, -0.0009553592365741065, -0.01464901020179149], [0.0009530606286346952, 0.0007811833230588761, 0.9999992407137387, 0.022222970548907293], [0.002948140816972625, -0.9999953512917189, 0.0007783705256312334, 0.03270979199925436], [0.0, 0.0, 0.0, 1.0]]}, "Hobj2base": {"type": "ndarray", "data": [[0.9999955420288548, 0.002719401385693239, -0.0012331984919445003, -0.7361466162420598], [0.002720675677234096, -0.9999957655894949, 0.0010328247377099668, 0.09016110739894964], [-0.0012303846050529445, -0.0010361752665493233, -0.9999987062464331, 0.002233870627236799], [0.0, 0.0, 0.0, 1.0]]}, "mean_rme": {"type": "float", "data": 0.001578887849406356}, "max_rme": {"type": "float", "data": 0.004497390643296656}, "simu": {"type": "float", "data": 0.002}}, {"type": "dict", "image_number": {"type": "int", "data": 23}, "Hcamera2end": {"type": "ndarray", "data": [[0.9999953873505016, 0.00285858795062067, -0.001026524548504571, -0.014729471636152042], [0.0010247320592127705, 0.0006284481627468752, 0.9999992774882958, 0.0221586030228046], [0.0028592310027239403, -0.9999957167547446, 0.0006255159772187158, 0.03285093784867057], [0.0, 0.0, 0.0, 1.0]]}, "Hobj2base": {"type": "ndarray", "data": [[0.9999957705197127, 0.0027079887541748664, -0.0010610087621765014, -0.736118203784153], [0.0027091161324936707, -0.9999957658182366, 0.001062560765108574, 0.09004749028300654], [-0.001058126867070008, -0.0010654306669830936, -0.999998872611878, 0.0022785580624593545], [0.0, 0.0, 0.0, 1.0]]}, "mean_rme": {"type": "float", "data": 0.0015445384399561017}, "max_rme": {"type": "float", "data": 0.004424003504424984}, "simu": {"type": "float", "data": 0.002}}, {"type": "dict", "image_number": {"type": "int", "data": 24}, "Hcamera2end": {"type": "ndarray", "data": [[0.9999954021605841, 0.0028229408762766098, -0.0011075479676851646, -0.014678414984636727], [0.0011055553490988016, 0.0007073289617801626, 0.999999138716184, 0.02237483498225493], [0.002823721845677424, -0.9999957653363081, 0.0007042047922092287, 0.03251882386899605], [0.0, 0.0, 0.0, 1.0]]}, "Hobj2base": {"type": "ndarray", "data": [[0.9999959131792273, 0.0026571652064911657, -0.0010550345533304598, -0.7358882862305357], [0.0026581735759985342, -0.9999960105393653, 0.0009555200644276554, 0.09015714084419674], [-0.0010524913696423398, -0.0009583206243598358, -0.9999989869412358, 0.002045193206309639], [0.0, 0.0, 0.0, 1.0]]}, "mean_rme": {"type": "float", "data": 0.0015463724461225977}, "max_rme": {"type": "float", "data": 0.004736857422150215}, "simu": {"type": "float", "data": 0.002}}, {"type": "dict", "image_number": {"type": "int", "data": 25}, "Hcamera2end": {"type": "ndarray", "data": [[0.9999955988637854, 0.002752651277672226, -0.0011068712674036933, -0.014900811871519605], [0.00110514133092334, 0.0006299035582956192, 0.9999991909417454, 0.022426395928856528], [0.0027533462727669013, -0.9999960130582772, 0.0006268587173077211, 0.032484975144526196], [0.0, 0.0, 0.0, 1.0]]}, "Hobj2base": {"type": "ndarray", "data": [[0.9999960778241674, 0.0026291809548162196, -0.0009652687649545748, -0.7356776934156251], [0.0026301526794453634, -0.9999960343147256, 0.0010068027137598926, 0.09003642964456969], [-0.0009626178704821731, -0.0010093375691311505, -0.9999990273017803, 0.0020551413508093975], [0.0, 0.0, 0.0, 1.0]]}, "mean_rme": {"type": "float", "data": 0.001539950736522925}, "max_rme": {"type": "float", "data": 0.004836886815146352}, "simu": {"type": "float", "data": 0.002}}, {"type": "dict", "image_number": {"type": "int", "data": 26}, "Hcamera2end": {"type": "ndarray", "data": [[0.9999956734532517, 0.0027375893948128017, -0.001076419566423599, -0.014836202269276576], [0.001074595211098246, 0.0006677930230160056, 0.999999199648485, 0.022347808141880754], [0.0027383060292552777, -0.9999960298205107, 0.0006648483333246968, 0.03235347901023283], [0.0, 0.0, 0.0, 1.0]]}, "Hobj2base": {"type": "ndarray", "data": [[0.9999961742911826, 0.002592236641162288, -0.0009652523996019586, -0.7355397172046387], [0.0025932601045619568, -0.9999960750901595, 0.0010605688596521455, 0.09009356356881651], [-0.0009624993656148509, -0.0010630679527632281, -0.9999989717402209, 0.002158981610294264], [0.0, 0.0, 0.0, 1.0]]}, "mean_rme": {"type": "float", "data": 0.0015323891005305174}, "max_rme": {"type": "float", "data": 0.004829717413584039}, "simu": {"type": "float", "data": 0.002}}, {"type": "dict", "image_number": {"type": "int", "data": 27}, "Hcamera2end": {"type": "ndarray", "data": [[0.9999952182776567, 0.0029096890305263133, -0.0010474404839428393, -0.014865290867985104], [0.0010456005582034121, 0.0006337936950246981, 0.9999992525122332, 0.021872557431511445], [0.002910350716743994, -0.9999955659978188, 0.0006307482919246654, 0.03237059199236089], [0.0, 0.0, 0.0, 1.0]]}, "Hobj2base": {"type": "ndarray", "data": [[0.9999956281043805, 0.002765943654812345, -0.0010456231749544148, -0.7355193084907823], [0.0027670392080646165, -0.9999956228360234, 0.001047760857685901, 0.09029830085800024], [-0.0010427205505942432, -0.001050649557306757, -0.9999989044340805, 0.002586356185532124], [0.0, 0.0, 0.0, 1.0]]}, "mean_rme": {"type": "float", "data": 0.0015034305123657547}, "max_rme": {"type": "float", "data": 0.004863890810079402}, "simu": {"type": "float", "data": 0.002}}, {"type": "dict", "image_number": {"type": "int", "data": 28}, "Hcamera2end": {"type": "ndarray", "data": [[0.9999953621671311, 0.0028527715604697084, -0.0010664608065862158, -0.014754819197719878], [0.001064550500938971, 0.0006710661513813498, 0.9999992082009123, 0.021801497974220648], [0.0028534849673968643, -0.9999957056731016, 0.0006680261196949644, 0.03225272215654675], [0.0, 0.0, 0.0, 1.0]]}, "Hobj2base": {"type": "ndarray", "data": [[0.999995771855089, 0.002709194640438612, -0.0010566628340691034, -0.7353772012554287], [0.002710319002899891, -0.9999957609297303, 0.0010640927928772866, 0.09039410228719953], [-0.001053775520309706, -0.0010669521870975954, -0.9999988755844593, 0.00269906962547724], [0.0, 0.0, 0.0, 1.0]]}, "mean_rme": {"type": "float", "data": 0.0015036200758059785}, "max_rme": {"type": "float", "data": 0.0048686742880708345}, "simu": {"type": "float", "data": 0.002}}, {"type": "dict", "image_number": {"type": "int", "data": 29}, "Hcamera2end": {"type": "ndarray", "data": [[0.9999949226791379, 0.002981615102185544, -0.0011245387176096655, -0.01478154120400781], [0.0011223864555981776, 0.0007234193811487266, 0.9999991084561245, 0.02180183733944606], [0.0029824259570480306, -0.9999952933068145, 0.000720069183709815, 0.032221430979207974], [0.0, 0.0, 0.0, 1.0]]}, "Hobj2base": {"type": "ndarray", "data": [[0.9999954092987133, 0.002831168748121855, -0.001079752294915615, -0.7353749480221242], [0.0028322393595845746, -0.9999954978645558, 0.0009912975485751219, 0.09029381197056743], [-0.001076940903084921, -0.000994351114772452, -0.9999989257314992, 0.0026286345481476912], [0.0, 0.0, 0.0, 1.0]]}, "mean_rme": {"type": "float", "data": 0.001495141178737034}, "max_rme": {"type": "float", "data": 0.004839698071317594}, "simu": {"type": "float", "data": 0.002}}, {"type": "dict", "image_number": {"type": "int", "data": 30}, "Hcamera2end": {"type": "ndarray", "data": [[0.9999954415903385, 0.0028199981617955338, -0.001079077806040711, -0.014576756573334198], [0.0010769762390652454, 0.0007466493128714946, 0.9999991413181235, 0.0218502159231175], [0.0028208014330166355, -0.9999957450535333, 0.0007436088383235839, 0.03231789229619974], [0.0, 0.0, 0.0, 1.0]]}, "Hobj2base": {"type": "ndarray", "data": [[0.9999958835656374, 0.002675004200698024, -0.001037884534188958, -0.7354222042801005], [0.002676092260325359, -0.9999958697114968, 0.001048375009405351, 0.09058057969588], [-0.001035075839872333, -0.0010511481686074917, -0.9999989118521742, 0.0025617522364716574], [0.0, 0.0, 0.0, 1.0]]}, "mean_rme": {"type": "float", "data": 0.0015151071055207494}, "max_rme": {"type": "float", "data": 0.0048797554650704955}, "simu": {"type": "float", "data": 0.002}}]}