{"type": "list", "data": [{"type": "dict", "image_number": {"type": "int", "data": 5}, "Hcamera2end": {"type": "ndarray", "data": [[0.9999746323793421, 0.004934499409593116, 0.005136663642515349, -0.01510877390777872], [-0.005134940274131324, -0.00036185475597516614, 0.9999867506369857, 0.021384490305254168], [0.004936292756788031, -0.9999877598134452, -0.0003365072168299843, 0.03443564233265379], [0.0, 0.0, 0.0, 1.0]]}, "Hobj2base": {"type": "ndarray", "data": [[0.9999846863002388, 0.005022682023049632, 0.0023237534956075195, -0.7358764294025912], [0.0050120041858243165, -0.9999769591823515, 0.004578309563441725, 0.08915868582632214], [0.002346695347567222, -0.004566592790336848, -0.999986819538754, -0.000299683387099936], [0.0, 0.0, 0.0, 1.0]]}, "mean_rme": {"type": "float", "data": 0.0015609885851564256}, "max_rme": {"type": "float", "data": 0.003094799317560848}, "simu": {"type": "float", "data": 0.002}}, {"type": "dict", "image_number": {"type": "int", "data": 6}, "Hcamera2end": {"type": "ndarray", "data": [[0.9999786092595002, 0.0055926856948674926, 0.003391591094787777, -0.012873336510513554], [-0.0033920654298009454, 7.533015987259972e-05, 0.9999942440921784, 0.021944313869585425], [0.005592398014784763, -0.9999843579737063, 9.429930431004152e-05, 0.03446984328406122], [0.0, 0.0, 0.0, 1.0]]}, "Hobj2base": {"type": "ndarray", "data": [[0.9999807345262773, 0.005921012791055293, 0.001863379675458327, -0.7361942149438839], [0.005915781364790884, -0.9999785798759002, 0.002800592833973527, 0.09046659406541611], [0.0018799221076269287, -0.0027895155324662697, -0.9999943422319766, -0.0004935063744243481], [0.0, 0.0, 0.0, 1.0]]}, "mean_rme": {"type": "float", "data": 0.0019275894707902444}, "max_rme": {"type": "float", "data": 0.005048440997917902}, "simu": {"type": "float", "data": 0.002}}, {"type": "dict", "image_number": {"type": "int", "data": 7}, "Hcamera2end": {"type": "ndarray", "data": [[0.9999819530816402, 0.005246556202170928, 0.0029269709677093502, -0.013303548585332885], [-0.0029260900195972423, -0.00017557793621492124, 0.9999957035755631, 0.0220115947486021], [0.005247047572260522, -0.9999862213152768, -0.000160222871833815, 0.034485957682691165], [0.0, 0.0, 0.0, 1.0]]}, "Hobj2base": {"type": "ndarray", "data": [[0.9999813972346496, 0.005806236961922922, 0.0018689026137968562, -0.7363467457383999], [0.005802113563815359, -0.9999807382340673, 0.002204232075552202, 0.09003683225090617], [0.001881664909181885, -0.0021933474855351624, -0.9999958242732705, -0.0010026489955162993], [0.0, 0.0, 0.0, 1.0]]}, "mean_rme": {"type": "float", "data": 0.0019260179064450307}, "max_rme": {"type": "float", "data": 0.005612140113499309}, "simu": {"type": "float", "data": 0.002}}, {"type": "dict", "image_number": {"type": "int", "data": 8}, "Hcamera2end": {"type": "ndarray", "data": [[0.9999926141403517, 0.0029531439089574866, 0.002459797918267528, -0.013883335296703315], [-0.0024624985252805895, 0.0009111978920323116, 0.9999965529037661, 0.02197817390454944], [0.0029508923665082887, -0.9999952243183238, 0.0009184632745732335, 0.034438498457586765], [0.0, 0.0, 0.0, 1.0]]}, "Hobj2base": {"type": "ndarray", "data": [[0.9999926347331597, 0.003215859045969215, 0.0020949296002227644, -0.7368261814922932], [0.003212243095410864, -0.999993349231157, 0.0017271328117057503, 0.08990646216813711], [0.002100469883006365, -0.001720390667768036, -0.9999963141343176, -0.0007207317759433465], [0.0, 0.0, 0.0, 1.0]]}, "mean_rme": {"type": "float", "data": 0.0018111705962033278}, "max_rme": {"type": "float", "data": 0.005298135937928716}, "simu": {"type": "float", "data": 0.002}}, {"type": "dict", "image_number": {"type": "int", "data": 9}, "Hcamera2end": {"type": "ndarray", "data": [[0.9999917400586833, 0.0026522611611244774, 0.003079825504782417, -0.014307062275437493], [-0.0030834376904236376, 0.0013589164110424656, 0.9999943228629833, 0.022182339510622616], [0.0026480608784528676, -0.9999955594186007, 0.0013670832685016565, 0.03380415889208749], [0.0, 0.0, 0.0, 1.0]]}, "Hobj2base": {"type": "ndarray", "data": [[0.9999948730082078, 0.002811795954213195, 0.0015322404544392647, -0.7363272346636912], [0.0028085284193524246, -0.999993786515115, 0.0021305162005122147, 0.09019478474176902], [0.0015382215107193464, -0.002126201936511568, -0.9999965565640261, -0.0005938042219838266], [0.0, 0.0, 0.0, 1.0]]}, "mean_rme": {"type": "float", "data": 0.001789296812142213}, "max_rme": {"type": "float", "data": 0.005492491450962311}, "simu": {"type": "float", "data": 0.002}}, {"type": "dict", "image_number": {"type": "int", "data": 10}, "Hcamera2end": {"type": "ndarray", "data": [[0.9999924884035629, 0.0025196821396099136, 0.002945222973784329, -0.015328906029918373], [-0.0029494130091721332, 0.001660825720146586, 0.9999942712940055, 0.022077236229696314], [0.0025147762030253073, -0.999995446419554, 0.0016682448279755624, 0.033400532254901506], [0.0, 0.0, 0.0, 1.0]]}, "Hobj2base": {"type": "ndarray", "data": [[0.9999960382967825, 0.002560666647360304, 0.0011689213236563529, -0.7366637491577323], [0.002558177111222324, -0.99999446722671, 0.002126322138316825, 0.08915497645430939], [0.001174359658460807, -0.0021233234066845704, -0.9999970561842184, -0.000273686905165077], [0.0, 0.0, 0.0, 1.0]]}, "mean_rme": {"type": "float", "data": 0.0018649035047633787}, "max_rme": {"type": "float", "data": 0.00576867643855461}, "simu": {"type": "float", "data": 0.002}}, {"type": "dict", "image_number": {"type": "int", "data": 11}, "Hcamera2end": {"type": "ndarray", "data": [[0.9999928554751056, 0.002573397060434119, 0.0027688673340835754, -0.015476304765664809], [-0.002773139662532223, 0.001658107391647734, 0.9999947801745216, 0.02211200032789537], [0.0025687925483574413, -0.9999953141427448, 0.0016652319347139066, 0.03332472898067358], [0.0, 0.0, 0.0, 1.0]]}, "Hobj2base": {"type": "ndarray", "data": [[0.9999961549747864, 0.0025734828373668, 0.001033064242233761, -0.7367851455903726], [0.002571253316494803, -0.9999943750562226, 0.002153720570896119, 0.08904583201152802], [0.001038600994231165, -0.002151056019927225, -0.9999971471289177, -0.00040708376134756077], [0.0, 0.0, 0.0, 1.0]]}, "mean_rme": {"type": "float", "data": 0.001825148762507593}, "max_rme": {"type": "float", "data": 0.005977370463005505}, "simu": {"type": "float", "data": 0.002}}, {"type": "dict", "image_number": {"type": "int", "data": 12}, "Hcamera2end": {"type": "ndarray", "data": [[0.9999913356682235, 0.002585185420071524, 0.0032627296587693705, -0.016060865626099177], [-0.003266725901017899, 0.001543112535216551, 0.999993473631499, 0.021912658290579867], [0.002580133789163359, -0.9999954677997536, 0.0015515442573482696, 0.033603900530454936], [0.0, 0.0, 0.0, 1.0]]}, "Hobj2base": {"type": "ndarray", "data": [[0.9999961616769182, 0.002598992082550356, 0.0009601414405364485, -0.7367900104344661], [0.0025964821851255857, -0.9999932330979493, 0.0026061539808373236, 0.08878593130650118], [0.0009669083169154694, -0.0026036509874307907, -0.9999961430374826, 3.460367742960657e-05], [0.0, 0.0, 0.0, 1.0]]}, "mean_rme": {"type": "float", "data": 0.0018306715830362379}, "max_rme": {"type": "float", "data": 0.005763373073994271}, "simu": {"type": "float", "data": 0.002}}, {"type": "dict", "image_number": {"type": "int", "data": 13}, "Hcamera2end": {"type": "ndarray", "data": [[0.9999930298046803, 0.0027266028088497813, 0.0025506821006584047, -0.015992534039328276], [-0.002553900505682977, 0.0011775424491539122, 0.9999960454851744, 0.021801898455762584], [0.002723588490010729, -0.9999955895057251, 0.0011844977137454027, 0.03298639217599966], [0.0, 0.0, 0.0, 1.0]]}, "Hobj2base": {"type": "ndarray", "data": [[0.9999949105574096, 0.002941714105092827, 0.0012349807294496909, -0.7359869034002623], [0.002939296974203172, -0.9999937702212833, 0.00195449531104374, 0.08843934889055947], [0.001240722602217862, -0.0019508553886307906, -0.999997327381767, -6.977997190256328e-05], [0.0, 0.0, 0.0, 1.0]]}, "mean_rme": {"type": "float", "data": 0.0017923316438850886}, "max_rme": {"type": "float", "data": 0.0061711685412825235}, "simu": {"type": "float", "data": 0.002}}, {"type": "dict", "image_number": {"type": "int", "data": 14}, "Hcamera2end": {"type": "ndarray", "data": [[0.999993467491538, 0.002871123347492221, 0.002195819886519701, -0.01588173348642389], [-0.00219900290890734, 0.0011059466801802698, 0.9999969706294854, 0.021885759848759012], [0.002868686190082036, -0.9999952667551307, 0.001112253064167179, 0.03283109848253892], [0.0, 0.0, 0.0, 1.0]]}, "Hobj2base": {"type": "ndarray", "data": [[0.9999942316530072, 0.0031422210775730484, 0.0012896152183773989, -0.735770114325223], [0.0031401477722621538, -0.9999937791650968, 0.001606581176134623, 0.08841523932860519], [0.0012946554291285194, -0.001602522326461864, -0.9999978778925047, 1.457384815598777e-05], [0.0, 0.0, 0.0, 1.0]]}, "mean_rme": {"type": "float", "data": 0.0018025880641577973}, "max_rme": {"type": "float", "data": 0.006044095811845673}, "simu": {"type": "float", "data": 0.002}}, {"type": "dict", "image_number": {"type": "int", "data": 15}, "Hcamera2end": {"type": "ndarray", "data": [[0.9999957291909418, 0.0023219117739427322, 0.0017749156573398292, -0.0162940299314856], [-0.0017783153654947472, 0.0014629406632102882, 0.9999973486960234, 0.02255756702157931], [0.002319309021559923, -0.9999962342580744, 0.001467063506654931, 0.03282486851664893], [0.0, 0.0, 0.0, 1.0]]}, "Hobj2base": {"type": "ndarray", "data": [[0.9999962318793914, 0.002427546984795182, 0.0012818902664712968, -0.7358655991412488], [0.0024257812474464107, -0.9999961094299599, 0.001377211052838925, 0.0877708373135646], [0.0012852285237261764, -0.001374096277971884, -0.9999982300219643, -0.0002444914009821941], [0.0, 0.0, 0.0, 1.0]]}, "mean_rme": {"type": "float", "data": 0.0018104821978203354}, "max_rme": {"type": "float", "data": 0.005810314722919152}, "simu": {"type": "float", "data": 0.002}}, {"type": "dict", "image_number": {"type": "int", "data": 16}, "Hcamera2end": {"type": "ndarray", "data": [[0.9999961478445879, 0.002438367401542545, 0.0013261449393229536, -0.016153550165046583], [-0.0013289315480604557, 0.0011415525770908097, 0.9999984653981495, 0.02247545251442258], [0.002436849795446339, -0.9999963756044961, 0.0011447886030185872, 0.03232004359138535], [0.0, 0.0, 0.0, 1.0]]}, "Hobj2base": {"type": "ndarray", "data": [[0.9999952998098869, 0.0026842510187857173, 0.0014816054139256596, -0.7352603559829523], [0.0026827462433579984, -0.9999958845953547, 0.0010166931436786284, 0.0876297185419708], [0.001484328376126568, -0.0010127135936692185, -0.9999983855889216, -0.00041480602256615054], [0.0, 0.0, 0.0, 1.0]]}, "mean_rme": {"type": "float", "data": 0.0017825669764950976}, "max_rme": {"type": "float", "data": 0.006205883233489917}, "simu": {"type": "float", "data": 0.002}}, {"type": "dict", "image_number": {"type": "int", "data": 17}, "Hcamera2end": {"type": "ndarray", "data": [[0.9999963723999463, 0.002437372319403561, 0.0011464742144506363, -0.015977329840433395], [-0.0011489140443442989, 0.0009998438923380926, 0.9999988401536823, 0.022602657200671145], [0.0024362231971852095, -0.9999965297581626, 0.001002640596593385, 0.03266828694065106], [0.0, 0.0, 0.0, 1.0]]}, "Hobj2base": {"type": "ndarray", "data": [[0.9999947135413031, 0.002804771789129708, 0.0016450363698454326, -0.73547772636898], [0.0028034400990308416, -0.9999957412747298, 0.000811268152562765, 0.08772155193724826], [0.001647304786115201, -0.0008066521029035956, -0.9999983178482488, -0.00037180929814971153], [0.0, 0.0, 0.0, 1.0]]}, "mean_rme": {"type": "float", "data": 0.0017982652629195924}, "max_rme": {"type": "float", "data": 0.005830193421302254}, "simu": {"type": "float", "data": 0.002}}, {"type": "dict", "image_number": {"type": "int", "data": 18}, "Hcamera2end": {"type": "ndarray", "data": [[0.9999972800551346, 0.002160723134684711, 0.0008781559473881001, -0.015622275418630791], [-0.0008806026285799442, 0.001131652987117815, 0.9999989719497352, 0.022606705610372604], [0.0021597271455517037, -0.9999970253141016, 0.001133552647556102, 0.03308292314163311], [0.0, 0.0, 0.0, 1.0]]}, "Hobj2base": {"type": "ndarray", "data": [[0.9999957553177506, 0.0024873071374409963, 0.0015174484127815947, -0.7356205181951926], [0.0024862163576084475, -0.9999966499508388, 0.0007202883607735393, 0.08815122097746612], [0.00151923490763558, -0.0007165125983126353, -0.9999985892665009, -0.0006843674169919384], [0.0, 0.0, 0.0, 1.0]]}, "mean_rme": {"type": "float", "data": 0.0018671531406710532}, "max_rme": {"type": "float", "data": 0.00590809831054212}, "simu": {"type": "float", "data": 0.002}}, {"type": "dict", "image_number": {"type": "int", "data": 19}, "Hcamera2end": {"type": "ndarray", "data": [[0.9999976216582331, 0.0020321556105704283, 0.0007918468612227377, -0.015622792801489427], [-0.000794908699862181, 0.001506329829168207, 0.9999985495442506, 0.02250591097281789], [0.0020309598804714455, -0.9999968006518923, 0.0015079416247754107, 0.032991412810082756], [0.0, 0.0, 0.0, 1.0]]}, "Hobj2base": {"type": "ndarray", "data": [[0.9999966899766238, 0.002269468612124743, 0.0012122491553648476, -0.7357182572026072], [0.0022684572330386407, -0.9999970784139818, 0.0008350241205172041, 0.08819967755169446], [0.0012141406747065461, -0.0008322714212031132, -0.9999989165927645, -0.0006235704682197293], [0.0, 0.0, 0.0, 1.0]]}, "mean_rme": {"type": "float", "data": 0.0018202372033007306}, "max_rme": {"type": "float", "data": 0.006026786763712266}, "simu": {"type": "float", "data": 0.002}}, {"type": "dict", "image_number": {"type": "int", "data": 20}, "Hcamera2end": {"type": "ndarray", "data": [[0.9999976641966372, 0.002051230864355727, 0.000681214511624294, -0.016012953859875247], [-0.0006844247839374116, 0.001564751779159268, 0.9999985415562289, 0.022349282253593575], [0.0020501619411317966, -0.9999966719963675, 0.001566152037448032, 0.032911135374427455], [0.0, 0.0, 0.0, 1.0]]}, "Hobj2base": {"type": "ndarray", "data": [[0.999996655923103, 0.0022986657996905808, 0.0011850224269185762, -0.7355418227582252], [0.002297828570587876, -0.9999971097894913, 0.0007073871101926321, 0.0877763038909911], [0.0011866450485116468, -0.0007046617662463788, -0.9999990476622083, -0.00045328195561545324], [0.0, 0.0, 0.0, 1.0]]}, "mean_rme": {"type": "float", "data": 0.0018624734899485929}, "max_rme": {"type": "float", "data": 0.006128287098780716}, "simu": {"type": "float", "data": 0.002}}, {"type": "dict", "image_number": {"type": "int", "data": 21}, "Hcamera2end": {"type": "ndarray", "data": [[0.9999976889417118, 0.002004506881430808, 0.0007772151553957777, -0.015855748374458675], [-0.0007807628712630489, 0.001769694807940314, 0.9999981292930632, 0.022195954469370546], [0.0020031276979607235, -0.9999964250598347, 0.001771255762620716, 0.03251052563880957], [0.0, 0.0, 0.0, 1.0]]}, "Hobj2base": {"type": "ndarray", "data": [[0.9999968854970477, 0.002227844702926209, 0.0011250351924265076, -0.7351999559018614], [0.002226773227870696, -0.9999970668711728, 0.0009527486775531493, 0.08789291573623562], [0.0011271544686478599, -0.0009502405119676726, -0.999998913282296, -0.00013641245930975536], [0.0, 0.0, 0.0, 1.0]]}, "mean_rme": {"type": "float", "data": 0.0018810501382366467}, "max_rme": {"type": "float", "data": 0.006069946986331398}, "simu": {"type": "float", "data": 0.002}}, {"type": "dict", "image_number": {"type": "int", "data": 22}, "Hcamera2end": {"type": "ndarray", "data": [[0.9999966711747379, 0.0024717149448567235, 0.0007404489681824027, -0.015867896926891514], [-0.0007445962493584536, 0.0016773979148855256, 0.999998315954912, 0.02220027157482173], [0.0024704687548220043, -0.9999955384707804, 0.0016792327607983992, 0.03253399224314736], [0.0, 0.0, 0.0, 1.0]]}, "Hobj2base": {"type": "ndarray", "data": [[0.9999962546571205, 0.0026026862017475122, 0.0008465791555517982, -0.7352749789744955], [0.002601972458349725, -0.9999962594515543, 0.0008431027368212443, 0.08775615133506694], [0.0008487703207412342, -0.0008408968034658536, -0.9999992862404992, -5.30227838541922e-05], [0.0, 0.0, 0.0, 1.0]]}, "mean_rme": {"type": "float", "data": 0.0018272004557352167}, "max_rme": {"type": "float", "data": 0.006052607158077039}, "simu": {"type": "float", "data": 0.002}}, {"type": "dict", "image_number": {"type": "int", "data": 23}, "Hcamera2end": {"type": "ndarray", "data": [[0.9999967288758063, 0.002443753264012368, 0.0007551871766445047, -0.015935120123063355], [-0.0007592606899783452, 0.0016664104275135871, 0.9999983232983403, 0.02224471272358678], [0.002442490714781329, -0.999995625563568, 0.0016682604222675312, 0.03243482759753891], [0.0, 0.0, 0.0, 1.0]]}, "Hobj2base": {"type": "ndarray", "data": [[0.9999962905695273, 0.0025926357719287534, 0.0008349173250507904, -0.7351929052345257], [0.0025919241710731706, -0.9999962777856644, 0.0008522581226893198, 0.08773971577360944], [0.0008371238122053552, -0.000850090918901422, -0.9999992882843229, -0.00016763486894969345], [0.0, 0.0, 0.0, 1.0]]}, "mean_rme": {"type": "float", "data": 0.0017918175213073083}, "max_rme": {"type": "float", "data": 0.006192581391303353}, "simu": {"type": "float", "data": 0.002}}, {"type": "dict", "image_number": {"type": "int", "data": 24}, "Hcamera2end": {"type": "ndarray", "data": [[0.999996930995372, 0.002364469527705568, 0.0007397862459641894, -0.015997885222020794], [-0.0007432121912394628, 0.0014483775708756808, 0.9999986749181476, 0.022107182534276366], [0.0023633949047840094, -0.9999961557357432, 0.00145013042837705, 0.03280974713251015], [0.0, 0.0, 0.0, 1.0]]}, "Hobj2base": {"type": "ndarray", "data": [[0.9999959777676978, 0.002638803931859226, 0.001039789514953732, -0.7354176970908853], [0.002637856768021712, -0.9999961056693139, 0.0009112397475289208, 0.08765088041398149], [0.0010421900486981626, -0.0009084932665016344, -0.9999990442394866, -7.568171098011843e-05], [0.0, 0.0, 0.0, 1.0]]}, "mean_rme": {"type": "float", "data": 0.0017733839721174925}, "max_rme": {"type": "float", "data": 0.006040720144045719}, "simu": {"type": "float", "data": 0.002}}, {"type": "dict", "image_number": {"type": "int", "data": 25}, "Hcamera2end": {"type": "ndarray", "data": [[0.9999968670429582, 0.002377524664906376, 0.0007831224271555902, -0.015922175967979707], [-0.0007868679682552147, 0.0015748688232548602, 0.9999984503122941, 0.021864355304008], [0.002376287665390314, -0.9999959335740605, 0.00157673468726105, 0.032317932172056835], [0.0, 0.0, 0.0, 1.0]]}, "Hobj2base": {"type": "ndarray", "data": [[0.9999961271806913, 0.0026205826369526584, 0.000937107390594661, -0.7350834091765496], [0.002619596228135734, -0.999996015189619, 0.00105229296533024, 0.08760275896996296], [0.0009398612770733347, -0.0010498340470039657, -0.999999007254134, 0.0003200563660479094], [0.0, 0.0, 0.0, 1.0]]}, "mean_rme": {"type": "float", "data": 0.0018029154847040909}, "max_rme": {"type": "float", "data": 0.006059916646963093}, "simu": {"type": "float", "data": 0.002}}, {"type": "dict", "image_number": {"type": "int", "data": 26}, "Hcamera2end": {"type": "ndarray", "data": [[0.9999955928437773, 0.0028529270802193944, 0.0008216447514032049, -0.01583846772503044], [-0.0008258474133045414, 0.00147223983987399, 0.9999985752419371, 0.021454932958545444], [0.002851713357351294, -0.999994846645186, 0.0014745894339325272, 0.03240296295618661], [0.0, 0.0, 0.0, 1.0]]}, "Hobj2base": {"type": "ndarray", "data": [[0.9999951252007917, 0.0030473374450676063, 0.0006806681634975565, -0.7351487259450865], [0.0030466174856620663, -0.9999948011955475, 0.001056268797524847, 0.0878107910863537], [0.0006838834322956316, -0.0010541899128977037, -0.9999992104932274, 0.0005474041293758447], [0.0, 0.0, 0.0, 1.0]]}, "mean_rme": {"type": "float", "data": 0.0018066289272497004}, "max_rme": {"type": "float", "data": 0.006202070665452475}, "simu": {"type": "float", "data": 0.002}}, {"type": "dict", "image_number": {"type": "int", "data": 27}, "Hcamera2end": {"type": "ndarray", "data": [[0.9999957204001259, 0.002800186716724186, 0.0008474289261666421, -0.015936989659514733], [-0.0008511309407000342, 0.0013211328047294524, 0.9999987650913549, 0.021297434156348053], [0.0027990636925953652, -0.9999952067697446, 0.0013235104763640315, 0.032706986046986325], [0.0, 0.0, 0.0, 1.0]]}, "Hobj2base": {"type": "ndarray", "data": [[0.9999949527916924, 0.00307356260775866, 0.0008047384899015987, -0.7353488067950091], [0.0030726474870979626, -0.9999946342212889, 0.001135942802889356, 0.08770337226482479], [0.0008082255631764547, -0.001133464391850637, -0.9999990310144866, 0.0006472471210911977], [0.0, 0.0, 0.0, 1.0]]}, "mean_rme": {"type": "float", "data": 0.001798450357264161}, "max_rme": {"type": "float", "data": 0.006114450856799403}, "simu": {"type": "float", "data": 0.002}}, {"type": "dict", "image_number": {"type": "int", "data": 28}, "Hcamera2end": {"type": "ndarray", "data": [[0.9999956276159833, 0.0028853673703629723, 0.000647614124145946, -0.015631770937773733], [-0.0006513366854000637, 0.0012893987488247216, 0.9999989566051504, 0.021359016370770822], [0.0028845293269441226, -0.9999950060405327, 0.0012912724566974676, 0.03269952708890263], [0.0, 0.0, 0.0, 1.0]]}, "Hobj2base": {"type": "ndarray", "data": [[0.999994561420144, 0.0031901948409928985, 0.0008365327312133778, -0.735395133892512], [0.003189403907326445, -0.999994467204514, 0.0009451259576359955, 0.08786169936399708], [0.0008395432388029976, -0.0009424527767314624, -0.9999992034746397, 0.0005546322100128517], [0.0, 0.0, 0.0, 1.0]]}, "mean_rme": {"type": "float", "data": 0.0018022866014195118}, "max_rme": {"type": "float", "data": 0.006074141548168932}, "simu": {"type": "float", "data": 0.002}}, {"type": "dict", "image_number": {"type": "int", "data": 29}, "Hcamera2end": {"type": "ndarray", "data": [[0.9999955361409574, 0.0029212119756593415, 0.0006278684196657214, -0.01565713492821045], [-0.0006314506400891665, 0.0012255181815047367, 0.9999990496871864, 0.021253146053746702], [0.002920439735430277, -0.9999949823003014, 0.0012273573121361903, 0.032920929792250246], [0.0, 0.0, 0.0, 1.0]]}, "Hobj2base": {"type": "ndarray", "data": [[0.9999943945603963, 0.003232128360330435, 0.000874181931124355, -0.735585442076547], [0.0032313033999988995, -0.999994334259205, 0.000943465858439302, 0.08778870758954341], [0.0008772263809941911, -0.0009406358228521547, -0.9999991728387203, 0.00063284146393345], [0.0, 0.0, 0.0, 1.0]]}, "mean_rme": {"type": "float", "data": 0.0017938402414178004}, "max_rme": {"type": "float", "data": 0.0059949223774686256}, "simu": {"type": "float", "data": 0.002}}, {"type": "dict", "image_number": {"type": "int", "data": 30}, "Hcamera2end": {"type": "ndarray", "data": [[0.9999956801870662, 0.0028861866604230923, 0.0005563575900612585, -0.015772638288584953], [-0.0005597001909009008, 0.001157459047371634, 0.9999991735117838, 0.021218292410753993], [0.0028855403138976364, -0.9999951650958697, 0.0011590694465898332, 0.03282305911373382], [0.0, 0.0, 0.0, 1.0]]}, "Hobj2base": {"type": "ndarray", "data": [[0.9999942609610117, 0.0032576246720893735, 0.0009305517372805997, -0.7354214075700447], [0.0032567750568718848, -0.9999942798306478, 0.0009130839024476865, 0.08767086736484789], [0.0009335208990153726, -0.0009100480645364666, -0.9999991501752645, 0.0006376467322928792], [0.0, 0.0, 0.0, 1.0]]}, "mean_rme": {"type": "float", "data": 0.0017887789672831622}, "max_rme": {"type": "float", "data": 0.006082656679979259}, "simu": {"type": "float", "data": 0.002}}]}