{"type": "list", "data": [{"type": "dict", "image_number": {"type": "int", "data": 5}, "Hcamera2end": {"type": "ndarray", "data": [[0.9999784332402737, -0.00042369377632050197, -0.006553894865750764, -0.012784208106995881], [0.006554366357767504, 0.0011211708580085578, 0.9999778913843823, 0.03245205849915415], [-0.0004163363731077294, -0.9999992817294877, 0.0011239237222195886, 0.028702202900584478], [0.0, 0.0, 0.0, 1.0]]}, "Hobj2base": {"type": "ndarray", "data": [[0.9999997698617935, -0.00048692205496222437, 0.00047242276883152623, -0.730184142576017], [-0.0004869421489776628, -0.9999998805439416, 4.241988015236631e-05, 0.08882160193997057], [0.0004724020572225493, -4.264991294821197e-05, -0.9999998875086344, 0.0005031684824980065], [0.0, 0.0, 0.0, 1.0]]}, "mean_rme": {"type": "float", "data": 0.001153643210792462}, "max_rme": {"type": "float", "data": 0.0031220792825280563}, "simu": {"type": "float", "data": 0.002}}, {"type": "dict", "image_number": {"type": "int", "data": 6}, "Hcamera2end": {"type": "ndarray", "data": [[0.9999916304608596, -0.0015206106695738156, -0.003798256366182043, -0.01328907977250848], [0.0038058959802709067, 0.005053076057130013, 0.9999799905888861, 0.03265042104492946], [-0.0015013873647469862, -0.9999860769858514, 0.005058821051247109, 0.029271409393327213], [0.0, 0.0, 0.0, 1.0]]}, "Hobj2base": {"type": "ndarray", "data": [[0.9999905942588901, -0.003199404220385516, -0.0029283453325096194, -0.7326811911098225], [-0.00319213953060637, -0.9999918245842145, 0.0024821381811418884, 0.09020467155674532], [-0.0029362627554412888, -0.002472767147897587, -0.9999926318646868, 0.0014282807789833634], [0.0, 0.0, 0.0, 1.0]]}, "mean_rme": {"type": "float", "data": 0.0012503322212341875}, "max_rme": {"type": "float", "data": 0.00325527650885038}, "simu": {"type": "float", "data": 0.002}}, {"type": "dict", "image_number": {"type": "int", "data": 7}, "Hcamera2end": {"type": "ndarray", "data": [[0.999993172025439, -0.00023009382949015192, -0.003688218991642408, -0.014620197249581033], [0.003688793425140947, 0.002548150886893863, 0.999989949814559, 0.03343222374918952], [-0.00022069337850988478, -0.9999967269865873, 0.002548982256789789, 0.03127486590747714], [0.0, 0.0, 0.0, 1.0]]}, "Hobj2base": {"type": "ndarray", "data": [[0.9999984011843421, -0.0011289470703186712, -0.0013867614329265351, -0.7340601565100988], [-0.0011268767371012602, -0.9999982508440384, 0.0014928019570861182, 0.08910552534906077], [-0.001388444301660526, -0.0014912368611723012, -0.9999979242153683, 0.0010322055844448977], [0.0, 0.0, 0.0, 1.0]]}, "mean_rme": {"type": "float", "data": 0.001502846240853867}, "max_rme": {"type": "float", "data": 0.0037508269117600967}, "simu": {"type": "float", "data": 0.002}}, {"type": "dict", "image_number": {"type": "int", "data": 8}, "Hcamera2end": {"type": "ndarray", "data": [[0.999994424351045, -0.0006449220280455429, -0.0032764832366182594, -0.014293139402882382], [0.0032786825144846417, 0.003439151766043147, 0.9999887111743309, 0.03360664284289223], [-0.000633646424523572, -0.9999938781366153, 0.0034412470851167276, 0.03004881969416956], [0.0, 0.0, 0.0, 1.0]]}, "Hobj2base": {"type": "ndarray", "data": [[0.999996104406071, -0.0019011318515231121, -0.0020437393095769545, -0.7332929477519895], [-0.0018975856267297341, -0.9999966932413953, 0.0017357059267264668, 0.08986462026273351], [-0.0020470323572465837, -0.0017318209947823602, -0.9999964052208241, 0.0007402669332505288], [0.0, 0.0, 0.0, 1.0]]}, "mean_rme": {"type": "float", "data": 0.001468169951235474}, "max_rme": {"type": "float", "data": 0.0035735973578950864}, "simu": {"type": "float", "data": 0.002}}, {"type": "dict", "image_number": {"type": "int", "data": 9}, "Hcamera2end": {"type": "ndarray", "data": [[0.9999939260722882, -0.0010479743008003702, -0.0033240891076991787, -0.014087769244437512], [0.0033282667101694093, 0.004010142161311792, 0.999986420608076, 0.033793161754023276], [-0.0010346300000678723, -0.9999914102179632, 0.0040136057419766225, 0.02985013640946384], [0.0, 0.0, 0.0, 1.0]]}, "Hobj2base": {"type": "ndarray", "data": [[0.9999942796431699, -0.00245132242868359, -0.0023306006282488904, -0.7333045780579204], [-0.0024476182170723353, -0.999995739081512, 0.0015909066233151653, 0.09017392548166858], [-0.002334490522837259, -0.0015851931022071743, -0.9999960186504881, 0.0007522380797590119], [0.0, 0.0, 0.0, 1.0]]}, "mean_rme": {"type": "float", "data": 0.0014225909244163428}, "max_rme": {"type": "float", "data": 0.003750269273328777}, "simu": {"type": "float", "data": 0.002}}, {"type": "dict", "image_number": {"type": "int", "data": 10}, "Hcamera2end": {"type": "ndarray", "data": [[0.9999943463754855, -0.0012230633577440648, -0.0031323047566704735, -0.014238469797961626], [0.0031374635859857517, 0.004239070330296357, 0.9999860932057909, 0.03378769845219143], [-0.0012097682886941978, -0.9999902671520144, 0.00424288368093273, 0.029678053644043766], [0.0, 0.0, 0.0, 1.0]]}, "Hobj2base": {"type": "ndarray", "data": [[0.9999932096931624, -0.002692933998878187, -0.002515685601312365, -0.7332266320229917], [-0.0026892215021038887, -0.9999952918522472, 0.001477958406391399, 0.09019668663460265], [-0.0025196538015343543, -0.001471183134788744, -0.999995743473393, 0.0006597832511819057], [0.0, 0.0, 0.0, 1.0]]}, "mean_rme": {"type": "float", "data": 0.001330056346638994}, "max_rme": {"type": "float", "data": 0.0037344428555419196}, "simu": {"type": "float", "data": 0.002}}, {"type": "dict", "image_number": {"type": "int", "data": 11}, "Hcamera2end": {"type": "ndarray", "data": [[0.999995922769071, -0.000466340355058529, -0.0028172631945422863, -0.014047664509865988], [0.002819352985563265, 0.004542958812080555, 0.9999857062848321, 0.03388245629225191], [-0.0004535349786667269, -0.9999895719715806, 0.004544255067460701, 0.029418927575765554], [0.0, 0.0, 0.0, 1.0]]}, "Hobj2base": {"type": "ndarray", "data": [[0.9999929889199448, -0.0021454293368558587, -0.003069078675370826, -0.7335583622607963], [-0.002140733942874067, -0.9999965345422557, 0.0015323712558663112, 0.09043780696127218], [-0.0030723556338556513, -0.0015257904313950449, -0.9999941162799004, 0.0006828556974179238], [0.0, 0.0, 0.0, 1.0]]}, "mean_rme": {"type": "float", "data": 0.0014444790286216144}, "max_rme": {"type": "float", "data": 0.0041506958999952825}, "simu": {"type": "float", "data": 0.002}}, {"type": "dict", "image_number": {"type": "int", "data": 12}, "Hcamera2end": {"type": "ndarray", "data": [[0.9999959301928844, -0.000535295711815221, -0.002802330488891358, -0.013980479908253528], [0.002804798810379391, 0.004667427342294417, 0.9999851740029136, 0.033723821718961156], [-0.0005222081015765611, -0.9999889642293583, 0.004668909743541172, 0.029536554308060042], [0.0, 0.0, 0.0, 1.0]]}, "Hobj2base": {"type": "ndarray", "data": [[0.9999922774335913, -0.002285910502277886, -0.0031968244172875483, -0.7337748770796546], [-0.0022815459737412524, -0.9999964612121659, 0.0013682511153884733, 0.09031061190833162], [-0.0031999408039986126, -0.0013609468471003506, -0.9999939540829885, 0.0008072038314163957], [0.0, 0.0, 0.0, 1.0]]}, "mean_rme": {"type": "float", "data": 0.001483250758238691}, "max_rme": {"type": "float", "data": 0.004043620069674292}, "simu": {"type": "float", "data": 0.002}}, {"type": "dict", "image_number": {"type": "int", "data": 13}, "Hcamera2end": {"type": "ndarray", "data": [[0.9999966606626015, 0.0006588283981065952, -0.0024989215248960254, -0.013687850950134077], [0.0024963471841074384, 0.0038797403228899574, 0.9999893578762546, 0.034599581031174026], [0.000668516553377133, -0.9999922567501058, 0.003878082702711616, 0.029594709116532253], [0.0, 0.0, 0.0, 1.0]]}, "Hobj2base": {"type": "ndarray", "data": [[0.9999944287291632, -0.0008141447199389709, -0.0032372332337158465, -0.733339382432046], [-0.0008109444780776274, -0.9999991813688882, 0.0009897629046607787, 0.08953463382739496], [-0.003238036393858825, -0.0009871321740084415, -0.9999942703287772, 6.91978864754737e-06], [0.0, 0.0, 0.0, 1.0]]}, "mean_rme": {"type": "float", "data": 0.0015299244766641441}, "max_rme": {"type": "float", "data": 0.0045670111800179825}, "simu": {"type": "float", "data": 0.002}}, {"type": "dict", "image_number": {"type": "int", "data": 14}, "Hcamera2end": {"type": "ndarray", "data": [[0.9999969220240583, 0.0011103647222090974, -0.002218790795236143, -0.014624993700956684], [0.0022152104619844485, 0.003215374077948696, 0.9999923770770196, 0.034866844569583805], [0.0011174905003917333, -0.9999942142131237, 0.003212904489555357, 0.02990421686326586], [0.0, 0.0, 0.0, 1.0]]}, "Hobj2base": {"type": "ndarray", "data": [[0.99999616745145, -0.00011149676964210388, -0.00276634250985924, -0.7337361914392139], [-0.00010897269347729561, -0.999999577681753, 0.0009125575418912335, 0.08864580911992727], [-0.002766443088800355, -0.0009122525886757695, -0.999995757284925, -2.0033493263924402e-05], [0.0, 0.0, 0.0, 1.0]]}, "mean_rme": {"type": "float", "data": 0.0015040116095484106}, "max_rme": {"type": "float", "data": 0.004555224671471847}, "simu": {"type": "float", "data": 0.002}}, {"type": "dict", "image_number": {"type": "int", "data": 15}, "Hcamera2end": {"type": "ndarray", "data": [[0.9999970923000301, 0.0011454526647600733, -0.002122105011036035, -0.014864797947038155], [0.0021183440983708448, 0.0032746293281035177, 0.9999923946816016, 0.034939003920909366], [0.001152393060534302, -0.999993982352372, 0.00327219334357165, 0.02981312995102605], [0.0, 0.0, 0.0, 1.0]]}, "Hobj2base": {"type": "ndarray", "data": [[0.9999959965721752, -0.00010399897903782159, -0.0028277241439920342, -0.7335368007967006], [-0.00010142280032910383, -0.9999995797400649, 0.0009111712846702929, 0.08852203491210033], [-0.002827817716496202, -0.0009108808411605767, -0.9999955868617902, -0.00012481938725248388], [0.0, 0.0, 0.0, 1.0]]}, "mean_rme": {"type": "float", "data": 0.0015094360196556236}, "max_rme": {"type": "float", "data": 0.004619341121817944}, "simu": {"type": "float", "data": 0.002}}, {"type": "dict", "image_number": {"type": "int", "data": 16}, "Hcamera2end": {"type": "ndarray", "data": [[0.9999965110424952, 0.0015324384556683838, -0.0021516354747821223, -0.015120378317127817], [0.0021476526984772447, 0.0025959004082087844, 0.9999943244283727, 0.03532563111546777], [0.0015380151896114676, -0.9999954564564033, 0.002592600205638007, 0.030813525857764645], [0.0, 0.0, 0.0, 1.0]]}, "Hobj2base": {"type": "ndarray", "data": [[0.9999968635061192, 0.00047686890890639126, -0.0024587748916702445, -0.7342814139298725], [0.0004782179150841076, -0.9999997354519021, 0.0005480910064114239, 0.08826454439403071], [-0.0024585128736458154, -0.0005492651175296918, -0.9999968270061064, -0.0007026855365040198], [0.0, 0.0, 0.0, 1.0]]}, "mean_rme": {"type": "float", "data": 0.0015617380098762563}, "max_rme": {"type": "float", "data": 0.004690851302553034}, "simu": {"type": "float", "data": 0.002}}, {"type": "dict", "image_number": {"type": "int", "data": 17}, "Hcamera2end": {"type": "ndarray", "data": [[0.999996838344685, 0.0014043669312254203, -0.002085918060822564, -0.015181164844546652], [0.0020822195098781026, 0.002629938437895496, 0.9999943738770363, 0.035336711644602885], [0.0014098448661708368, -0.9999955555787914, 0.0026270059227133657, 0.03083731058752364], [0.0, 0.0, 0.0, 1.0]]}, "Hobj2base": {"type": "ndarray", "data": [[0.9999969350705453, 0.0003309067091575534, -0.0024536402069851243, -0.7342462389695905], [0.0003322552003110434, -0.9999997939925007, 0.0005492007264013363, 0.08826306586043892], [-0.002453457967311801, -0.0005500142778583166, -0.9999968390091525, -0.0006626546653794617], [0.0, 0.0, 0.0, 1.0]]}, "mean_rme": {"type": "float", "data": 0.001502475781337364}, "max_rme": {"type": "float", "data": 0.004694128143803572}, "simu": {"type": "float", "data": 0.002}}, {"type": "dict", "image_number": {"type": "int", "data": 18}, "Hcamera2end": {"type": "ndarray", "data": [[0.9999969043711322, 0.0013388452641654681, -0.0020973176944232095, -0.015025433074959071], [0.002093638360971332, 0.0027436509100383644, 0.9999940445113146, 0.035182852213575755], [0.0013445915982885897, -0.999995339925663, 0.0027408393589090085, 0.0309166843211887], [0.0, 0.0, 0.0, 1.0]]}, "Hobj2base": {"type": "ndarray", "data": [[0.9999969076818935, 0.00023428144846692942, -0.002475830942010447, -0.7344492520366143], [0.00023539813517052164, -0.9999998707045634, 0.00045075334113587115, 0.08826083034061022], [-0.002475725018751142, -0.00045133475324989953, -0.9999968335362728, -0.0006142146563760201], [0.0, 0.0, 0.0, 1.0]]}, "mean_rme": {"type": "float", "data": 0.0015479985703461794}, "max_rme": {"type": "float", "data": 0.00454866168703838}, "simu": {"type": "float", "data": 0.002}}, {"type": "dict", "image_number": {"type": "int", "data": 19}, "Hcamera2end": {"type": "ndarray", "data": [[0.9999969099631434, 0.0011844463246989093, -0.002185669478376955, -0.014287480851708483], [0.0021828729323122033, 0.0023572292646546478, 0.9999948392546609, 0.035444287315306536], [0.0011895923361303525, -0.9999965202724945, 0.002354636484907413, 0.031215819368977143], [0.0, 0.0, 0.0, 1.0]]}, "Hobj2base": {"type": "ndarray", "data": [[0.9999976485368561, 0.00024715650280448045, -0.002154491685163704, -0.7342122538530019], [0.0002476096762591445, -0.9999999472790284, 0.0002100747211437021, 0.08888442620353017], [-0.0021544396502434036, -0.00021060770014940427, -0.9999976570143501, -0.0009871411078637223], [0.0, 0.0, 0.0, 1.0]]}, "mean_rme": {"type": "float", "data": 0.0016843902362225778}, "max_rme": {"type": "float", "data": 0.004427432708106194}, "simu": {"type": "float", "data": 0.002}}, {"type": "dict", "image_number": {"type": "int", "data": 20}, "Hcamera2end": {"type": "ndarray", "data": [[0.9999969703632322, 0.0012068028743452476, -0.0021454349627375337, -0.014201050051824876], [0.0021424798008319356, 0.002444738494409182, 0.9999947165030407, 0.035425747530960214], [0.0012120415256465864, -0.9999962834333518, 0.0024421455369576517, 0.03127560460042464], [0.0, 0.0, 0.0, 1.0]]}, "Hobj2base": {"type": "ndarray", "data": [[0.9999975377531982, 0.00024142259925776625, -0.0022059471139089545, -0.734331047421496], [0.00024180464681174745, -0.9999999558137718, 0.00017292474348626664, 0.08893059108796372], [-0.0022059052684954236, -0.00017345772596563422, -0.999997551944185, -0.0008576343205733943], [0.0, 0.0, 0.0, 1.0]]}, "mean_rme": {"type": "float", "data": 0.0016811492509513938}, "max_rme": {"type": "float", "data": 0.004479134815121966}, "simu": {"type": "float", "data": 0.002}}, {"type": "dict", "image_number": {"type": "int", "data": 21}, "Hcamera2end": {"type": "ndarray", "data": [[0.9999969790027512, 0.0012223820950068504, -0.002132549503512184, -0.014270168802354342], [0.0021296090533862028, 0.002401783348380482, 0.9999948480877425, 0.03549188243460165], [0.0012274977192886843, -0.9999963686027871, 0.0023991728966233916, 0.031189814811968575], [0.0, 0.0, 0.0, 1.0]]}, "Hobj2base": {"type": "ndarray", "data": [[0.9999975321755324, 0.00025061102795837653, -0.002207450329580422, -0.7342282947240313], [0.00025108359745509373, -0.9999999456222639, 0.00021380480811182182, 0.08895560996555185], [-0.002207396627701528, -0.00021435853504903958, -0.999997540722249, -0.0009342006945732258], [0.0, 0.0, 0.0, 1.0]]}, "mean_rme": {"type": "float", "data": 0.001664190265621527}, "max_rme": {"type": "float", "data": 0.004482405222534291}, "simu": {"type": "float", "data": 0.002}}, {"type": "dict", "image_number": {"type": "int", "data": 22}, "Hcamera2end": {"type": "ndarray", "data": [[0.9999967902782344, 0.001473332067804181, -0.0020612437621158985, -0.014332655991125081], [0.0020578709595810646, 0.002287096222779894, 0.9999952671677911, 0.034832955295095565], [0.00147803935759328, -0.9999962992348953, 0.002284056954561131, 0.03117157641917702], [0.0, 0.0, 0.0, 1.0]]}, "Hobj2base": {"type": "ndarray", "data": [[0.9999972135995381, 0.0005408592764118259, -0.0022978825911807435, -0.7342892229712134], [0.000541205495179664, -0.9999998422908734, 0.0001500494639561566, 0.08919422109725975], [-0.0022978010731391843, -0.0001512926725438856, -0.9999973486068634, -0.0003423569323299463], [0.0, 0.0, 0.0, 1.0]]}, "mean_rme": {"type": "float", "data": 0.0016265483832518103}, "max_rme": {"type": "float", "data": 0.004779522796490326}, "simu": {"type": "float", "data": 0.002}}, {"type": "dict", "image_number": {"type": "int", "data": 23}, "Hcamera2end": {"type": "ndarray", "data": [[0.9999960204125966, 0.002034081275477193, -0.001954909802121496, -0.014094267990131444], [0.0019502721752971595, 0.0022794524328514365, 0.9999955002574002, 0.03628621779183308], [0.002038528246539477, -0.9999953332940962, 0.0022754763494573504, 0.03115814366063824], [0.0, 0.0, 0.0, 1.0]]}, "Hobj2base": {"type": "ndarray", "data": [[0.9999961099218933, 0.0010869676468310539, -0.00256878228263869, -0.7342766592890768], [0.0010879445143043994, -0.9999993363989057, 0.0003789175142275585, 0.08849622736406468], [-0.0025683687069131722, -0.00038171073280167123, -0.9999966288838691, -0.0017288688285061785], [0.0, 0.0, 0.0, 1.0]]}, "mean_rme": {"type": "float", "data": 0.0016936059516708289}, "max_rme": {"type": "float", "data": 0.004652365700109379}, "simu": {"type": "float", "data": 0.002}}, {"type": "dict", "image_number": {"type": "int", "data": 24}, "Hcamera2end": {"type": "ndarray", "data": [[0.999996682543625, 0.0017535546059937199, -0.001886782443332581, -0.014249680612921565], [0.0018827664917058322, 0.0022890136816992035, 0.9999956077937053, 0.03634017861111952], [0.0017578657748473193, -0.9999958427226627, 0.0022857045541426757, 0.03120139946071848], [0.0, 0.0, 0.0, 1.0]]}, "Hobj2base": {"type": "ndarray", "data": [[0.9999965741684415, 0.0008223495780055273, -0.0024850337125329517, -0.7341392674752282], [0.0008233404008177857, -0.9999995819648697, 0.0003977193358617911, 0.08845105488403576], [-0.0024847056093735497, -0.0003997640019952614, -0.9999968332083744, -0.001706574488230345], [0.0, 0.0, 0.0, 1.0]]}, "mean_rme": {"type": "float", "data": 0.001689840740611785}, "max_rme": {"type": "float", "data": 0.004687499722649341}, "simu": {"type": "float", "data": 0.002}}, {"type": "dict", "image_number": {"type": "int", "data": 25}, "Hcamera2end": {"type": "ndarray", "data": [[0.999996778746306, 0.0017638818860818627, -0.0018251623772836908, -0.014208379423825086], [0.0018209928605720574, 0.002362552029601672, 0.9999955511565586, 0.03636365180265595], [0.0017681860799263062, -0.9999956535248538, 0.00235933240290076, 0.03119739643135846], [0.0, 0.0, 0.0, 1.0]]}, "Hobj2base": {"type": "ndarray", "data": [[0.9999964083636801, 0.0008179800372908812, -0.002552286895805922, -0.7341907133201809], [0.0008189838250654412, -0.9999995876950991, 0.0003922692003519601, 0.08850625883710289], [-0.002551964975110395, -0.0003943580731482445, -0.99999666597268, -0.0016701102733355567], [0.0, 0.0, 0.0, 1.0]]}, "mean_rme": {"type": "float", "data": 0.0016592721600867824}, "max_rme": {"type": "float", "data": 0.004680855885623614}, "simu": {"type": "float", "data": 0.002}}, {"type": "dict", "image_number": {"type": "int", "data": 26}, "Hcamera2end": {"type": "ndarray", "data": [[0.9999961462233935, 0.001841528178961988, -0.002077573663531713, -0.01421810605011159], [0.0020736295614187774, 0.002141082975366193, 0.9999955579022012, 0.03661802365949134], [0.0018459682563147747, -0.9999960122608783, 0.0021372560768405657, 0.03148720910783807], [0.0, 0.0, 0.0, 1.0]]}, "Hobj2base": {"type": "ndarray", "data": [[0.9999964475286465, 0.0009288530844117367, -0.0024984319151316694, -0.7344240159780653], [0.0009290493637913597, -0.9999995654380425, 7.74015899395524e-05, 0.0883996479317206], [-0.0024983589347026517, -7.972248155385051e-05, -0.9999968759185998, -0.0018187664333188908], [0.0, 0.0, 0.0, 1.0]]}, "mean_rme": {"type": "float", "data": 0.0016735830536320482}, "max_rme": {"type": "float", "data": 0.004817260992549421}, "simu": {"type": "float", "data": 0.002}}, {"type": "dict", "image_number": {"type": "int", "data": 27}, "Hcamera2end": {"type": "ndarray", "data": [[0.9999964119665918, 0.0016994558562307405, -0.002070725412773633, -0.014090132396906038], [0.0020667692112704703, 0.002326386445337336, 0.9999951581838457, 0.03653684186587251], [0.0017042649353102145, -0.9999958498793381, 0.0023228657151455057, 0.031442330097260225], [0.0, 0.0, 0.0, 1.0]]}, "Hobj2base": {"type": "ndarray", "data": [[0.9999965615330489, 0.0007483130229425664, -0.00251335427241374, -0.7345459820052691], [0.0007481811972648646, -0.9999997186871672, -5.338991221345245e-05, 0.08843122284959092], [-0.0025133935177415324, 5.150928422531852e-05, -0.9999968400949169, -0.0019144052745352811], [0.0, 0.0, 0.0, 1.0]]}, "mean_rme": {"type": "float", "data": 0.0017443795258155657}, "max_rme": {"type": "float", "data": 0.004612289302290629}, "simu": {"type": "float", "data": 0.002}}, {"type": "dict", "image_number": {"type": "int", "data": 28}, "Hcamera2end": {"type": "ndarray", "data": [[0.999996757888428, 0.0014536525405954427, -0.0020907192360111685, -0.014284993540572912], [0.0020871953956660767, 0.002421434179608717, 0.9999948901228916, 0.03657714596101607], [0.0014587076516276447, -0.9999960117674495, 0.002418392272159342, 0.031316386580791965], [0.0, 0.0, 0.0, 1.0]]}, "Hobj2base": {"type": "ndarray", "data": [[0.9999967403832305, 0.0004818290924614311, -0.0025074017706775325, -0.7343941547685545], [0.0004816283670183726, -0.9999998807643262, -8.065636632664375e-05, 0.08828898717371289], [-0.002507440334289581, 7.94484675975291e-05, -0.9999968532105044, -0.0019236235320434741], [0.0, 0.0, 0.0, 1.0]]}, "mean_rme": {"type": "float", "data": 0.0017245010197566612}, "max_rme": {"type": "float", "data": 0.004654560710124489}, "simu": {"type": "float", "data": 0.002}}, {"type": "dict", "image_number": {"type": "int", "data": 29}, "Hcamera2end": {"type": "ndarray", "data": [[0.9999967238434221, 0.001584263287652325, -0.002010575106307022, -0.014320028675730224], [0.0020067817420307025, 0.0023923653797714994, 0.9999951246955805, 0.03663651802220944], [0.0015890655941642761, -0.999995883340389, 0.0023891782713677534, 0.03132134186584553], [0.0, 0.0, 0.0, 1.0]]}, "Hobj2base": {"type": "ndarray", "data": [[0.9999967674359478, 0.0005965274477252626, -0.0024716942891565077, -0.7343917592180984], [0.0005962784427054539, -0.999999817077067, -0.00010147833031682209, 0.08826524369189402], [-0.002471754371636322, 0.00010000418426003723, -0.9999969402100635, -0.0019396207482224267], [0.0, 0.0, 0.0, 1.0]]}, "mean_rme": {"type": "float", "data": 0.0016871364119566794}, "max_rme": {"type": "float", "data": 0.0047375746536391095}, "simu": {"type": "float", "data": 0.002}}, {"type": "dict", "image_number": {"type": "int", "data": 30}, "Hcamera2end": {"type": "ndarray", "data": [[0.9999970323372284, 0.001442417933537627, -0.0019633510234634667, -0.01441856447008303], [0.001959867067722426, 0.002412814050722245, 0.9999951686130455, 0.03666775480587592], [0.0014471481655943526, -0.9999960488716251, 0.002409979942897933, 0.03139132591963464], [0.0, 0.0, 0.0, 1.0]]}, "Hobj2base": {"type": "ndarray", "data": [[0.9999969276749062, 0.00045729108194283335, -0.0024362934171950255, -0.7343229483886157], [0.00045708246185417463, -0.9999998918237734, -8.618622250931245e-05, 0.0882412536103559], [-0.002436332565836936, 8.507237072428768e-05, -0.9999970285187454, -0.0018599396485058058], [0.0, 0.0, 0.0, 1.0]]}, "mean_rme": {"type": "float", "data": 0.0016999872446381342}, "max_rme": {"type": "float", "data": 0.004866384706516125}, "simu": {"type": "float", "data": 0.002}}]}