%YAML:1.0
---
min_Z: 0.4
max_Z: 0.7
inter_z: 5.0000000000000001e-02
inter_xy: 0.01
optic_angle: 30.
cali_type: 1
picture_number: 30
init_robot_pose: !!opencv-matrix
   rows: 7
   cols: 1
   dt: d
   data: [ 1., 0., 0., 0., 0., 4.0000000000000002e-01,
       4.4000000000000001e-01 ]
