%YAML:1.0
---
min_Z: 0.4
max_Z: 0.7
inter_z: 5.0000000000000001e-02
inter_xy: 0.01
optic_angle: 30.
cali_type: 0
picture_number: 20
init_robot_pose: !!opencv-matrix
   rows: 7
   cols: 1
   dt: d
   data: [0.08225827200997926, 0.2965296962866356, 0.2339448460856214, 0.06488011963710003, 0.40579834753484756, -0.9116181144662635, 0.008407412850446357]

