%YAML:1.0
---
Hcamera2end: !!opencv-matrix
   rows: 4
   cols: 4
   dt: d
   data: [ 1., 0., 0., -1.47989676e-02, 0., 0., 1.,
       2.93725160e-02, 0., -1., 0., 3.29182082e-02, 0.,
       0., 0., 1. ]
Hobj2base: !!opencv-matrix
   rows: 4
   cols: 4
   dt: d
   data: [ 1., 0., 0., -7.3499999999999999e-01, 0., -1., 0.,
       8.9999999999999997e-02, 0., 0., -1., 0., 0., 0., 0., 1. ]
