%YAML:1.0
---
Hcamera2end: !!opencv-matrix
   rows: 4
   cols: 4
   dt: d
   data: [ 1., 0., 0., -1.4100000000000000e-02, 0., 0., 1.,
       2.9250000000000002e-02, 0., -1., 0., 3.2399999999999998e-02, 0.,
       0., 0., 1. ]
Hobj2base: !!opencv-matrix
   rows: 4
   cols: 4
   dt: d
   data: [ 1., 0., 0., -7.3499999999999999e-01, 0., -1., 0.,
       8.9999999999999997e-02, 0., 0., -1., 0., 0., 0., 0., 1. ]
