%YAML:1.0
---
Hpencil2end: !!opencv-matrix
   rows: 4
   cols: 4
   dt: d
   data: [ 9.2572272483920337e-01, -3.5817428373924465e-01,
       -1.2144389315301046e-01, -1.4856291588816427e-03,
       3.6286585594203435e-01, 9.3166279263268814e-01,
       1.8243119670584857e-02, 4.4989296815458810e-04,
       1.0661054032193848e-01, -6.0955912688921553e-02,
       9.9243063707269985e-01, 1.6998600512168185e-01, 0., 0., 0., 1. ]
