%YAML:1.0
---
initpose: !!opencv-matrix
   rows: 7
   cols: 1
   dt: d
   data: [ 5.0000000000000011e-01, -4.9999999999999989e-01,
       -5.0000000000000000e-01, 5.0000000000000000e-01,
       -5.0000000000000000e-01, 0., 2.9999999999999999e-01 ]
