%YAML:1.0
---
intrinsic: !!opencv-matrix
   rows: 3
   cols: 3
   dt: d
   data: [ 9.5390429023616002e+02, 0., 9.9580428730789936e+02, 0.,
       9.5430982854394642e+02, 5.1377643596221412e+02, 0., 0., 1. ]
dist: !!opencv-matrix
   rows: 1
   cols: 5
   dt: d
   data: [ 1.0740085617582741e-01, -6.1283243358538145e-02,
       6.9197458177705650e-05, 2.3333082095575630e-04,
       7.6958017994246540e-04 ]
