%YAML:1.0
---
intrinsic: !!opencv-matrix
   rows: 3
   cols: 3
   dt: d
   data: [ 9.2794876394043206e+02, 0., 9.4629663906031283e+02, 0.,
       9.2716955383835273e+02, 5.5072116836562554e+02, 0., 0., 1. ]
dist: !!opencv-matrix
   rows: 1
   cols: 5
   dt: d
   data: [ 7.5495160141626202e-02, -2.3659718059790030e-02,
       3.5520027226317659e-04, -2.1220818253214212e-05,
       -8.3778059498691628e-03 ]
