%YAML:1.0
---
intrinsic: !!opencv-matrix
   rows: 3
   cols: 3
   dt: d
   data: [ 9.3288647775859783e+02, 0., 9.6432850993446436e+02, 0.,
       9.3369575160847535e+02, 5.6148661409049089e+02, 0., 0., 1. ]
dist: !!opencv-matrix
   rows: 1
   cols: 5
   dt: d
   data: [ 9.6201900577778776e-02, -1.0595892272098473e-01,
       5.1987093321176142e-04, -1.6423861197104660e-03,
       6.0110369483185107e-02 ]
