%YAML:1.0
---
intrinsic: !!opencv-matrix
   rows: 3
   cols: 3
   dt: d
   data: [ 9.3366541632882286e+02, 0., 9.5577575619622314e+02, 0.,
       9.3259421391973001e+02, 5.4324797488146942e+02, 0., 0., 1. ]
dist: !!opencv-matrix
   rows: 1
   cols: 5
   dt: d
   data: [ 9.2003642936610452e-02, -6.0243010299961847e-02,
       -3.7340139617016561e-04, 1.6402847499068896e-04,
       1.5180665034598849e-02 ]
