%YAML:1.0
---
intrinsic: !!opencv-matrix
   rows: 3
   cols: 3
   dt: d
   data: [ 9.3055337592928936e+02, 0., 9.5100276709979687e+02, 0.,
       9.3013886803758385e+02, 5.4623843082065582e+02, 0., 0., 1. ]
dist: !!opencv-matrix
   rows: 1
   cols: 5
   dt: d
   data: [ 1.0658891145811515e-01, -1.1176443085536338e-01,
       3.6317933343790797e-04, -1.7104882061197617e-03,
       6.5871662827102426e-02 ]