%YAML:1.0
---
intrinsic: !!opencv-matrix
   rows: 3
   cols: 3
   dt: d
   data: [ 909.886, 0., 957.169, 0.,
       909.614, 552.259, 0., 0., 1. ]
dist: !!opencv-matrix
   rows: 1
   cols: 8
   dt: d
   data: [ 0.635637, -2.77157, 0.000978, -0.00046, 1.57585, 0.51608, -2.60532, 1.50846 ]
