%YAML:1.0
---
mu_q: 0.0
simu_q: 0.002
mu_t: 0.0
simu_t: 0.002