<?xml version="1.0"?>
<opencv_storage>
<Homo_cam2gripper type_id="opencv-matrix">
  <rows>4</rows>
  <cols>4</cols>
  <dt>d</dt>
  <data>
    3.9565809019146037e-01 -8.5986962069309114e-01
    3.2261263316114197e-01 5.6703577951031150e+00
    -9.1839463699277357e-01 -3.6950774291408783e-01
    1.4147550554582922e-01 -4.0060009506758156e+00
    -2.4426233761113969e-03 -3.5226164045444402e-01
    -9.3589837602989068e-01 2.1059967368316865e+02 0. 0. 0. 1.</data></Homo_cam2gripper>
</opencv_storage>
